8.72408058334052e-09
4.069886117582819e-07
5.331674213337766e-07
6.097964629158913e-07
6.921916784296963e-07
7.693467255760224e-07
8.545119112220504e-07
8.770976744662378e-07
9.249296500820974e-07
9.546448093454183e-07
9.991972336211612e-07
1.0087536619062079e-06
1.0507178645892283e-06
1.0338792838615529e-06
1.0827397049153661e-06
1.1573395379870167e-06
1.169957308487152e-06
1.1602232236227556e-06
1.1709047245255273e-06
1.1758965462233742e-06
1.2282979782295707e-06
1.1991670248410443e-06
1.2107780375918784e-06
1.2334062265856276e-06
1.2743639081522152e-06
1.2453163822882668e-06
1.2555649656981237e-06
1.2958625661427078e-06
1.3828340107093823e-06
1.3266938042569046e-06
1.2808027325928456e-06
1.2649642375974675e-06
1.2793265412111452e-06
1.327919186922951e-06
1.3488315296182248e-06
1.3881401696685491e-06
1.354227209143717e-06
1.3597927678364563e-06
1.3850570741044606e-06
1.3617879876434697e-06
1.3694776714674304e-06
1.3715786089792773e-06
1.3970795335276997e-06
1.419705308767203e-06
1.4381544151409166e-06
1.4122362028515659e-06
1.471831703178729e-06
1.4772661024937877e-06
1.4978488783351645e-06
1.4990674910500689e-06
1.4476424922631305e-06
1.40922272332707e-06
1.3232972062142e-06
1.3351331371159052e-06
1.3713278444455972e-06
1.425228778042714e-06
1.4491988415618386e-06
1.3369760398333515e-06
1.3583541990158882e-06
1.3978182512194535e-06
1.4221074882360534e-06
1.4529706125721369e-06
1.4488638584903095e-06
1.4809206798320837e-06
1.4480204493500092e-06
1.4061012202331532e-06
1.434305052340204e-06
1.374264310495701e-06
1.409888379323332e-06
1.405656293100986e-06
1.438990218921088e-06
1.473968732091275e-06
1.4379680857641078e-06
1.325643522300474e-06
1.3312112982722364e-06
1.3509626928155219e-06
1.390674752229354e-06
1.3471302934477608e-06
1.3564089637737447e-06
1.313769896906846e-06
1.415102089969681e-06
1.4683608897831236e-06
1.4567305813964578e-06
1.5013025107356436e-06
1.479747685935222e-06
1.4632307685917493e-06
1.4817201513296462e-06
1.467391588252998e-06
1.4399558890211188e-06
1.4486296719120624e-06
1.3841693302445403e-06
1.3697132995283407e-06
1.420037711573594e-06
1.4376069984357489e-06
1.4524151043419955e-06
1.4258754324881633e-06
1.4089279788532038e-06
1.4286077320286963e-06
1.4707871834942994e-06
1.5056247061294617e-06
1.5057307656634387e-06
1.464444429827526e-06
1.4506415375274762e-06
1.3786980858612336e-06
1.3916173433640629e-06
1.4336950190556259e-06
1.4057028465643733e-06
1.4096032556686672e-06
1.4499344012092265e-06
1.3864638050472855e-06
1.3573634560558831e-06
1.387794344528402e-06
1.3974342255795583e-06
1.3550064712404515e-06
1.281626772902857e-06
1.3123280508832877e-06
1.3174348635138826e-06
1.287549112769823e-06
1.2651790063117382e-06
1.2864472940567613e-06
1.3613805257336917e-06
1.367766619342707e-06
1.4182596686934928e-06
1.41240399705011e-06
1.4177102087564237e-06
1.4312133430105159e-06
1.44846517057224e-06
1.4782921017661971e-06
1.4139437800714408e-06
1.4883557895766819e-06
1.4797727502213727e-06
1.4144302114600435e-06
1.4410027445808669e-06
1.4553547872054005e-06
1.4309921191900175e-06
1.4089130497303308e-06
1.3246870481153178e-06
1.3163896978746136e-06
1.342960050760648e-06
1.3257891973733384e-06
1.431669876546216e-06
1.3797114934780556e-06
1.432677892777918e-06
1.4545068458596215e-06
1.4311348448554308e-06
1.3723008301036934e-06
1.3847009475625015e-06
1.3947630442184133e-06
1.3754339468799399e-06
1.3801149439409048e-06
1.3811607120731985e-06
1.3769546977464154e-06
1.3590963294948292e-06
1.3500550223338838e-06
1.3904323205586733e-06
1.3847828461679818e-06
1.3771011016849763e-06
1.4073406719891686e-06
1.3525027183178803e-06
1.4119319941802581e-06
1.4060484197895981e-06
1.3663028019804077e-06
1.423144344751944e-06
1.367505812282119e-06
1.3728846715478056e-06
1.3500903468470413e-06
1.3974834847471813e-06
1.3811268847848242e-06
1.348715270121512e-06
1.3842925270040458e-06
1.3401659523238013e-06
1.386567752494834e-06
1.3408401954736697e-06
1.3830117606315472e-06
1.3415394059655173e-06
1.3435941893617861e-06
1.4137693741166028e-06
1.4415424173350321e-06
1.369750384527845e-06
1.40524029283146e-06
1.433661166197282e-06
1.4694236065892812e-06
1.4526671851906577e-06
1.4594909370672978e-06
1.4059379210376358e-06
1.3389975619745812e-06
1.3516234199037431e-06
1.3862664339885538e-06
1.3202267283011753e-06
1.3211596687320977e-06
1.3670751792914402e-06
1.3812812896439752e-06
1.3426267853344045e-06
1.3559242052413214e-06
1.307737550694382e-06
1.3334039673549033e-06
1.3533393582835016e-06
1.4060586301725648e-06
1.389013182719816e-06
1.3198129908747878e-06
1.421393346388513e-06
1.3688244275187367e-06
1.3728051386753767e-06
1.3414620325581743e-06
1.3524336655200596e-06
1.3303147005333332e-06
1.3067558348967534e-06
1.2498220977821156e-06
1.2819033125097085e-06
1.3104675215594685e-06
1.400333444049281e-06
1.3598092210720899e-06
1.3425372138642373e-06
1.3443389237676887e-06
1.3689709097741089e-06
1.397806837861486e-06
1.3832103837453498e-06
1.4117241675887625e-06
1.4042076840351205e-06
1.4511676810753685e-06
1.4398049366075516e-06
1.4254586295960333e-06
1.4645024223941761e-06
1.4190507058546924e-06
1.3775207698338322e-06
1.3371452361039117e-06
1.3077109841782276e-06
1.3735643038939783e-06
1.443724832088762e-06
1.434905566793676e-06
1.402561514744048e-06
1.4568577825180133e-06
1.4579009144631434e-06
1.415106693684869e-06
1.4630587585540905e-06
1.4777679851370483e-06
1.4297768378128185e-06
1.4309356188676596e-06
1.3756828055726733e-06
1.3579017099845453e-06
1.35659718511778e-06
1.3955891002760737e-06
1.3808898502136048e-06
1.3807297017608262e-06
1.33081494963987e-06
1.40492294677293e-06
1.3952769687614713e-06
1.3664901380211523e-06
1.317757304271772e-06
1.304807937325811e-06
1.3279771720369404e-06
1.3976107608439386e-06
1.4112484206673358e-06
1.4558731329859174e-06
1.4413257924501095e-06
1.4522062992138588e-06
1.4293306844640827e-06
1.3647128304763112e-06
1.352944959493865e-06
1.3564929378775303e-06
1.3565092308032685e-06
1.3214619354338927e-06
1.3853719921191173e-06
1.3697473103816308e-06
1.4303945421347278e-06
1.3858145511261584e-06
1.369652213239016e-06
1.4020196441944211e-06
1.3683934356785487e-06
1.398881299079299e-06
1.3999388156201156e-06
1.439198445200785e-06
1.4476655729683856e-06
1.3333378347200613e-06
1.360836474959282e-06
1.4103091868060308e-06
1.3673864417429272e-06
1.369078360552423e-06
1.3498495027328184e-06
1.3810930215768188e-06
1.4237278983854188e-06
1.4314096671008473e-06
1.4562192218033132e-06
1.425737937216479e-06
1.425908589809896e-06
1.4075544609216528e-06
1.3795346582267774e-06
1.3106479671825458e-06
1.2414161746572064e-06
1.2939206830365503e-06
1.3160827072407488e-06
1.3560396732317364e-06
1.3721291176305756e-06
1.4073420747475134e-06
1.4442543971773805e-06
1.3940954870854834e-06
1.4565968988793974e-06
1.370246371186609e-06
1.374032908807059e-06
1.3803860906704286e-06
1.3833133246367077e-06
1.3784563372936764e-06
1.393657480823995e-06
1.3598380021305084e-06
1.347005200502549e-06
1.3170234136690992e-06
1.3234620529444287e-06
1.344034869176145e-06
1.3507692819954413e-06
1.3249842225184106e-06
1.412440561809267e-06
1.4122497607371475e-06
1.473293716079092e-06
1.4382593367402485e-06
1.4306226790931426e-06
1.477603054954613e-06
1.4741661187038784e-06
1.5188229507950001e-06
1.5371265521780802e-06
1.5292309564004553e-06
1.5112351821189441e-06
1.4638010773331885e-06
1.4575358078646978e-06
1.4297404366095575e-06
1.3984933279020245e-06
1.432666702172742e-06
1.4134839694849967e-06
1.4513050315689911e-06
1.4547330303415463e-06
1.4066713190282173e-06
1.3951663047807655e-06
1.3602199798404395e-06
1.2955702582415779e-06
1.314385879103558e-06
1.2957462170167217e-06
1.2785083438191395e-06
1.2817534952465278e-06
1.3492522067074938e-06
1.2944780856297161e-06
1.3342037399033293e-06
1.3805813340954943e-06
1.3633281103683518e-06
1.3796275357137654e-06
1.3927210315049385e-06
1.3987363122911712e-06
1.4355251910981252e-06
1.3722455818341138e-06
1.365999382192555e-06
1.447567223860266e-06
1.453233947873529e-06
1.4565338103820417e-06
1.4364535083341772e-06
1.3951462014837075e-06
1.3545624829054437e-06
1.3861802901044487e-06
1.4005430860648654e-06
1.3757717030201246e-06
1.4279268294731259e-06
1.4313159090147428e-06
1.4356228440725244e-06
1.4063519549848888e-06
1.4139292848328507e-06
1.4131548425792636e-06
1.3392144743230753e-06
1.3228101877287065e-06
1.3414474097708234e-06
1.3821273667286777e-06
1.3659879172461082e-06
1.298966540872316e-06
1.287323284636201e-06
1.3477860680471714e-06
1.359286419659449e-06
1.3836568766321395e-06
1.3573868069500515e-06
1.4056588782716787e-06
1.4254355693119272e-06
1.444606801978654e-06
1.3840274977555713e-06
1.3554752774717344e-06
1.3729027407959605e-06
1.459963588401889e-06
1.4285430290797074e-06
1.4000883841094963e-06
1.3568731231751996e-06
1.4098154977600804e-06
1.4612989999069317e-06
1.3949289917111924e-06
1.3622219751937953e-06
1.3437643771167878e-06
1.3677604081871903e-06
1.363397240383501e-06
1.3938306674138447e-06
1.4537692828754637e-06
1.4148579745928674e-06
1.4492699100531002e-06
1.4179354161797975e-06
1.4644587535100395e-06
1.41859293162847e-06
1.3980097357109447e-06
1.3924774733374549e-06
1.362546362495262e-06
1.3129186277161163e-06
1.2996240592158172e-06
1.3462904319557598e-06
1.3612633204560605e-06
1.3504570587232561e-06
1.3469257092534068e-06
1.2872879756869207e-06
1.2480072353352548e-06
1.2933835871242176e-06
1.340738898938507e-06
1.3142545665174459e-06
1.3228463688141326e-06
1.3915756373612585e-06
1.4243474792002683e-06
1.4538943473866454e-06
1.4077541394533823e-06
1.432544005300462e-06
1.4999155546463017e-06
1.456091257185226e-06
1.454823619459196e-06
1.4494543475075215e-06
1.3971120961764183e-06
1.360495961556746e-06
1.3856501726037947e-06
1.3967866934944492e-06
1.4080800862614125e-06
1.458570515236275e-06
1.455101039422871e-06
1.4754391718275935e-06
1.5265159009701898e-06
1.4770372101907752e-06
1.3903773693735422e-06
1.3685510710127823e-06
1.4318231879771318e-06
1.3764445561798883e-06
1.4075709937665566e-06
1.4517620930896451e-06
1.4576480216697734e-06
1.4466034436085002e-06
1.497403174546161e-06
1.4937626760105184e-06
1.4618715006203069e-06
1.3534681957409192e-06
1.3339665176402307e-06
1.30737439864611e-06
1.2633853179680128e-06
1.2498160928094702e-06
1.269543076706325e-06
1.3643097767139695e-06
1.3684006384781798e-06
1.3959887288075079e-06
1.3512534767652745e-06
1.356848433864161e-06
1.309708913354044e-06
1.3070936941033591e-06
1.3546005776308238e-06
1.3598502830096683e-06
1.3620875379883486e-06
1.3872470712364812e-06
1.4296370268918921e-06
1.406195921226301e-06
1.3440922111022883e-06
1.391763315843405e-06
1.3210796571359464e-06
1.3492340931572824e-06
1.3774172959758903e-06
1.393019294361016e-06
1.3896774287104784e-06
1.3801478372223471e-06
1.4351553698639298e-06
1.3866081027111584e-06
1.3765513843523205e-06
1.4410709539416474e-06
1.3875724517739086e-06
1.3490774586608571e-06
1.422697167585719e-06
1.4010973150081244e-06
1.3996405455337344e-06
1.3996694364817271e-06
1.3071857461981055e-06
1.2992251823765121e-06
1.2944396165029607e-06
1.3316522421865123e-06
1.3248425928838098e-06
1.2713122394475979e-06
1.2753542039584782e-06
1.228645867389188e-06
1.2773890556388795e-06
1.2637955988281704e-06
1.3880853981920116e-06
1.3714922794327015e-06
1.3664105754983538e-06
1.3630263757635246e-06
1.3935820082466006e-06
1.3815640760863387e-06
1.4490005582135052e-06
1.3875577274894342e-06
1.3721094611148692e-06
1.3727445555655247e-06
1.3757879719993626e-06
1.3616923294481828e-06
1.3975847706363936e-06
1.4259562733394553e-06
1.3884751061720373e-06
1.3734491608020668e-06
1.3116042655345263e-06
1.3131138830898186e-06
1.2926115205051971e-06
1.273196023177341e-06
1.2882565558212108e-06
1.3436052551064738e-06
1.3390071375264549e-06
1.3583128769480631e-06
1.3953788095720785e-06
1.425336971855457e-06
1.3763799280902659e-06
1.4485013873792074e-06
1.503939860369576e-06
1.5086231841368181e-06
1.4884471963325226e-06
1.4701269913795486e-06
1.464546435822683e-06
1.4341199713617526e-06
1.4651392692886692e-06
1.43359254983131e-06
1.4374081290842217e-06
1.4566888053408923e-06
1.3942425211046557e-06
1.3723011902595417e-06
1.3696025105001204e-06
1.374089613439606e-06
1.3438488725599394e-06
1.3203862843441125e-06
1.351995599164995e-06
1.3029366688090159e-06
1.3042027699400413e-06
1.3708862197223291e-06
1.3858593566079603e-06
1.3389152225785002e-06
1.3256194823650208e-06
1.3118269750832705e-06
1.2840267795761456e-06
1.2759394166989722e-06
1.3476678828162757e-06
1.3285506420614732e-06
1.2980296740198131e-06
1.2998579480259198e-06
1.3126660359575996e-06
1.3534169450698478e-06
1.3384891061143427e-06
1.3420506832777493e-06
1.3702802705210475e-06
1.3872016146047927e-06
1.4064367079393325e-06
1.3845548884550654e-06
1.3812552140847956e-06
1.4143527690387156e-06
1.362608187718559e-06
1.4205692988804916e-06
1.3421572215072982e-06
1.338754900449951e-06
1.3096080610247575e-06
1.3017974776938615e-06
1.2784949974912036e-06
1.286166734307774e-06
1.3162885969381615e-06
1.3691323857734163e-06
1.3925646443761162e-06
1.4292739698123382e-06
1.4129942027017098e-06
1.3789313925914685e-06
1.4121516608004137e-06
1.3466623325663518e-06
1.3684299795247224e-06
1.3226308478261316e-06
1.3594320797993266e-06
1.3333189217701136e-06
1.3152627619208716e-06
1.302889130841125e-06
1.2451051184368114e-06
1.2720738749054166e-06
1.3135620281387346e-06
1.3475743560045564e-06
1.3129998972367657e-06
1.2962375897072177e-06
1.35250308088843e-06
1.3486311657912899e-06
1.3043777693755093e-06
1.24566173225317e-06
1.2630701783741373e-06
1.3215813224359846e-06
1.2869512013871377e-06
1.288039576880422e-06
1.2841173002209767e-06
1.2787895350774832e-06
1.3167454256915865e-06
1.3326373685268833e-06
1.3397166638151382e-06
1.2977301676213126e-06
1.3391038053627045e-06
1.3659258720753279e-06
1.3898613513614246e-06
1.3559220547391948e-06
1.3239306604685204e-06
1.2519482143525754e-06
1.2075316806241528e-06
1.2346777455903554e-06
1.3080010464943314e-06
1.2924857958112299e-06
1.2651219298895362e-06
1.2636840492375334e-06
1.288613189011559e-06
1.3229869316280656e-06
1.291836334646588e-06
1.288179850873674e-06
1.2919412024147863e-06
1.3953007046073148e-06
1.3433219549096375e-06
1.325362158296845e-06
1.3780655240480925e-06
1.4186776471557662e-06
1.4149203270862664e-06
1.438475934997189e-06
1.4438183297152672e-06
1.4487919236704988e-06
1.480563519263956e-06
1.4393223630300843e-06
1.404985541954042e-06
1.3859580547510902e-06
1.4029552884737762e-06
1.375197236188535e-06
1.375402703809187e-06
1.3520722893744776e-06
1.324268175880594e-06
1.2968748565172784e-06
1.3517526035177976e-06
1.3257457849816645e-06
1.336534969184992e-06
1.3133918004053081e-06
1.4093139250815434e-06
1.4106256481816424e-06
1.4229600581616765e-06
1.3842257101680872e-06
1.400165519007848e-06
1.4072995020581452e-06
1.418485138405308e-06
1.3861457824146917e-06
1.3868361800103435e-06
1.5056328839986567e-06
1.4616433135856756e-06
1.420538001532204e-06
1.4309496034559146e-06
1.3864695933179998e-06
1.395960036138394e-06
1.3259732941252207e-06
1.2850269925335722e-06
1.317885915315795e-06
1.3802800992740298e-06
1.3739932634477322e-06
1.4628499079301242e-06
1.4324206844596773e-06
1.469430392033282e-06
1.4661525824013036e-06
1.4722647710716036e-06
1.4841243482061057e-06
1.5289655638416454e-06
1.5720787657811741e-06
1.5026884440742437e-06
1.5240784315100402e-06
1.5033407243916017e-06
1.4240894843822827e-06
1.4214370348481048e-06
1.4775199033110042e-06
1.3524870289780642e-06
1.3346809460366967e-06
1.273290598903925e-06
1.3410013679084135e-06
1.3410086912476411e-06
1.3723713130700115e-06
1.336031908089494e-06
1.3199497776319341e-06
1.3285378127999403e-06
1.4037600034706258e-06
1.397454249473575e-06
1.3755491675846865e-06
1.3602469567943125e-06
1.32111841782142e-06
1.3435390635417772e-06
1.369843681227079e-06
1.3788141268849847e-06
1.3755732920592414e-06
1.3674961386227395e-06
1.3758046433042344e-06
1.3249774220464228e-06
1.2880303388233594e-06
1.2734949932800159e-06
1.3308938043012077e-06
1.3077547550069763e-06
1.3170993978565164e-06
1.3145787581465914e-06
1.3557549679476393e-06
1.3789006816182136e-06
1.4069177941234188e-06
1.4138919940975959e-06
1.3564403164793499e-06
1.3791604899179118e-06
1.3223101476375093e-06
1.2930236389085774e-06
1.2825925852662658e-06
1.2653661543384346e-06
1.309017823116538e-06
1.2752098877245294e-06
1.315652145750533e-06
1.340836250115998e-06
1.2868255179390587e-06
1.3150434365488114e-06
1.2841588340797938e-06
1.2885126663719722e-06
1.3601523344642816e-06
1.3924215063374385e-06
1.4038025610646734e-06
1.4119400388886815e-06
1.3579284507406653e-06
1.3376277218088447e-06
1.3600915174019442e-06
1.2879711672615188e-06
1.3393934939336269e-06
1.2962188657088778e-06
1.340346873245619e-06
1.383937903268745e-06
1.3725303928526298e-06
1.3640105770608404e-06
1.3455910181182224e-06
1.3324500909229656e-06
1.2859641641750327e-06
1.3279805174133726e-06
1.3705135495115835e-06
1.450089089092604e-06
1.4356403538530863e-06
1.4483058501940745e-06
1.4196924402237141e-06
1.3965464893491288e-06
1.383084023972286e-06
1.4179192502265622e-06
1.4026213781549371e-06
1.376361881923593e-06
1.3738274155079433e-06
1.3510224276893268e-06
1.3352817748439033e-06
1.3920738976554676e-06
1.3874723611703649e-06
1.410495885859583e-06
1.3204991242230897e-06
1.295805975875729e-06
1.2573135494072093e-06
1.206959643900896e-06
1.2379976671964915e-06
1.2498710916471412e-06
1.3073733189495156e-06
1.3221380165765415e-06
1.3217962972835098e-06
1.3194607438044158e-06
1.3373884317145796e-06
1.3042477338504846e-06
1.2894961608369778e-06
1.2941235381234234e-06
1.308690001607623e-06
1.2567479498696055e-06
1.276471578530685e-06
1.255260620223657e-06
1.2889534644296914e-06
1.2711019624810083e-06
1.2749102609988223e-06
1.265355152059693e-06
1.2883347731619608e-06
1.2787395393836124e-06
1.2690379926898757e-06
1.317849673904628e-06
1.326971381688164e-06
1.3233487518127385e-06
1.3478916351457376e-06
1.3019020819914658e-06
1.3027165053207098e-06
1.3468133047245405e-06
1.3501048322464279e-06
1.3289717220192076e-06
1.3909521866172387e-06
1.323201893304797e-06
1.3157539419172955e-06
1.3008843285995092e-06
1.3637859704641547e-06
1.3380763377169138e-06
1.2766089928694304e-06
1.273474435062897e-06
1.3145931616836381e-06
1.260901022742479e-06
1.2602499726895302e-06
1.3260635682786288e-06
1.3941096474550427e-06
1.3760260255354492e-06
1.3617369276117014e-06
1.3634396466373906e-06
1.3122980767612951e-06
1.3620066729591027e-06
1.3541627703837645e-06
1.3456970371765933e-06
1.359847817801652e-06
1.4023984778550757e-06
1.3285854331443887e-06
1.3832584040001997e-06
1.4009512474948886e-06
1.4578301128465042e-06
1.4949629391069923e-06
1.500027794824294e-06
1.4585446136514251e-06
1.4825934540398217e-06
1.4656772023530206e-06
1.4101775586581715e-06
1.4065322430066195e-06
1.3702703745557615e-06
1.365318789245261e-06
1.3896441526390218e-06
1.4126637039472147e-06
1.3856154547559918e-06
1.435367068743296e-06
1.418655245845958e-06
1.4480221192264522e-06
1.415784804415481e-06
1.3588755030389224e-06
1.3288739589807272e-06
1.295290502498218e-06
1.3485485810194468e-06
1.309293696936318e-06
1.292297513964007e-06
1.275592997185724e-06
1.2671198905269196e-06
1.2779685890018545e-06
1.2359443679729959e-06
1.207402112461261e-06
1.2239783493283838e-06
1.3040588178079876e-06
1.3446843257497688e-06
1.3938883615754887e-06
1.4259088048428462e-06
1.428327623796438e-06
1.407523419305207e-06
1.381112281516633e-06
1.3260497126106792e-06
1.4104613031036804e-06
1.4296045861113331e-06
1.4699520192961204e-06
1.4561834801156794e-06
1.4258548222183966e-06
1.456021431496276e-06
1.4588323667758227e-06
1.464284294930219e-06
1.5384800632878262e-06
1.4391222072776266e-06
1.4592066366619381e-06
1.3933777932021636e-06
1.4960276535052088e-06
1.442532001466233e-06
1.4167887176628204e-06
1.4513064338461208e-06
1.421957586839137e-06
1.3979862316110025e-06
1.3714994723813661e-06
1.4150239309466101e-06
1.4205405305056576e-06
1.4656438770844386e-06
1.4313978660066734e-06
1.4092270645917136e-06
1.3553013508247242e-06
1.4048052701650657e-06
1.3659519344020087e-06
1.417622548238286e-06
1.363357339483269e-06
1.3408391619775836e-06
1.3034882153244964e-06
1.3076258173598623e-06
1.321117070802927e-06
1.374165750551708e-06
1.3726585355985641e-06
1.4674288317887454e-06
1.4477638263793539e-06
1.4599097949857945e-06
1.4128651746424556e-06
1.4102458554149605e-06
1.386631008180719e-06
1.373091973416579e-06
1.3249272186164709e-06
1.3385945466238771e-06
1.2877238402767003e-06
1.3009454065348775e-06
1.3237872473658123e-06
1.3502560203306572e-06
1.384907131446206e-06
1.3849303427607406e-06
1.3581758105984697e-06
1.3854141688198157e-06
1.3608441690219415e-06
1.3014856239880637e-06
1.2707169853458925e-06
1.2966707208828841e-06
1.307997080771904e-06
1.3969830703893829e-06
1.4019686621220821e-06
1.4380917823333184e-06
1.3938469792334575e-06
1.4216912072776223e-06
1.4993209838059258e-06
1.3643590848874051e-06
1.3715285145506189e-06
1.4069716606450473e-06
1.410395367590898e-06
1.413832449757862e-06
1.4518721261326006e-06
1.4341309684406067e-06
1.404574702259653e-06
1.4432118588923452e-06
1.4180374223272734e-06
1.312533242092462e-06
1.3497675453377397e-06
1.3331466581461236e-06
1.3325406298152055e-06
1.3312281482596663e-06
1.3755059588558156e-06
1.310975144574118e-06
1.2640227895272584e-06
1.277911541286776e-06
1.2978645670325034e-06
1.2338120103809521e-06
1.223257006332078e-06
1.2736105193234881e-06
1.3213008859603997e-06
1.3393863598522236e-06
1.3270769213612936e-06
1.3284465586738316e-06
1.3246772594213072e-06
1.389591292840435e-06
1.3793979154842962e-06
1.4037540430049402e-06
1.4000247496091332e-06
1.4377132953816113e-06
1.3940219051675339e-06
1.3667902541021981e-06
1.4224207290889794e-06
1.3918563868011377e-06
1.3595871629600819e-06
1.28777980645475e-06
1.3205167071464745e-06
1.4089794639559346e-06
1.4042439382450104e-06
1.4158233112621025e-06
1.436308814815741e-06
1.45348834893853e-06
1.4129904735482905e-06
1.4649490908685092e-06
1.4839959472087124e-06
1.5018992104263713e-06
1.4448102782300805e-06
1.474357621169903e-06
1.4937630705866235e-06
1.5292360799629524e-06
1.5157099077605149e-06
1.4317453333150054e-06
1.409435498557826e-06
1.4119467214090565e-06
1.3658624033077739e-06
1.3727120035068362e-06
1.4210008093835764e-06
1.5143045565401418e-06
1.5271746083064874e-06
1.466368817600453e-06
1.526068584233399e-06
1.6051855359291046e-06
1.5712309649294988e-06
1.5659288708898795e-06
1.5265232536286391e-06
1.5022613309665344e-06
1.5775796184694304e-06
1.5101115803910792e-06
1.5518956189489174e-06
1.6048018552070533e-06
1.5266043652802343e-06
1.5074888977882542e-06
1.4752190434095307e-06
1.421812100180453e-06
1.3540690508724065e-06
1.3593194741474214e-06
1.3866870070109206e-06
1.4077958022513982e-06
1.4341030056914827e-06
1.3991419991972294e-06
1.492978450556143e-06
1.4465755178916524e-06
1.46969362294432e-06
1.4427262352969125e-06
1.4754666408989207e-06
1.4540292891813165e-06
1.4274125911776411e-06
1.4154445159124216e-06
1.4117247789002087e-06
1.4464021690825808e-06
1.480950940084347e-06
1.4650117727170872e-06
1.4450211119327092e-06
1.4647585867720797e-06
1.4155689856436316e-06
1.3750394320823831e-06
1.3049732512322559e-06
1.3738240026923384e-06
1.3757966470232513e-06
1.4010366488985342e-06
1.4153049930886981e-06
1.3907496895867228e-06
1.4427313391215599e-06
1.4457980618011234e-06
1.4680908712290678e-06
1.4350377459056462e-06
1.390422876515043e-06
1.3580923340608766e-06
1.408156188808383e-06
1.3485838737706945e-06
1.3521111975437037e-06
1.3737335513092305e-06
1.3535571076242912e-06
1.4466894578623859e-06
1.458467869854003e-06
1.482292285869171e-06
1.4773199078206931e-06
1.430208574064381e-06
1.4183500150432015e-06
1.4236276654031806e-06
1.46445880758815e-06
1.4461671886605525e-06
1.4340244992340864e-06
1.4249715174975637e-06
1.4532543519368168e-06
1.3882256264537472e-06
1.3459400114470876e-06
1.3541938544929779e-06
1.337942788556451e-06
1.3293034371545513e-06
1.37367896461553e-06
1.3622888502029223e-06
1.3282644788862264e-06
1.3010678049410642e-06
1.2741382367640246e-06
1.271670373067552e-06
1.328044487812353e-06
1.331818584548938e-06
1.2773623806824135e-06
1.312727439114978e-06
1.3128682347564611e-06
1.294876394620534e-06
1.303422927660914e-06
1.2926834130567194e-06
1.319078239883709e-06
1.2865301968739675e-06
1.2456510974937818e-06
1.3032912287271454e-06
1.2588214643595977e-06
1.2739897993079326e-06
1.301866712430015e-06
1.317369305630926e-06
1.3240105321009977e-06
1.2793390687439573e-06
1.3487421538451689e-06
1.3530999920767145e-06
1.3739960468106242e-06
1.3494737502280783e-06
1.2743860655604296e-06
1.2942113371932433e-06
1.270152052457306e-06
1.3113220150600834e-06
1.3814288242395455e-06
1.3725696465860862e-06
1.4222084306425992e-06
1.4244335314470147e-06
1.3922759983276384e-06
1.4113478059092304e-06
1.4049133319778937e-06
1.4290624340972153e-06
1.4226896594205864e-06
1.4071107076204796e-06
1.4224963294932201e-06
1.4613664529487594e-06
1.473567436108758e-06
1.4572290822850349e-06
1.4713942113947494e-06
1.411905299485941e-06
1.4322695506178228e-06
1.3971074403658012e-06
1.3635812973549585e-06
1.3754640742388535e-06
1.386201443489658e-06
1.3490195385655786e-06
1.3202212595118305e-06
1.3574567627557105e-06
1.312496141173155e-06
1.2943983623632863e-06
1.2875039974076646e-06
1.3082282276761051e-06
1.3652631844586952e-06
1.3378796273574289e-06
1.3170794354462761e-06
1.2901312706560597e-06
1.2628996463597683e-06
1.2277410859141347e-06
1.2602308896698482e-06
1.241939067628684e-06
1.3868749478348449e-06
1.4683831164412535e-06
1.507899784885495e-06
1.3978956468491208e-06
1.4023113443064804e-06
1.42736033657864e-06
1.4360364708085658e-06
1.4040048095757662e-06
1.3725742994784443e-06
1.375379779989369e-06
1.390772330666646e-06
1.357913398904927e-06
1.3395293270439344e-06
1.3189530266736507e-06
1.3547299367641826e-06
1.3508653369732903e-06
1.422704167316562e-06
1.401276169808301e-06
1.3826150140160686e-06
1.3626267688778397e-06
1.3735643325934828e-06
1.3038936908596236e-06
1.2581944036789871e-06
1.2466002546707249e-06
1.241944417668227e-06
1.3064942785455653e-06
1.3099447077727137e-06
1.3785042050805049e-06
1.3825471346202888e-06
1.3949643720971449e-06
1.3528478753010566e-06
1.4103321178153948e-06
1.3548450456680498e-06
1.3493279205965558e-06
1.3341488147837353e-06
1.307008692906443e-06
1.3069158300420499e-06
1.4153947733239844e-06
1.4619253418222105e-06
1.4046193799403435e-06
1.3806352051127656e-06
1.3869848864856178e-06
1.4213293604762594e-06
1.381139716306456e-06
1.4251151297443428e-06
1.4631969932083473e-06
1.4559220304040728e-06
1.401840927452621e-06
1.3885528875924257e-06
1.4529807729553594e-06
1.4000738019414097e-06
1.3984714561492544e-06
1.4459383990655051e-06
1.3728874975113405e-06
1.4029232250699997e-06
1.4210716751517702e-06
1.4107774977019929e-06
1.4073258922782177e-06
1.3910557045505508e-06
1.3334152639846407e-06
1.3238014676232143e-06
1.327331603208128e-06
1.2776691287587557e-06
1.332651016422385e-06
1.3045174908198543e-06
1.291649327095903e-06
1.2545513930273045e-06
1.2866335656962198e-06
1.3558214174560987e-06
1.3731464210684368e-06
1.409709941379245e-06
1.415647043582713e-06
1.4073564252398743e-06
1.4271123940562764e-06
1.3664666071719753e-06
1.3652533184621924e-06
1.3977995030441787e-06
1.3981972508164809e-06
1.3604713796089853e-06
1.4418674218411806e-06
1.464938676999407e-06
1.4500342735426506e-06
1.5635802529664511e-06
1.511978081655013e-06
1.5059772117899566e-06
1.5202295212031656e-06
1.5301286779153444e-06
1.5067567934857397e-06
1.4516052419562401e-06
1.390235688076314e-06
1.3859357649711856e-06
1.370978879217164e-06
1.4012957197290938e-06
1.4461031485433653e-06
1.4483344224151324e-06
1.4744965325337834e-06
1.5123537886870168e-06
1.4561634710099504e-06
1.4107177813350449e-06
1.402488036451131e-06
1.3135179397980052e-06
1.3050755115749545e-06
1.3777307430193873e-06
1.3656084741627065e-06
1.3617924382056366e-06
1.4000656068653872e-06
1.3525345191757334e-06
1.3786960530960042e-06
1.3476412947104236e-06
1.3716511485798827e-06
1.3539928619267636e-06
1.3711428080254624e-06
1.3486816919395314e-06
1.3923537941729096e-06
1.2966116050996637e-06
1.2674849395571586e-06
1.2712712819866813e-06
1.3982046910714453e-06
1.3912071545893859e-06
1.4767378830765585e-06
1.4211661312333787e-06
1.4236819377099579e-06
1.4305222418525713e-06
1.4208681206850167e-06
1.4432218553233802e-06
1.4869669534831575e-06
1.4210421782721575e-06
1.4476244472087966e-06
1.4180482321436994e-06
1.441220726510231e-06
1.3621423304523083e-06
1.3664834811210095e-06
1.3667018905639438e-06
1.3691494060000792e-06
1.3727783077114454e-06
1.3705153896782755e-06
1.3542604261960014e-06
1.4537926293022413e-06
1.4241661394487076e-06
1.4495317063509125e-06
1.4411702643031488e-06
1.4555811740659195e-06
1.428220001956617e-06
1.404115573757465e-06
1.4075077240221454e-06
1.3573091436970947e-06
1.3760678527997002e-06
1.2963576804383008e-06
1.2748795307949855e-06
1.3360166912257215e-06
1.3209713472016564e-06
1.3026059379372632e-06
1.2961800486345918e-06
1.2557218599600986e-06
1.2951232282826313e-06
1.3474061152269973e-06
1.4227471696352106e-06
1.3514636060581111e-06
1.38123251561337e-06
1.3649376163346734e-06
1.4143078552037756e-06
1.4579878572255845e-06
1.4400088444271838e-06
1.5540416385920772e-06
1.4880144806992572e-06
1.4011995188620195e-06
1.3749668848862537e-06
1.3477978762987055e-06
1.3441085457423862e-06
1.3188321004912155e-06
1.361250223348505e-06
1.4120091374022634e-06
1.5104996461916719e-06
1.5616029388338708e-06
1.5751179809284715e-06
1.5213347644138987e-06
1.4959337118084425e-06
1.454452024451025e-06
1.375413807751267e-06
1.3864864480757535e-06
1.3802059773834797e-06
1.3689716849197005e-06
1.400423584289447e-06
1.4190223582519323e-06
1.376401622556157e-06
1.3488163033222055e-06
1.2742598881139467e-06
1.3235841408739828e-06
1.2937123870267437e-06
1.3576690011275304e-06
1.3656031669319602e-06
1.3458549915296501e-06
1.3944897467896298e-06
1.3476761816531635e-06
1.3961462080408039e-06
1.3943320419532928e-06
1.3582820969312228e-06
1.3586186865126585e-06
1.3745890860951177e-06
1.3522666243428137e-06
1.4288670103094304e-06
1.4200313069918455e-06
1.5205733438557551e-06
1.555578888265749e-06
1.5194506682667535e-06
1.454383699487914e-06
1.4518596885468543e-06
1.4578950261899541e-06
1.459672081769216e-06
1.528545588905285e-06
1.470933362115265e-06
1.4367750659181444e-06
1.3749314836049784e-06
1.3184961137897936e-06
1.313099332622246e-06
1.2773939196483835e-06
1.282161526485289e-06
1.2735823335079586e-06
1.3052727391347931e-06
1.3178431131412238e-06
1.374964697548213e-06
1.393576780008502e-06
1.3896064275643945e-06
1.4312776543976032e-06
1.384951892527854e-06
1.3797251804370004e-06
1.412172318966641e-06
1.3561037827748985e-06
1.3501922311814915e-06
1.4307197526626178e-06
1.4004140530082675e-06
1.3958903780983508e-06
1.341112895162918e-06
1.3326848723754058e-06
1.3350210175016979e-06
1.4348046598638178e-06
1.4101967992516077e-06
1.3336253631884246e-06
1.393683117259568e-06
1.3920602855595273e-06
1.4375960680105626e-06
1.426266550083638e-06
1.3618140794337873e-06
1.2957000981906623e-06
1.2735720123800741e-06
1.2803319825641017e-06
1.3030363859983107e-06
1.2852371543318521e-06
1.353253353983856e-06
1.3723683213277873e-06
1.359240504735336e-06
1.3591320682160695e-06
1.4148344824790464e-06
1.4193738229331847e-06
1.4611170291628835e-06
1.3758966201964581e-06
1.3888051098982329e-06
1.4220628613765478e-06
1.3706082032552587e-06
1.429589210458664e-06
1.4224485517543158e-06
1.352696215633275e-06
1.395564894510967e-06
1.398485342453853e-06
1.449817247852477e-06
1.4046605653274008e-06
1.3555574416961921e-06
1.4057574006466048e-06
1.3669207820979852e-06
1.4234095149810316e-06
1.4291548968301445e-06
1.3946876892499002e-06
1.3477736841672861e-06
1.309502621400437e-06
1.307462794931749e-06
1.355226959355012e-06
1.3787006765179163e-06
1.40191288267292e-06
1.370290783560071e-06
1.3896320721233378e-06
1.3850958003730222e-06
1.4019954286229832e-06
1.3765113803607218e-06
1.3424592478805527e-06
1.335108433608176e-06
1.372858241153084e-06
1.3943329423288493e-06
1.3855190153916176e-06
1.4219720336852272e-06
1.3599446129017167e-06
1.338320565042537e-06
1.400879962342732e-06
1.4141343494619317e-06
1.440370958499074e-06
1.4491981873134186e-06
1.4119666695243057e-06
1.455862981418168e-06
1.477727633465987e-06
1.5278118413658713e-06
1.4876979660369514e-06
1.4361641266737743e-06
1.4272511565613263e-06
1.3939525925849983e-06
1.4317610062052814e-06
1.4312376271749646e-06
1.3870252087290548e-06
1.354777168614285e-06
1.3281743944751805e-06
1.3638985143295175e-06
1.3627460705464228e-06
1.3460526140102093e-06
1.379085876941281e-06
1.4014063738852674e-06
1.3737638764414474e-06
1.3969940430076606e-06
1.411612467096713e-06
1.3868113671577553e-06
1.349769135512212e-06
1.3785153578291977e-06
1.3598834097749703e-06
1.3974615858993383e-06
1.328654940336376e-06
1.3723434930255322e-06
1.379437097410401e-06
1.394567257853175e-06
1.5227248893233593e-06
1.497973551113633e-06
1.4872688940336801e-06
1.4319049927403903e-06
1.3407261910542e-06
1.3548174020849703e-06
1.340091543566517e-06
1.3909967098248592e-06
1.3676429806312918e-06
1.3783066362257963e-06
1.4606612474249829e-06
1.3788957683119202e-06
1.3576374726427702e-06
1.3487330848881296e-06
1.33498055195246e-06
1.335445002920757e-06
1.308111143412705e-06
1.350414115579933e-06
1.3729382506661095e-06
1.4212822462688424e-06
1.3671347967142989e-06
1.3023016183201106e-06
1.3736711953234758e-06
1.4055550260072632e-06
1.448608322586842e-06
1.3886841043866698e-06
1.3498379902676312e-06
1.4430497371837078e-06
1.468297975465221e-06
1.464063199977057e-06
1.476255585691147e-06
1.4855232336961477e-06
1.4499821423072365e-06
1.4486426626961274e-06
1.458391106411044e-06
1.4661189126094756e-06
1.4396001630520663e-06
1.3841096670815289e-06
1.3992659884720834e-06
1.4458336020798637e-06
1.4129521525079906e-06
1.443652860417393e-06
1.3976677713019891e-06
1.3330275102833605e-06
1.369879441484037e-06
1.3087077507490164e-06
1.2625618269347335e-06
1.2213506526062613e-06
1.235597210611098e-06
1.2206071973706148e-06
1.2885721344787277e-06
1.3112688015519473e-06
1.2587187328233314e-06
1.2499986625765272e-06
1.2143090078249732e-06
1.1997556984356627e-06
1.2449059583393707e-06
1.3249488954176605e-06
1.3267966066441805e-06
1.2867145871503502e-06
1.3000159334346676e-06
