4.648061303518933e-08
5.436415220657959e-07
7.733640249830046e-07
8.999767429896668e-07
1.064166221770247e-06
1.154200298018768e-06
1.265003136075688e-06
1.2318158335718874e-06
1.2729199882304404e-06
1.4189428565454468e-06
1.4878067122202635e-06
1.4854574040236708e-06
1.5453072647224473e-06
1.5588955014161836e-06
1.5798522360182742e-06
1.6650221990509153e-06
1.642961084216145e-06
1.7210043215162084e-06
1.7682971638993195e-06
1.7131873201777534e-06
1.7378528082091755e-06
1.7512234133507485e-06
1.7594614985248883e-06
1.8005505479142683e-06
1.7908048962230048e-06
1.7438368846266812e-06
1.84127469387742e-06
1.9060654237716003e-06
1.9366528430178937e-06
1.8884221133864216e-06
1.8829397013092608e-06
1.8908998832365427e-06
1.8452708407930365e-06
1.9697738636822756e-06
1.9706430731444993e-06
2.0379983177229146e-06
2.04303308229524e-06
2.026804131314397e-06
2.0071018009903242e-06
1.981541996779129e-06
1.9387688927302434e-06
1.958658591642487e-06
2.03073545893165e-06
2.0294681387334577e-06
2.046639689515929e-06
2.036857386384508e-06
2.0551755022965057e-06
2.093143229534695e-06
2.031585084971183e-06
2.137339118107977e-06
2.085545546993558e-06
1.9569534812698755e-06
1.9472546098320654e-06
1.9471155744071805e-06
1.9453075814715556e-06
1.932597811069035e-06
1.930892189729449e-06
1.8736109051753468e-06
1.8818865972530468e-06
1.9457906608233106e-06
1.9373511021726975e-06
2.0412886271898038e-06
2.0858036804663406e-06
2.1391345578569147e-06
2.135680532627731e-06
2.042788268262272e-06
1.9199378972555454e-06
1.8743798815325395e-06
1.9531699418644373e-06
2.0632194173002868e-06
2.0786463993016777e-06
2.1131620809784777e-06
2.011994277646359e-06
1.964205579316699e-06
2.0246211158749174e-06
2.0518809560329273e-06
2.1224460484066656e-06
2.0320634037173114e-06
1.998337934319701e-06
1.971385578110779e-06
1.978220558007424e-06
2.0000021381599535e-06
2.032788172279478e-06
2.0732966871613565e-06
1.9850364639222138e-06
1.981769446383974e-06
2.006471258828549e-06
2.0032110981770997e-06
2.015935864670042e-06
2.003804626271034e-06
1.965818483754797e-06
1.9536976782038455e-06
2.0116602328074535e-06
2.0018349060967827e-06
2.0903039446308117e-06
2.058716717297462e-06
2.1124293538452266e-06
2.0974560160049276e-06
2.1153316313451803e-06
2.1230945952364446e-06
2.0758438742014335e-06
2.080821286331578e-06
2.1257325984258138e-06
2.051967706753839e-06
2.1055174087642927e-06
2.0357916669875613e-06
1.9899020695696796e-06
1.952061534070079e-06
1.986100908378072e-06
1.944881047522094e-06
1.9183926559514372e-06
1.9072098062200752e-06
1.885936928928847e-06
1.9149264389712106e-06
1.9288369629631282e-06
1.94300887488747e-06
1.954224095576038e-06
1.9224020048385318e-06
1.8115418789162137e-06
1.8106116953322432e-06
1.952276428548135e-06
1.898235436781016e-06
1.9493980226525603e-06
2.002320814193364e-06
2.021358638775687e-06
1.9701825576440834e-06
2.01887170744166e-06
1.9712860629198013e-06
1.9499827691688095e-06
2.004366482572203e-06
2.0632109255709274e-06
2.0437690959896517e-06
2.058701313656572e-06
2.016037689689701e-06
1.964393323693766e-06
1.8838706743356186e-06
1.8626956503549206e-06
1.9138448023414283e-06
1.9633228693460826e-06
1.9509133705708907e-06
2.058994435151268e-06
2.0236657624310723e-06
2.1076106200676084e-06
2.131814436440334e-06
2.070111608191178e-06
1.940416968561859e-06
1.9936632975126263e-06
1.972478638324669e-06
1.9146476855755986e-06
1.8754394193685686e-06
1.8957179953481495e-06
1.951344021897513e-06
1.9353470982673082e-06
1.92659017624479e-06
1.8821288937630372e-06
1.9144356568643772e-06
1.9241925987735446e-06
1.9368162383845225e-06
2.015346890817059e-06
2.083730172009081e-06
2.1009577335333997e-06
2.0074801579307572e-06
2.018917370943166e-06
1.9835290249938635e-06
1.9616895892768367e-06
1.9229504077312137e-06
1.98630481573525e-06
1.9707298183025432e-06
1.943517210249086e-06
1.91693430435966e-06
1.918376205289086e-06
1.8421531501342702e-06
1.9160385197255934e-06
1.9817128287804163e-06
1.8768294289542847e-06
1.8890157058383891e-06
2.001075261499147e-06
2.0066454057663618e-06
1.952167845459634e-06
1.9598923866192685e-06
1.931085700901814e-06
2.0076345091702047e-06
1.9832286100803616e-06
2.070948237423289e-06
2.009444813293218e-06
1.8610354438582388e-06
1.820154259314858e-06
1.822930638254052e-06
1.8167450177198089e-06
1.85530195625074e-06
1.902164518185953e-06
1.870823663893108e-06
1.825385862121773e-06
1.8761523281201908e-06
1.859536209719688e-06
1.852609413235061e-06
1.8718607975285632e-06
1.9361265834079226e-06
1.8931824277340835e-06
1.8641607181631514e-06
1.858029178058351e-06
1.833480868203491e-06
1.9412740228378574e-06
1.9775492146606486e-06
2.023572427247122e-06
1.9698378956139677e-06
1.9979574954523303e-06
1.95616757363056e-06
1.980677214252831e-06
1.994375041861628e-06
2.032877059921605e-06
1.9990408376659746e-06
1.9854944359251867e-06
1.9126195150791263e-06
1.8811683340954153e-06
1.9798907141817642e-06
2.025163910286399e-06
2.0514200267611666e-06
2.0342734764289537e-06
2.11252890242301e-06
2.056834223302828e-06
2.080239157959e-06
2.057987235402852e-06
2.018997060880387e-06
1.9985542192471336e-06
1.8574025604778487e-06
1.812928351962239e-06
1.7879572082162243e-06
1.8417485442081977e-06
1.8936544862091945e-06
1.8757153541747716e-06
1.880682963366174e-06
1.9230477106991627e-06
1.8188786154549385e-06
1.8023187830146458e-06
1.8759082350374628e-06
1.8605093987470907e-06
1.8144399216767766e-06
1.7959408594540642e-06
1.8515787237800998e-06
1.8540115594818398e-06
1.8315124237514142e-06
1.8293617798640077e-06
1.8270799821807397e-06
1.8720687515924581e-06
1.8703765026852747e-06
1.8940210795870335e-06
1.8298647565066006e-06
1.7831399854013043e-06
1.8131886859704878e-06
1.7862231410676764e-06
1.8373630266328595e-06
1.9136672245947964e-06
2.011031282898275e-06
2.094050601870148e-06
2.0432200089181777e-06
2.082721130365997e-06
2.0081674702791952e-06
1.9464470780722413e-06
1.9800146220660825e-06
2.00075330611008e-06
2.0152713553921927e-06
2.074004564080738e-06
2.0511667984506914e-06
2.0801414818731493e-06
2.0347932296022187e-06
2.029306720642372e-06
2.085394330999257e-06
1.9800634513760326e-06
1.9787552101914226e-06
1.9802980172610943e-06
1.9657156993823667e-06
1.985585881840446e-06
1.9351110901022946e-06
1.9807816050994847e-06
1.9832470572528582e-06
2.002375210424991e-06
2.0273806988352985e-06
2.001299308286861e-06
2.0176752451588175e-06
1.982718828069056e-06
1.965190417198676e-06
1.9563810833890343e-06
1.9359039568677305e-06
1.9027845338825703e-06
1.9669944310651955e-06
1.9400909381773384e-06
1.9264201438442676e-06
1.790288910748467e-06
1.8038951573682494e-06
1.8383538310653102e-06
1.8685844597945674e-06
1.9483867729402647e-06
1.9037609468527295e-06
1.9424953076466458e-06
1.9654433856441313e-06
2.0174178048192432e-06
1.911193144605355e-06
1.8693903658950908e-06
1.9983415521183262e-06
1.9675336974582588e-06
1.898194498554677e-06
1.8867464625261458e-06
1.847836847819767e-06
1.8401661405025457e-06
1.7713378973767819e-06
1.8072214444542558e-06
1.9014834773930246e-06
1.8813478278623355e-06
1.8164047121093662e-06
1.8786664157827403e-06
1.8860951003228037e-06
1.9333735685143407e-06
1.9135124445650025e-06
1.9222021995300995e-06
1.987915266412214e-06
1.948795402294823e-06
2.012994910963035e-06
2.075920421816301e-06
2.045834057868071e-06
2.0705298867374736e-06
2.1093688922215583e-06
2.1167925436488e-06
1.9593963447221834e-06
1.8735989240718354e-06
1.9440179832963273e-06
1.8705670115616538e-06
2.0023641085917003e-06
2.0730306582391093e-06
2.022257526153485e-06
2.0169951162991686e-06
2.043099851951612e-06
2.0086064543501046e-06
1.976503060763206e-06
1.9156729333775794e-06
1.8417680775119802e-06
1.8423656377632515e-06
1.9146368225993357e-06
1.8832508551171582e-06
1.9817527236516986e-06
1.975211592709313e-06
2.049987456214833e-06
2.028136739666408e-06
2.0487874867701684e-06
2.0308413801037555e-06
2.068788536802728e-06
2.021411881272563e-06
2.022607434236904e-06
1.980123281072912e-06
2.0480714226636383e-06
2.1397600824908984e-06
2.1627509965590307e-06
2.0756059794995934e-06
2.0284812325612557e-06
2.0088723776304504e-06
2.008479401565876e-06
1.9582948669769227e-06
2.029461375571423e-06
2.032281467253304e-06
2.0332270628873043e-06
1.9728101383202374e-06
1.9736467775739044e-06
1.831779163606121e-06
1.6603274168323909e-06
1.7702324293558326e-06
1.8173334464373116e-06
1.8485004576212184e-06
1.7707337870994689e-06
1.7800657444686836e-06
1.8275883569022154e-06
1.8475664689739556e-06
1.923039219679083e-06
1.981711299643421e-06
1.9841675152349343e-06
1.938249287202821e-06
1.91822313806866e-06
1.932489251564032e-06
1.8111645066576253e-06
1.7779891707152277e-06
1.8179694059176963e-06
1.9379356785862156e-06
1.9442357624154547e-06
1.8570491323387218e-06
1.8302194870676914e-06
1.8926473335314375e-06
1.992763681537359e-06
1.9903000780799767e-06
1.968785763793634e-06
1.9469229518071803e-06
1.9484796464808883e-06
1.961242004531593e-06
1.9931129151990637e-06
2.0587805659679145e-06
1.936796848285606e-06
2.040422245771895e-06
1.9825106391628034e-06
1.972149896793045e-06
1.8920295960730376e-06
1.8675120251217328e-06
1.8219715145692588e-06
1.7271104946059842e-06
1.7847883997752941e-06
1.8143677504629116e-06
1.7816300697179334e-06
1.8012020337019844e-06
1.8606627291021325e-06
1.8158864177587283e-06
1.8304379103225078e-06
1.8144668854900803e-06
1.8547589027565535e-06
1.922067307089261e-06
1.9018243853971375e-06
1.9332937925323912e-06
1.916237048502797e-06
1.968041299498692e-06
1.944953453220939e-06
1.8727686320529364e-06
1.934047543805661e-06
1.8947680222761066e-06
1.9379381018357557e-06
2.0176217407051965e-06
2.002934939168224e-06
1.9036860440626744e-06
1.969906592179322e-06
2.075787793835883e-06
2.0114085075614134e-06
2.0253628323440305e-06
2.001513935699804e-06
1.9651708963453545e-06
1.9761877966454594e-06
1.9891936284436777e-06
1.9625800677773804e-06
1.9179799951566787e-06
1.9753638159905994e-06
2.062228938895391e-06
2.082261918095456e-06
1.960813367119548e-06
2.0186660259936337e-06
1.9725186991967856e-06
1.8969361287495288e-06
1.8725831205140751e-06
1.8781123375374943e-06
1.9262180720515815e-06
1.8464670000480113e-06
1.8321695730683482e-06
1.920599210408079e-06
1.934747492249492e-06
1.8990422349677587e-06
1.8750876696655952e-06
1.9996005311311213e-06
1.963335830960627e-06
1.9027150366860284e-06
1.802628726080316e-06
1.8269221874264027e-06
1.7306023717969636e-06
1.7774336575458595e-06
1.8276932942220246e-06
1.824752749752382e-06
1.8800554216201499e-06
1.9697038257705643e-06
1.9781317657841476e-06
1.969871907210173e-06
1.99927742916341e-06
2.001249987611923e-06
1.881723238344938e-06
1.8892088198586423e-06
1.8349611976581475e-06
1.7834472783495473e-06
1.86624447986374e-06
1.864894623625387e-06
2.0036882993704647e-06
1.9628385350544767e-06
1.931568848642548e-06
1.932187428445498e-06
1.8813093684330905e-06
1.8035739913025627e-06
1.8886554248845553e-06
1.8320043320076454e-06
1.7331614666196037e-06
1.8360547109411446e-06
1.7784175623222276e-06
1.7904591155685381e-06
1.7473316535693304e-06
1.7976644693331786e-06
1.7979401905454431e-06
1.7091123556544586e-06
1.746828456009676e-06
1.758286281075862e-06
1.8414600469621822e-06
1.8326175233364501e-06
1.925735541544119e-06
1.913797148697075e-06
1.9011237109264312e-06
1.914786996774597e-06
1.964768276541645e-06
1.911759053440805e-06
1.9629057576032818e-06
1.933347616090862e-06
1.9946844164118795e-06
1.92420193381064e-06
1.9129297634241894e-06
1.9141287343935263e-06
1.9168432591898535e-06
1.8998576758618165e-06
1.7910394060674044e-06
1.8379808925966491e-06
1.7640280188826189e-06
1.8743744994503565e-06
1.9054064872746762e-06
1.9813315073109835e-06
1.9834524541232368e-06
1.9269831075332205e-06
1.9186753709478686e-06
1.8588423070562326e-06
1.9026593048563808e-06
1.973702310013154e-06
1.952792760698348e-06
2.0733320653641177e-06
2.0136206864738374e-06
1.9394853964653673e-06
1.889622686272038e-06
1.9256496749347604e-06
1.9077562113529767e-06
1.9080821567722358e-06
2.0321023745978273e-06
2.0574094322686224e-06
2.08458860792142e-06
2.1412159724307915e-06
2.0746091721273296e-06
2.01669695639539e-06
2.071513859850766e-06
2.057234717273877e-06
2.089145332764794e-06
2.0197766066632803e-06
1.99483712606724e-06
1.9335256735273035e-06
1.8063398783801602e-06
1.939241560882829e-06
1.8757894433143422e-06
1.8103161701196744e-06
1.8419042265911563e-06
1.860301106227519e-06
1.8525723474233363e-06
1.8605743817190115e-06
1.9367946172605783e-06
1.9926161738810984e-06
2.0773251358850967e-06
2.056029652049366e-06
1.990284804973471e-06
1.987118844582287e-06
1.9206556171731703e-06
1.942554452654373e-06
2.0383843223666474e-06
2.0324172352910843e-06
2.0566665374880665e-06
2.059465658795332e-06
2.0402627584563013e-06
2.0661073034472376e-06
1.992304264509924e-06
1.9955302750631036e-06
1.9184126765201366e-06
1.9230444907554647e-06
1.8736340570573203e-06
1.7575780300078527e-06
1.743518769027655e-06
1.7378768064645792e-06
1.773141313253783e-06
1.798582004063329e-06
1.864773483658947e-06
1.8097181037571438e-06
1.852334322244945e-06
1.8022152224044259e-06
1.8457144264823361e-06
1.8427502653311563e-06
1.7846937101129583e-06
1.8824859785117783e-06
1.930178065132911e-06
1.809842535062457e-06
1.8160760561605556e-06
1.8002309737835925e-06
1.8535553000607365e-06
1.8671146709513209e-06
1.9612823716841064e-06
1.970180511218697e-06
1.929063011421438e-06
1.9423869617435576e-06
1.956938568771026e-06
1.9247376169863682e-06
1.8802805734283255e-06
1.7881018093583758e-06
1.8281618083554359e-06
1.8246833101633263e-06
1.832381129800019e-06
1.8208293707596624e-06
1.8683892984087151e-06
1.8203167925792893e-06
1.9072935467019214e-06
1.95105931574491e-06
1.9799206085123415e-06
1.9444017374642183e-06
1.9954675513219038e-06
2.0590860139647276e-06
2.016513901322928e-06
1.988331831388655e-06
1.9166106494183305e-06
1.8510083234030936e-06
1.788881133430639e-06
1.7522587596117212e-06
1.7425346699650248e-06
1.6948914959131422e-06
1.6478568559203327e-06
1.667991528090893e-06
1.7693388025597406e-06
1.7268596648847998e-06
1.6967339818274016e-06
1.7846191210043748e-06
1.811462137552094e-06
1.7855699579695978e-06
1.7804617900330532e-06
1.8014012829292407e-06
1.7823467172007424e-06
1.7366875205487148e-06
1.8311839434849975e-06
1.8706903957683486e-06
1.8246674951239087e-06
1.7474594389808381e-06
1.899946810120149e-06
1.8536523977479861e-06
1.9013139032079305e-06
1.8829946723149497e-06
1.9106226481073944e-06
1.9052771477792034e-06
1.9232857429918506e-06
1.920870378565214e-06
1.8978215357338555e-06
1.7765705667178124e-06
1.8504464779639856e-06
1.7782044653042282e-06
1.8504942012509603e-06
1.8255256862272407e-06
1.945092194714235e-06
1.8706142961686586e-06
1.898029768366635e-06
1.8100239758481346e-06
1.8626259494269416e-06
1.9302983611628796e-06
1.938074531282927e-06
1.9379381106895616e-06
1.9265000624490428e-06
2.007383328402796e-06
1.9791922413368567e-06
1.9267185207926894e-06
2.058339839886677e-06
2.0273983496407987e-06
2.0185997194616736e-06
1.9783650755953714e-06
1.9638064769512404e-06
1.9503778702865377e-06
1.917453706421033e-06
1.9627735949833453e-06
2.009587703649618e-06
2.0262837605477965e-06
1.920896891766681e-06
1.925729285587522e-06
1.9896170876852948e-06
2.021188456465778e-06
2.073664040296828e-06
2.0689611066204166e-06
1.9784402318216418e-06
2.0980258476334772e-06
2.0005256734232865e-06
2.0052761427322394e-06
2.028588245372428e-06
2.007137414115666e-06
1.8596527025663725e-06
1.808538649856101e-06
1.8616884888270634e-06
1.927073948891302e-06
1.8623544106626385e-06
1.8976644191613181e-06
1.9409003604609006e-06
1.9823709176433848e-06
2.009563189036685e-06
2.032483313965842e-06
2.019281609879799e-06
2.011374663736271e-06
1.9998047810969647e-06
1.912729914640505e-06
1.9135932851245764e-06
2.0049020053102386e-06
1.9207123474051813e-06
1.857270238709505e-06
1.794213086064734e-06
1.8558652794162363e-06
1.8762037069877707e-06
1.80406056775762e-06
1.8385941612997844e-06
1.8424700299160254e-06
1.8358608828076563e-06
1.846103217265924e-06
1.8348763921823326e-06
1.8842812284838311e-06
1.838015394090934e-06
1.9040887863562596e-06
1.8288580100944612e-06
1.870629694367433e-06
1.912954121969679e-06
1.8359360772736937e-06
1.801216702394882e-06
1.779532611121088e-06
1.7497844974631328e-06
1.7968335754945182e-06
1.8713010214670705e-06
1.90316522765434e-06
1.912071539574917e-06
1.841773974103302e-06
1.819590000702944e-06
1.8827450560839547e-06
1.8696871300285183e-06
1.826017008884368e-06
1.9051712430116164e-06
1.9154120387830224e-06
1.8722213093768966e-06
1.8852450980122164e-06
1.8798533836468246e-06
1.9729200563507865e-06
1.8415004458657948e-06
1.9180527585700115e-06
1.9146175458854225e-06
1.8921438070008873e-06
1.8981398794833153e-06
1.9260815185879134e-06
1.8868556219988883e-06
1.868689014117741e-06
1.8685757874511921e-06
1.8769061037981926e-06
1.918938783025205e-06
1.9460498809768236e-06
2.027126003913498e-06
1.9550098589154443e-06
1.9845291529202946e-06
1.9342788855152427e-06
1.9489927522286136e-06
1.951481110322279e-06
2.0195060651632383e-06
1.949305476059171e-06
1.907718204201954e-06
1.8970671218663492e-06
1.9157781278431784e-06
1.8855674220008887e-06
1.8629205294514129e-06
1.8457713513455417e-06
1.9018901992588955e-06
1.8251786815737661e-06
1.9273291781896654e-06
1.8954332312105913e-06
1.9072904656806244e-06
1.9137428566310413e-06
1.8503571002982796e-06
1.9409753976321607e-06
1.9786690922513243e-06
1.9826054234960324e-06
2.0015687950428353e-06
2.0760098446971516e-06
2.0570262699004653e-06
2.030099485985858e-06
2.005577967546058e-06
1.96552874464171e-06
1.897042433366092e-06
1.8459575958072535e-06
1.8329502056236962e-06
1.895461423025461e-06
1.825156568546222e-06
1.819888939566072e-06
1.9274482503671205e-06
1.861957358872665e-06
1.7920318819977873e-06
1.7258145586186768e-06
1.8156225784689661e-06
1.8803545906966927e-06
1.8374879308151943e-06
1.9505701858226907e-06
1.9249167634448582e-06
1.984463992022384e-06
1.978698405399451e-06
2.0283919252627553e-06
2.0185730132513167e-06
2.048040036166698e-06
1.9896039146917523e-06
1.974874224604824e-06
1.9541633399403162e-06
1.974450607842838e-06
1.9634310433976318e-06
1.8449891736016163e-06
1.9636256362690926e-06
1.938902648683062e-06
1.9021857405085894e-06
1.9488149282558237e-06
1.987985633907083e-06
1.9467105884952617e-06
1.9374234608990707e-06
1.948471943714227e-06
1.9185712683941855e-06
1.8780671439219308e-06
1.8943851139176322e-06
1.9070346339155527e-06
1.9516611147753922e-06
1.9033561318178093e-06
1.9559156539859782e-06
1.8960137555355143e-06
1.9006051480323203e-06
1.8851613736534196e-06
1.967631618284666e-06
2.0340964944238446e-06
2.0772816338310958e-06
2.074414717440159e-06
2.0762095478652494e-06
2.0276691125907037e-06
1.9470216510604278e-06
1.8784684306260661e-06
1.8714515784672e-06
1.815748617895798e-06
1.765971675998204e-06
1.8326494915231e-06
1.834719575447986e-06
1.9025545251148277e-06
1.9279135619891597e-06
2.0114722698607322e-06
1.940063179067825e-06
1.812080461736399e-06
1.7796798153811505e-06
1.871393466162905e-06
1.927657582785258e-06
1.8502660662518123e-06
1.838324439530644e-06
1.8266072493640109e-06
1.7986017719254775e-06
1.812150394939073e-06
1.7515012175544468e-06
1.8206906036614433e-06
1.709916612814946e-06
1.790301155680364e-06
1.8420210982410658e-06
1.8805117291495038e-06
1.9405623442558674e-06
1.9070039175915407e-06
1.9038280914992652e-06
1.9558997201245943e-06
1.8949710197098857e-06
2.0191585959839862e-06
2.011164524769635e-06
2.0078182820228823e-06
1.990670394195021e-06
2.013678227052185e-06
1.948187635083584e-06
1.907424469778607e-06
1.948606001899757e-06
1.9627288632762806e-06
2.0445687628883206e-06
2.076513422383281e-06
2.0321951165419464e-06
2.0676975445569353e-06
2.080317057805376e-06
2.0508910331274845e-06
2.062115251442076e-06
1.9832653978484838e-06
1.9203286644299652e-06
1.91484149661585e-06
1.913658942162414e-06
1.9082148476521573e-06
1.937086217936557e-06
1.968469223593288e-06
1.9057982614303728e-06
1.870134065025078e-06
1.9244738760960955e-06
1.9194872238263424e-06
1.8908641728049558e-06
1.902130592622337e-06
1.9118822983894147e-06
1.8576553444830312e-06
1.9315762255954823e-06
1.8446829201828532e-06
1.8816902828823142e-06
1.9058971156260402e-06
1.911192118571391e-06
1.9057853111499155e-06
1.9540630103102812e-06
1.943180691744119e-06
1.9005145743112535e-06
1.926088679600078e-06
2.0027309428567316e-06
1.965746486841544e-06
2.0021495746636553e-06
1.963307511266816e-06
1.988166660863039e-06
1.921109071755402e-06
1.9475544495700528e-06
1.857955914377763e-06
1.8620099262453794e-06
1.8722725996462549e-06
1.858113508933577e-06
1.8502813150426864e-06
1.9036572758511254e-06
1.8494163127381053e-06
1.8934437897114633e-06
1.9083982642955017e-06
1.9532777746112804e-06
1.9688469874763107e-06
2.096341812835741e-06
2.0667563926685674e-06
2.032144619434569e-06
2.009453365431098e-06
1.883845794929719e-06
1.9213378071682578e-06
1.968563650815121e-06
1.9451091949269458e-06
1.991888067087702e-06
2.071357320436e-06
2.0411585297923733e-06
2.016309824361733e-06
2.066728974745277e-06
2.036383787346572e-06
1.985260064174518e-06
2.037392944882182e-06
2.0897503675060543e-06
2.024801210599667e-06
1.9821715980212452e-06
1.9575618226667012e-06
1.8565411538373599e-06
1.7673171722503305e-06
1.8136926758679656e-06
1.8634234573630117e-06
1.8659753739172843e-06
1.8482303889237882e-06
1.9197698409213106e-06
1.9762301124473725e-06
2.0324327346764195e-06
1.989955605956049e-06
1.9305855758941674e-06
1.9362669192519503e-06
2.064847613887156e-06
2.0052170175141753e-06
2.0616073660961185e-06
2.0080005721620912e-06
2.0351753374572384e-06
2.07427861241099e-06
2.004473994444789e-06
2.011496345978255e-06
1.9798703837135525e-06
2.002010776058001e-06
2.0002058206657754e-06
2.0475600147705837e-06
2.1336358095338133e-06
2.146398329556897e-06
2.1097888377744754e-06
2.102126049652163e-06
2.0712929108230965e-06
2.011851609153105e-06
2.0409620811283124e-06
2.092070962466164e-06
2.0657577563052896e-06
2.000473926205257e-06
1.991832569670245e-06
2.0571948015399687e-06
2.0777376293037545e-06
2.1440440467408832e-06
2.100977594793162e-06
2.023392411955231e-06
1.9885546535539744e-06
1.914802699017462e-06
1.9346130309650896e-06
1.994985546793602e-06
1.998613130732211e-06
2.035972268299085e-06
2.005079173648813e-06
2.036696969181808e-06
2.024282455565904e-06
2.0259767821633046e-06
2.093772945694507e-06
1.9890119074550253e-06
2.0007818544120095e-06
2.0670311350570314e-06
2.0820766468793508e-06
2.081805905108687e-06
2.0955513638778956e-06
2.0411816846866965e-06
1.953938417674204e-06
1.9391893765010556e-06
1.9249382746217736e-06
1.9587254193317375e-06
1.9735172538838065e-06
1.937332085219607e-06
1.9247128591839816e-06
1.8619235817072924e-06
1.8288190606527213e-06
1.928620385834966e-06
1.8844939304109884e-06
1.918375410351105e-06
1.8554709851162715e-06
1.8460257227252816e-06
1.8749118399406647e-06
1.8982637530010478e-06
1.870169303262608e-06
1.9124320263649857e-06
1.9541163514993956e-06
2.0046780289255258e-06
2.0953882954813657e-06
2.064121990711227e-06
2.067892668516618e-06
2.0346857372691905e-06
2.0334132797520614e-06
1.9043424854004801e-06
1.9837054154301102e-06
1.950497994982335e-06
1.8527188105772706e-06
1.917267633658913e-06
1.9129697582289805e-06
2.0566436719786352e-06
2.008014927213603e-06
2.0522400863530437e-06
2.0054588870158503e-06
1.9911887253623134e-06
1.966499937675289e-06
2.121744947811208e-06
2.0439438533993974e-06
2.0592844379992423e-06
2.067305881810398e-06
2.0816687818671666e-06
2.0227119247159827e-06
1.97639908057899e-06
2.0017382792536325e-06
2.050410762735651e-06
1.985579990514087e-06
1.9347456242558266e-06
1.937205045211472e-06
1.926642133247808e-06
1.984395257115794e-06
1.9919616461518465e-06
1.9228212926660912e-06
1.9549813396809087e-06
1.918028693519642e-06
1.8896454467712472e-06
1.8802850236762993e-06
1.8971088505209667e-06
1.9011367143385725e-06
1.936256224917672e-06
2.0027584619954493e-06
1.997376068282062e-06
2.05552867171883e-06
1.9677165675940935e-06
1.94457960459365e-06
1.9636074048453693e-06
1.9556072466380528e-06
1.9428727094648204e-06
1.9634830164165375e-06
1.9555909838007303e-06
1.9576840854112397e-06
1.8730172603992058e-06
1.942536428935244e-06
1.923747910029363e-06
1.8504078077365199e-06
1.815648468684202e-06
1.8521588708161386e-06
1.7761527071378679e-06
1.839515464907751e-06
1.8398502069949365e-06
1.890489603891376e-06
1.94697692107549e-06
1.9533560037801232e-06
2.018255913183322e-06
1.9470216045035164e-06
1.979369140686967e-06
1.933896378146995e-06
1.916420082136906e-06
1.871967508648745e-06
1.9059846112061687e-06
1.8568391336716818e-06
1.9579688635937053e-06
1.982161272185486e-06
2.0059335475625264e-06
2.0158393135565494e-06
2.095483834786174e-06
1.9933255693786148e-06
1.9926735959110483e-06
1.976731415942571e-06
1.9226207732980043e-06
1.9541453997763473e-06
1.95504972405967e-06
2.033139929777401e-06
2.013451538847171e-06
1.9153317048221703e-06
1.910090046325121e-06
1.7984853664391543e-06
1.8901987900276202e-06
1.8910108157684818e-06
1.8884007395664133e-06
1.8689021341701773e-06
1.941432018022366e-06
2.01813824244232e-06
1.937265572754836e-06
1.9917936810116365e-06
2.057098087157978e-06
2.0317990384036505e-06
1.983467308123983e-06
1.9880814058745063e-06
1.9937631744957107e-06
1.9559779060017416e-06
1.930744746818989e-06
1.86631470549795e-06
1.8909546918637437e-06
1.8265687033201559e-06
1.8512825163833176e-06
1.8987838661847917e-06
2.00863202389139e-06
2.1187239917704375e-06
2.1126942130566963e-06
2.0552624222757756e-06
2.043445470147583e-06
1.97249546228014e-06
1.913995153894385e-06
1.9040400648156745e-06
1.900896594194392e-06
1.8630202436764046e-06
1.9565386920008906e-06
1.9740522946964464e-06
2.0080285755198323e-06
1.948016464006324e-06
1.9873792054886775e-06
1.9414423479816597e-06
2.0283569538870023e-06
1.9320268454868573e-06
1.8921842971740782e-06
1.90958728411127e-06
1.9421104889119258e-06
1.9292328817842367e-06
1.9982790586444807e-06
1.9353066473227534e-06
1.9486141480131887e-06
2.000706948465004e-06
2.0122505768949395e-06
2.0305144684666654e-06
1.926881852084101e-06
1.9294722103931504e-06
1.8570851568960792e-06
1.8488343437937323e-06
1.7918917993540237e-06
1.7574113215263744e-06
1.797017878771744e-06
1.8568715747141843e-06
1.8082140132869714e-06
1.9123609564315204e-06
1.9383418544494913e-06
1.8980716706321826e-06
1.9122331538363544e-06
1.8869871943841028e-06
1.953223795761055e-06
1.934206228119022e-06
1.9506850369529232e-06
2.062649897855909e-06
2.063200504589588e-06
1.941855407221736e-06
1.9537774714123225e-06
1.947701475333336e-06
1.9464165843136725e-06
1.8155345593184773e-06
1.8637913353520606e-06
1.8759444880768802e-06
1.939058040732523e-06
1.9174297140478333e-06
1.916244207234692e-06
1.9256003145561304e-06
1.959327354790137e-06
1.9131017970888343e-06
1.9055161234504112e-06
1.8537872299518006e-06
1.8478143162314977e-06
1.8829751906098195e-06
1.8948856211528167e-06
1.8569099001688216e-06
1.9322920642527514e-06
1.946905477337545e-06
1.944760247704668e-06
2.009617237381093e-06
1.956440424344315e-06
1.9244467123706648e-06
1.92441538276056e-06
1.957940067783232e-06
1.840490972599571e-06
1.8889269754929674e-06
1.9582915609848573e-06
1.881964314116909e-06
1.8415893715201034e-06
1.9325361744368008e-06
1.9519764139691277e-06
1.9512928638252556e-06
2.0814227325106677e-06
1.983337847045334e-06
1.936890001385185e-06
1.998155990533538e-06
2.0027593004830657e-06
1.9117807749765858e-06
1.9493269115490447e-06
1.889707791805329e-06
1.8786365190966955e-06
1.8401752938148989e-06
1.8363879900512734e-06
1.901478177998217e-06
1.8463527479811164e-06
1.9403085793146996e-06
2.10613828349712e-06
2.049872525731391e-06
2.0780995574530682e-06
2.060685577696891e-06
1.9566544177159376e-06
1.922593593942071e-06
1.9347923020581957e-06
1.9819790016301144e-06
1.8871230017869017e-06
1.952858090988129e-06
1.8868752278337992e-06
1.8844533473054623e-06
1.8498250443795771e-06
1.8364470264742449e-06
1.830933417326512e-06
1.8537658886495935e-06
1.8847941800714036e-06
1.872685395075958e-06
1.8134276093408174e-06
1.837589890756639e-06
1.8879834784545606e-06
1.989956615699447e-06
1.9332197511487756e-06
1.9994768281839043e-06
1.932698635897796e-06
1.8942561989972046e-06
1.968352449563531e-06
2.0016251442805638e-06
2.1256977934374114e-06
2.1535803336385118e-06
2.1716627068261023e-06
2.1943895423509157e-06
2.213985304443348e-06
2.238707093143299e-06
2.1083263618699486e-06
2.079412689055737e-06
1.999703925070063e-06
1.955110609654953e-06
1.9724217617904884e-06
1.900482666484498e-06
1.972558829125575e-06
2.084855673385113e-06
2.036080592958809e-06
2.0450447523807286e-06
2.028961953919424e-06
2.034903983491312e-06
1.966648698772211e-06
1.9899296767579063e-06
1.9684747760069476e-06
1.9031366520867214e-06
1.8908582421849447e-06
1.8241297815924555e-06
1.7952175570595814e-06
1.789854867721736e-06
1.8168495364516992e-06
1.8519426491809493e-06
1.8356686432147943e-06
1.8260577656856511e-06
1.8701833283158213e-06
1.880061480188621e-06
1.9292513618551665e-06
1.9115551623004106e-06
2.0173624278377746e-06
1.9865973702414626e-06
1.9988644803462573e-06
2.016125833042766e-06
1.982608183680262e-06
2.0320513078267555e-06
2.0311765867747236e-06
1.9492168451835947e-06
1.9285382904735795e-06
1.9063274699227944e-06
1.8712819616091656e-06
1.8778709856104631e-06
1.8966304616862138e-06
1.8312091289341422e-06
1.8851814652855896e-06
1.8469574365970852e-06
1.9218756071915615e-06
1.8819336580542595e-06
1.8384931915277284e-06
1.8495231824565777e-06
1.7957627179324228e-06
1.7760367756840332e-06
1.7965558736993536e-06
1.8521384248159344e-06
1.90352902305437e-06
1.909785428766965e-06
1.897667538634129e-06
1.869336096340828e-06
1.8295720799557959e-06
1.846242746411666e-06
1.8330779949684304e-06
1.9252995572737123e-06
1.908592426593344e-06
1.9490897612251157e-06
1.928520535209819e-06
1.8811357784936127e-06
1.9200988177608756e-06
1.8850699970600367e-06
1.883485622963476e-06
1.9248640890552397e-06
1.9403911449237514e-06
1.9482023170302946e-06
2.0393725941988366e-06
2.009463726778137e-06
2.087181997440703e-06
2.1280972385949165e-06
2.132355638843007e-06
1.995789387508904e-06
2.0475075911388935e-06
2.0780224762918664e-06
2.077982194025415e-06
2.204803208309998e-06
2.179206601800693e-06
2.077869260832877e-06
1.9926403349207356e-06
2.0564582493609277e-06
2.046843692644843e-06
1.903160852991367e-06
1.9251241304582013e-06
1.959544262464097e-06
1.973824664470459e-06
1.8697973158361856e-06
1.9145594844559484e-06
2.031878960699176e-06
2.040207653738184e-06
2.0079895115966033e-06
1.9932470377095325e-06
2.0061099977750604e-06
2.039067970470528e-06
1.886410606994613e-06
1.8142138117998009e-06
1.9890674463925e-06
1.986313115960229e-06
1.9965359741491516e-06
1.940789893951423e-06
1.86924198821717e-06
1.9488861614818857e-06
2.0185977414014455e-06
2.009159622340742e-06
1.9872291597553435e-06
2.127748111470019e-06
2.1257120955811207e-06
2.179155785778783e-06
2.111234484418762e-06
2.0397072064354243e-06
1.9000769891746399e-06
1.939449441826952e-06
1.9988771892810203e-06
1.9271386271556065e-06
1.851681749992906e-06
1.8627869955205578e-06
1.8924628406682423e-06
1.9311952990756153e-06
1.8679903024758332e-06
1.9624884507813617e-06
1.9342502966430204e-06
1.956643430210985e-06
1.9167420414549792e-06
1.946959071205774e-06
1.9169392820199055e-06
1.9463324603147506e-06
2.066587170758479e-06
2.0635287510419095e-06
1.974431184095599e-06
2.0023939193640473e-06
1.999824520235598e-06
2.0700885579467234e-06
2.079889031011973e-06
2.0478259521277794e-06
2.0719354370932157e-06
1.99430808489322e-06
2.080949278962805e-06
2.101736083579252e-06
2.1190495176432515e-06
2.1234828548808274e-06
2.0424071709680313e-06
2.0513708489985088e-06
2.054753154191599e-06
2.062645107427521e-06
2.036535869543307e-06
1.9375747339693445e-06
1.942259503165342e-06
1.8596512851839033e-06
1.9686690708617062e-06
1.894376581694091e-06
1.8308275314462819e-06
1.8151816561492556e-06
1.8741255627765216e-06
1.9551341367057223e-06
2.009073376153876e-06
2.0250968778453316e-06
1.9750277837602335e-06
2.0328330868331715e-06
2.0754055047336048e-06
2.0989756684129065e-06
2.139747130219807e-06
2.0825352109745267e-06
2.00538860606617e-06
1.963810810302686e-06
1.928931762407202e-06
1.8466943874668656e-06
1.896240092363448e-06
1.9056148531059894e-06
1.938166282327916e-06
2.001352392941718e-06
2.0016792174760466e-06
2.0054025489183034e-06
2.050348251537666e-06
1.964022708001538e-06
2.0118073750223487e-06
1.9825264864427693e-06
1.986209326816188e-06
1.96482062154012e-06
1.9934197559138368e-06
2.068856299603275e-06
2.035169668234075e-06
2.1097538948081007e-06
2.130118169992686e-06
2.145973648274473e-06
2.122569081250693e-06
2.0977487968399986e-06
2.187407999869307e-06
2.0884613532161864e-06
2.1219177821691536e-06
2.0702933922905027e-06
2.106344011197159e-06
2.0783577452158805e-06
2.105204955362728e-06
2.054572674363751e-06
1.9917320909934715e-06
1.9072028970967038e-06
1.8528532621839922e-06
1.91539498047345e-06
1.9995068719628525e-06
2.0268925826607924e-06
2.0422734524660106e-06
2.0582578384537894e-06
2.0829836054986673e-06
1.9598616250973127e-06
1.89742071496916e-06
1.862413412280229e-06
1.9006901549138907e-06
1.9473096283259656e-06
1.97996585884476e-06
1.968178439704602e-06
1.9004463785237234e-06
1.9141671615560945e-06
1.9371887383949967e-06
1.8993808617849904e-06
1.8848751834539942e-06
1.937310730000382e-06
1.9939791083281316e-06
1.9851391674285467e-06
1.9903016257221186e-06
1.9678946478130186e-06
1.9661606173955492e-06
1.9494104588364543e-06
1.9294243219731398e-06
1.978815864091044e-06
1.9038433764020604e-06
1.9024228150893919e-06
1.7969944031343454e-06
1.8447466417566077e-06
1.842823124999154e-06
1.8467457888737512e-06
1.9029678673733415e-06
1.965636240705123e-06
1.955995439601773e-06
1.934971162607438e-06
1.853555195188223e-06
1.8677200509678809e-06
1.8528263212166885e-06
1.910080251022206e-06
1.915850592177531e-06
1.8583138536797107e-06
1.9101758314432354e-06
1.8900598592870414e-06
1.904708276051888e-06
1.9312457816661493e-06
1.8335984804622986e-06
1.876789016352621e-06
1.877735233970861e-06
1.8421951121553784e-06
1.8047583984054441e-06
1.8761539885474316e-06
1.9138201919464398e-06
1.978467502813778e-06
1.924492596321135e-06
