4.580645466885842e-08
3.6532335248984135e-07
5.420199530200249e-07
6.052418191751464e-07
7.387814428640068e-07
8.014466339462972e-07
8.934768784326258e-07
9.123739027364199e-07
9.343637944600682e-07
1.0437709123098258e-06
1.056029100889649e-06
1.0793673566304491e-06
1.1151759751062625e-06
1.170837779042313e-06
1.1822406546838512e-06
1.2507077485158832e-06
1.1707115663226464e-06
1.2083690323550185e-06
1.2218003238183066e-06
1.2109965574852438e-06
1.2340470074840066e-06
1.2712821375548025e-06
1.2438801647738126e-06
1.2962323771004484e-06
1.2767184200048466e-06
1.2703043544545419e-06
1.3815500237294922e-06
1.405771849559662e-06
1.3787384403542465e-06
1.4172149218266144e-06
1.3756504329971295e-06
1.4064878387094648e-06
1.4068483690511265e-06
1.430474910788201e-06
1.426880233396986e-06
1.4492652298180812e-06
1.4913939153988546e-06
1.515105348025866e-06
1.4784597233019122e-06
1.475922017252414e-06
1.4485401362809927e-06
1.400482622994987e-06
1.3886701686914543e-06
1.3657973659321352e-06
1.3929775194328473e-06
1.3942960137596411e-06
1.3653203913904788e-06
1.3758870573917699e-06
1.346059660190677e-06
1.3898525373914399e-06
1.3945008507169135e-06
1.3985768872117404e-06
1.466795821316666e-06
1.4982529793934999e-06
1.5018816101790407e-06
1.4627105587513048e-06
1.4008874336259271e-06
1.3933437135661008e-06
1.3824098083707047e-06
1.4041559696638209e-06
1.399036432103642e-06
1.4346680633312956e-06
1.4844480334166326e-06
1.4833569942961226e-06
1.4863152441044642e-06
1.4406016616284036e-06
1.3181198141018913e-06
1.2791924957410498e-06
1.2697862015605367e-06
1.3384077851686916e-06
1.3236301194555752e-06
1.3972010508872197e-06
1.349679763861809e-06
1.381812196748409e-06
1.3744671423597986e-06
1.3937464894979964e-06
1.468763450489444e-06
1.4213068066169074e-06
1.4304622347540318e-06
1.408050009653776e-06
1.4403267274762054e-06
1.4349599285616059e-06
1.4381558223283774e-06
1.428569165118221e-06
1.4283843423258691e-06
1.4131249809433654e-06
1.4012953483054383e-06
1.4042755769363763e-06
1.4479060860330468e-06
1.447506193922416e-06
1.4174849746512325e-06
1.3762609356106965e-06
1.4070591182693658e-06
1.3611541130121317e-06
1.378598538632168e-06
1.4681782552494734e-06
1.4742532263560602e-06
1.50325162780993e-06
1.4165337436009042e-06
1.452382116388946e-06
1.3529110861012886e-06
1.3444873830722787e-06
1.3590331071496122e-06
1.365907527274666e-06
1.4050386071447682e-06
1.4042020142750101e-06
1.4225098174435118e-06
1.4006635617362205e-06
1.4079351821956983e-06
1.3526410288238913e-06
1.366493055599553e-06
1.281376819085416e-06
1.2843244620913183e-06
1.3418400468115412e-06
1.3544689077792787e-06
1.363828592984902e-06
1.4254738546791751e-06
1.4336375355439832e-06
1.4479765664151089e-06
1.4567366678688012e-06
1.4926065715656837e-06
1.5368643797919482e-06
1.584342743965876e-06
1.5868334562289668e-06
1.5002098376459923e-06
1.4976880447030603e-06
1.4703516745495573e-06
1.4620863631539384e-06
1.44949301161675e-06
1.440141869984169e-06
1.3787593151901017e-06
1.4246953225023067e-06
1.4249194522388209e-06
1.3818474641751142e-06
1.380953163816484e-06
1.3415944496682453e-06
1.3906547955687347e-06
1.3842387397812526e-06
1.3412170701154411e-06
1.3803238767731324e-06
1.3984595490243627e-06
1.4173832891674366e-06
1.4741645839639002e-06
1.4778925077678363e-06
1.4091375110789676e-06
1.3139736286724168e-06
1.3834063686445264e-06
1.4160811324967495e-06
1.371513805554636e-06
1.3248467666875248e-06
1.3088277712624505e-06
1.302371588581538e-06
1.3340540057440693e-06
1.3730192222498771e-06
1.3715223181285809e-06
1.4177597912175589e-06
1.3744602106203282e-06
1.3925319465299562e-06
1.4173702812475645e-06
1.45313246323258e-06
1.4405136165095766e-06
1.4302525543442805e-06
1.3977661612935727e-06
1.477136556952082e-06
1.4868626476791864e-06
1.4170730230569003e-06
1.4461058122914036e-06
1.4199974839338712e-06
1.4504867811196465e-06
1.427294692943685e-06
1.4318583600652924e-06
1.3437812405825891e-06
1.3585848210175409e-06
1.3616768252007842e-06
1.3627508617073416e-06
1.3530388614412951e-06
1.4066615772317292e-06
1.3939421699186198e-06
1.3798096126355723e-06
1.3961830034801279e-06
1.332932693498613e-06
1.3532857557548467e-06
1.31729359716121e-06
1.3925783239274626e-06
1.4005082422115264e-06
1.343667582762422e-06
1.3631984907564952e-06
1.3876837168694851e-06
1.402638541056635e-06
1.385848689840779e-06
1.362246604187205e-06
1.2872847803456028e-06
1.317641444092771e-06
1.3528626331369662e-06
1.3763343700057806e-06
1.3217512793768578e-06
1.335734874343759e-06
1.3814652056184057e-06
1.3222537198468203e-06
1.3248109311130825e-06
1.2808330079747103e-06
1.3301301446421245e-06
1.398581389739041e-06
1.4273003249131979e-06
1.4260622452054529e-06
1.410292368692661e-06
1.4075421982626565e-06
1.4239168280213396e-06
1.4042573937516015e-06
1.4138871558441475e-06
1.3918144125453195e-06
1.382563762063617e-06
1.369183329399893e-06
1.3735712825827859e-06
1.2893402894397575e-06
1.312893353931267e-06
1.3733985966660034e-06
1.366775257046976e-06
1.3733864536358788e-06
1.4176193349362524e-06
1.3902321663455302e-06
1.4423885453796802e-06
1.3639380475706309e-06
1.394578108520087e-06
1.4078436315938752e-06
1.3782082586752656e-06
1.354601729360061e-06
1.3436690824337622e-06
1.3372502972547497e-06
1.3640434573980762e-06
1.3826123674535474e-06
1.4326422875422585e-06
1.4540348224804278e-06
1.4101648297807629e-06
1.4381587503243708e-06
1.5196715018791688e-06
1.4846863568100763e-06
1.4375281156021365e-06
1.4408766425107198e-06
1.4681070993524138e-06
1.4813915451810862e-06
1.412842992525011e-06
1.4017978961656054e-06
1.388186507579487e-06
1.4658347484419355e-06
1.4784595806086432e-06
1.4696757297467733e-06
1.3967627561782864e-06
1.374954211671533e-06
1.3955728157078178e-06
1.327872215227557e-06
1.350447818628764e-06
1.3468471251437279e-06
1.3943383822352819e-06
1.4602043930739514e-06
1.4635742359395962e-06
1.4590254978854611e-06
1.4322173906549847e-06
1.3943773700341833e-06
1.3852867338220486e-06
1.395640711798473e-06
1.3889657575957097e-06
1.4688853455006726e-06
1.3947889126203023e-06
1.4019660828134153e-06
1.3528277502245246e-06
1.3480633215090527e-06
1.3803564207680355e-06
1.3016424165075158e-06
1.3416972613691672e-06
1.3280592933278025e-06
1.3662768486361612e-06
1.3509344408673955e-06
1.3609468063183666e-06
1.3972278738793682e-06
1.421722815728863e-06
1.4138489385451953e-06
1.418937987893793e-06
1.4108019094025365e-06
1.4262272696451523e-06
1.4165786380330948e-06
1.3585536762686326e-06
1.2902359419279701e-06
1.3199649677040497e-06
1.3117389681289798e-06
1.3035548720088052e-06
1.308568203320197e-06
1.3025734108914833e-06
1.276588294577355e-06
1.2653129981230624e-06
1.2731557386103661e-06
1.2742913001268347e-06
1.3866312726445634e-06
1.3819336401311992e-06
1.385371307100735e-06
1.3742219377456441e-06
1.4101363930343066e-06
1.395377141129972e-06
1.3545466814380193e-06
1.3893109503962612e-06
1.397133150771314e-06
1.3601045900266975e-06
1.3524029872798248e-06
1.3436999042737755e-06
1.3992999316792026e-06
1.3476784924391738e-06
1.3432985837946975e-06
1.3699783695435891e-06
1.3635780346037303e-06
1.329146698552859e-06
1.2854829556793957e-06
1.291280895228724e-06
1.3579937740320765e-06
1.4007466470073348e-06
1.3848852973825182e-06
1.3426956482234345e-06
1.3290670535422295e-06
1.372588244374813e-06
1.4250118893433212e-06
1.4550312654240392e-06
1.4765003818650375e-06
1.5089432417818537e-06
1.56079804004163e-06
1.4925819515630331e-06
1.3910347458643214e-06
1.3749639387001918e-06
1.350433828030761e-06
1.3621359843647516e-06
1.4335575347538164e-06
1.4476710402889853e-06
1.410131701764523e-06
1.4402024491653172e-06
1.5109959555667485e-06
1.4436754464962344e-06
1.44196810681637e-06
1.4250977975998212e-06
1.3635247430300337e-06
1.4320697023503583e-06
1.4208922129806523e-06
1.4608540168089755e-06
1.4497769363586681e-06
1.5053109954352957e-06
1.4758148601125603e-06
1.4637862248836378e-06
1.4384119077563193e-06
1.4351946834744557e-06
1.4827734105273808e-06
1.4813354478403198e-06
1.4401169483282344e-06
1.4900284119810274e-06
1.4866337205499844e-06
1.5362285495373659e-06
1.471246350127595e-06
1.439891434251545e-06
1.4173469883650978e-06
1.41183063365526e-06
1.4058149697208697e-06
1.391815638439262e-06
1.414736173092472e-06
1.3644679593529778e-06
1.3733313239168387e-06
1.4180110496067487e-06
1.3706195342364696e-06
1.3079027746754786e-06
1.3997920814836328e-06
1.3961260979755465e-06
1.36308900343047e-06
1.3224727341283658e-06
1.3514720412149825e-06
1.365127430983616e-06
1.4337069975251892e-06
1.421254806076639e-06
1.4230820514085909e-06
1.4332000177762335e-06
1.3923244283556413e-06
1.3470343999038906e-06
1.3906411197648935e-06
1.3470156943265993e-06
1.27369248589398e-06
1.3310793627723007e-06
1.4104242054109921e-06
1.4176526517272005e-06
1.3230342615519368e-06
1.3121153488240384e-06
1.3238842560524366e-06
1.3005653850126947e-06
1.3462125489841234e-06
1.3648911479374243e-06
1.3549159432975075e-06
1.2902885555399721e-06
1.3465858906153913e-06
1.3842714521977024e-06
1.3878189854823885e-06
1.3177916932331002e-06
1.3450879292987786e-06
1.3327652585688603e-06
1.318037881653018e-06
1.3277069467281015e-06
1.3385054317277896e-06
1.2931418027096446e-06
1.2200737819504966e-06
1.231761267528451e-06
1.3063067547340468e-06
1.2305742335919851e-06
1.2450265312152511e-06
1.2724251423658844e-06
1.2699475185985642e-06
1.2707329543020004e-06
1.25617238579267e-06
1.2510522204140497e-06
1.2777514911444108e-06
1.344899312414707e-06
1.3800243703629034e-06
1.332302044354723e-06
1.3623916128933273e-06
1.263442543576775e-06
1.2866415539819665e-06
1.3100987237936064e-06
1.2688829706876795e-06
1.3274619094577641e-06
1.3444230335775062e-06
1.3805059811440527e-06
1.311619272393087e-06
1.3566880140390393e-06
1.4314772634880028e-06
1.3557177198221412e-06
1.345245897412232e-06
1.3485261567486491e-06
1.3223510117852488e-06
1.3390309659641617e-06
1.3033433053446096e-06
1.3507108756016172e-06
1.4513143943277324e-06
1.4773234817715636e-06
1.497922876144421e-06
1.5344595380471197e-06
1.4695821744917308e-06
1.3816068442109325e-06
1.3622655593696356e-06
1.3370271948769665e-06
1.2511920801502338e-06
1.2382572349515381e-06
1.3069216598931234e-06
1.3191699428797973e-06
1.289977029802422e-06
1.3445431119388753e-06
1.3640582162639192e-06
1.2921954473847592e-06
1.2564321147287947e-06
1.3274294802763678e-06
1.3456845334812106e-06
1.32630554329353e-06
1.2641177211717456e-06
1.2778742613765294e-06
1.2201918476828195e-06
1.2348056132732034e-06
1.2386873433915889e-06
1.307426023445634e-06
1.3589300856252283e-06
1.4037913078173664e-06
1.4384107644958244e-06
1.4411595039102606e-06
1.4748512599099348e-06
1.4672598761392845e-06
1.478596563281107e-06
1.4464741052989586e-06
1.434943841588088e-06
1.4034475009557324e-06
1.4543511973190706e-06
1.4299000441112002e-06
1.456424536278016e-06
1.481481027402329e-06
1.4222982698620232e-06
1.405838575742924e-06
1.3778113174845516e-06
1.3445431817940083e-06
1.423487072573429e-06
1.3780061617850293e-06
1.360293544930411e-06
1.3687673085742334e-06
1.3226308004453345e-06
1.3511080758332575e-06
1.3302289442265046e-06
1.3417156023719047e-06
1.2985488332455175e-06
1.2630627923300144e-06
1.253182649676771e-06
1.2885790232677995e-06
1.4012616863139601e-06
1.4355055574085187e-06
1.4707439508357237e-06
1.4419267088935478e-06
1.3790744655979012e-06
1.4037801227093714e-06
1.3925228737720772e-06
1.343589854299701e-06
1.4246015875524963e-06
1.3982143539260521e-06
1.4265819972089641e-06
1.3666767119504638e-06
1.2620072203105844e-06
1.261729136329514e-06
1.2510772156563093e-06
1.267652585315693e-06
1.2887683085730085e-06
1.3372286823697847e-06
1.3486017136445921e-06
1.3977213196609196e-06
1.3901796332143175e-06
1.4812747613155303e-06
1.5466047048848274e-06
1.4628530518777795e-06
1.4735870697683001e-06
1.437714726998664e-06
1.4395116988241455e-06
1.4513014490875597e-06
1.4430616410283083e-06
1.4599764913498705e-06
1.3923603602672228e-06
1.405434272674908e-06
1.307350031638837e-06
1.3285298421494076e-06
1.3414700532340315e-06
1.3500485223218956e-06
1.3657832323335633e-06
1.3944346992541545e-06
1.421103615376632e-06
1.4620066741214002e-06
1.4515306463876148e-06
1.4383044558238355e-06
1.4567339688123848e-06
1.4067871013992766e-06
1.4426640458065516e-06
1.3929388401301141e-06
1.3576374496857409e-06
1.3218846642555488e-06
1.2449623342542972e-06
1.3213391600656981e-06
1.2677408609092227e-06
1.3410592907431542e-06
1.404496065717457e-06
1.4724087869346475e-06
1.45118043740011e-06
1.510590698154151e-06
1.537709692753579e-06
1.5193596542790124e-06
1.5715961232075232e-06
1.5437452340269074e-06
1.4946383238346752e-06
1.4636087970389945e-06
1.4198712201296904e-06
1.4151294251179008e-06
1.3807655816464633e-06
1.4647268741589794e-06
1.4887362557639506e-06
1.4502125670090155e-06
1.4207415089304905e-06
1.4443872873924224e-06
1.420387093843214e-06
1.3933619486560024e-06
1.3935907828524875e-06
1.438365316579575e-06
1.4010095864389071e-06
1.3437137840413074e-06
1.307674979321735e-06
1.2981810939593845e-06
1.2983891688060965e-06
1.3130489223379037e-06
1.3229030778685413e-06
1.2746322792866717e-06
1.2725786087351367e-06
1.2349296899686421e-06
1.260761108799876e-06
1.2885018648356082e-06
1.2811437057443344e-06
1.329208170056231e-06
1.3539734705425398e-06
1.3395560159945864e-06
1.4052212917678783e-06
1.3814452170932762e-06
1.3571230167015143e-06
1.3805328010093873e-06
1.4026014396968114e-06
1.3943648347396093e-06
1.3723633398018243e-06
1.4143796493846905e-06
1.4098189411855858e-06
1.3780235167066188e-06
1.3808392221156458e-06
1.313496773873015e-06
1.3765310129447021e-06
1.3292818293778328e-06
1.3285549876185746e-06
1.2996463071623044e-06
1.331401106981365e-06
1.2876492994565658e-06
1.3512116551267006e-06
1.367436676461147e-06
1.3827006534978642e-06
1.3851921054575648e-06
1.4306903978414346e-06
1.4645420942221333e-06
1.4498214295397256e-06
1.4256081978568386e-06
1.3894785945388884e-06
1.3742425528303243e-06
1.3661557413591363e-06
1.3201757534811508e-06
1.3390224868688325e-06
1.337941199906917e-06
1.3491014756960244e-06
1.3531063455826664e-06
1.4126287472855306e-06
1.4163574535081641e-06
1.3900422538985665e-06
1.3869506743863595e-06
1.3993970216660466e-06
1.3786250714664433e-06
1.3270128420408045e-06
1.3223827253384677e-06
1.3321374553755388e-06
1.3494201307813603e-06
1.4254588666537483e-06
1.4418757547578887e-06
1.425352967307083e-06
1.3225784484120076e-06
1.354424110752401e-06
1.3382562432937618e-06
1.325638175247576e-06
1.352525251959151e-06
1.41128056225498e-06
1.4108842072746815e-06
1.3668893670718911e-06
1.352138480002699e-06
1.380877371413307e-06
1.315591395562032e-06
1.4136702710979053e-06
1.3320326111584101e-06
1.3640102246283818e-06
1.3634279843582155e-06
1.4214031886183906e-06
1.31444529960781e-06
1.3111819679180488e-06
1.3154906041671454e-06
1.3649579735672533e-06
1.4153536436644157e-06
1.4221009292800297e-06
1.4565787264936962e-06
1.4236887446890298e-06
1.4099992968998093e-06
1.4727560693793743e-06
1.4066511410475134e-06
1.3899189959076312e-06
1.406603386896116e-06
1.3708802512307624e-06
1.3655600259052993e-06
1.39153870805229e-06
1.354050722599205e-06
1.295795510639203e-06
1.4152282517093404e-06
1.4303825642305708e-06
1.4336222857731183e-06
1.371522207021498e-06
1.314365217169817e-06
1.3321203520114473e-06
1.3291529029125566e-06
1.3634604775196272e-06
1.4222475046114835e-06
1.4109000782143292e-06
1.478217764436668e-06
1.4184573104545604e-06
1.3891844420814207e-06
1.3810318956381923e-06
1.3340894357365877e-06
1.3215566895601665e-06
1.3103570027114353e-06
1.351145029404375e-06
1.3458415351932615e-06
1.3175383887527002e-06
1.3550162505413354e-06
1.3646290187279328e-06
1.382984182143574e-06
1.4164141529867377e-06
1.3890964402553122e-06
1.3954608245585577e-06
1.4257645136057422e-06
1.4158373782298643e-06
1.3864109199507666e-06
1.4032541754542482e-06
1.4218886757292634e-06
1.3789750520454846e-06
1.3310176349455766e-06
1.3303791459058404e-06
1.3481096937797984e-06
1.3278420322468464e-06
1.3748101567568252e-06
1.4230957038842348e-06
1.4043546598779111e-06
1.3479522174692303e-06
1.3303901183892738e-06
1.3606538470301617e-06
1.3404092408885968e-06
1.4055627741113238e-06
1.4375330506263343e-06
1.3853864120706186e-06
1.4302715975728476e-06
1.4113209439779872e-06
1.331485932454449e-06
1.2982122040061532e-06
1.2853702988850408e-06
1.3307853753728605e-06
1.3974001939666824e-06
1.4378104584540377e-06
1.4265773926688636e-06
1.4372594857596512e-06
1.3544068387863502e-06
1.316374522246157e-06
1.3332735786044458e-06
1.302412006961116e-06
1.2614837388915835e-06
1.3027643243430295e-06
1.2672457407072096e-06
1.2449337440450117e-06
1.2941590225832098e-06
1.3296258902214424e-06
1.379121804088612e-06
1.3365854230622317e-06
1.3434875118251897e-06
1.4045564737585771e-06
1.4110893116498255e-06
1.3617329366796413e-06
1.4107527655264223e-06
1.3522120235962204e-06
1.3737901979195053e-06
1.392907890561575e-06
1.3627769730439783e-06
1.2982718407777982e-06
1.3073059874113035e-06
1.2857301046917838e-06
1.2673280100208826e-06
1.3204889504648397e-06
1.3432838546526975e-06
1.3911178511840208e-06
1.3487539999281372e-06
1.365798056816829e-06
1.3539847959548076e-06
1.3881561637546248e-06
1.4061530647132184e-06
1.4228313067507488e-06
1.4426703949942747e-06
1.3925769396242276e-06
1.394273961971851e-06
1.3828922025635954e-06
1.3978521639019207e-06
1.4355027362793528e-06
1.4350689640490387e-06
1.4642460206102662e-06
1.4585828656773272e-06
1.3804402040808727e-06
1.4200042033371124e-06
1.4525502898181934e-06
1.4065702070944802e-06
1.4378051256067226e-06
1.450526159579515e-06
1.468299613587266e-06
1.433121450182117e-06
1.4070320525293681e-06
1.3921052449389286e-06
1.4039416020118554e-06
1.3973227741697054e-06
1.3854397123505943e-06
1.3979420970562255e-06
1.3896954798874978e-06
1.2864314554604043e-06
1.3321112033396344e-06
1.3054486661233885e-06
1.3109502434564432e-06
1.3194020892827359e-06
1.292847021228957e-06
1.2887487366504423e-06
1.2931024311767057e-06
1.3157158627860444e-06
1.3268529731250372e-06
1.3842660981866158e-06
1.4164583698915877e-06
1.4280267563154016e-06
1.4448928582237298e-06
1.4172158803268581e-06
1.4214269877530697e-06
1.3705168263435963e-06
1.3525087385027324e-06
1.3499257487994013e-06
1.314447328742129e-06
1.2479452736476763e-06
1.3137989316011146e-06
1.305382603372672e-06
1.3812179807644811e-06
1.438228884059082e-06
1.4513271537410246e-06
1.4069911087439744e-06
1.384323686792525e-06
1.4354422618556025e-06
1.444905546786788e-06
1.4329764302737809e-06
1.399872278322397e-06
1.4233829698618676e-06
1.404200797392277e-06
1.4167240107161267e-06
1.4274927576739784e-06
1.4234267140139169e-06
1.4290352985163787e-06
1.4348029512553432e-06
1.4477913065573516e-06
1.4370823717954955e-06
1.426134949928388e-06
1.4418861705879234e-06
1.4436984067092133e-06
1.385077771243649e-06
1.3901759847574748e-06
1.3993462135015417e-06
1.4089161567046352e-06
1.3911740483172543e-06
1.3332300368843948e-06
1.3414903876054318e-06
1.358576196026196e-06
1.4135722065725556e-06
1.3376972342646102e-06
1.3334452141582108e-06
1.3324567636271075e-06
1.263637849561613e-06
1.2598008545041514e-06
1.3172259204732802e-06
1.3294064581327509e-06
1.3072031424925117e-06
1.350814618484348e-06
1.3440874882218863e-06
1.3730958591887028e-06
1.343890618514636e-06
1.376057325144441e-06
1.395562830489068e-06
1.345527382409476e-06
1.3722389083000028e-06
1.3259326066056326e-06
1.3048246247336709e-06
1.330831242987862e-06
1.3144038555406787e-06
1.3053163193242815e-06
1.386499371546791e-06
1.3389152254936585e-06
1.3494384218231634e-06
1.3494332958430194e-06
1.3376194592166171e-06
1.3556720738847172e-06
1.4689409195734164e-06
1.4157213111123326e-06
1.395448568723667e-06
1.3345553355233446e-06
1.3535798533847873e-06
1.4904190872907212e-06
1.4805169033739812e-06
1.5140590337273078e-06
1.4431606463782404e-06
1.4271872677891016e-06
1.4317040185807355e-06
1.4009207289706293e-06
1.3863557693701413e-06
1.3429981271495504e-06
1.3794253716100248e-06
1.3618387748018957e-06
1.3434782303772119e-06
1.3630000341890188e-06
1.4077336636213162e-06
1.3761213706856544e-06
1.3779582949720854e-06
1.3808056764843352e-06
1.3860348294571093e-06
1.3312290308938274e-06
1.392094943802382e-06
1.413235925339253e-06
1.4325574204640599e-06
1.4733381502879792e-06
1.4160302962998876e-06
1.400201598824469e-06
1.4133017006767517e-06
1.3529862242372412e-06
1.3041641505961625e-06
1.3078273659522044e-06
1.3381708898006078e-06
1.292816931194468e-06
1.3338229773988027e-06
1.3665093830237398e-06
1.3418564110212698e-06
1.3623609949302447e-06
1.3890857966108252e-06
1.4169843984805725e-06
1.380249511017078e-06
1.451364152187742e-06
1.3662142606061995e-06
1.3465459502516198e-06
1.3524178058513738e-06
1.2960444244399931e-06
1.3909713756992116e-06
1.3880109020138168e-06
1.3647544833023721e-06
1.3515659509583486e-06
1.3697501767098376e-06
1.340127268275483e-06
1.350654259445061e-06
1.4309312408850213e-06
1.4065326237702122e-06
1.3861080867485074e-06
1.3301848974487724e-06
1.3306102454433002e-06
1.4136494383254702e-06
1.4041089685568883e-06
1.401460463505256e-06
1.4468189412296989e-06
1.434341438455133e-06
1.4452242016091736e-06
1.462490892663815e-06
1.491209040193185e-06
1.5026639568908194e-06
1.5366044835811115e-06
1.5391139270060633e-06
1.5686119769965162e-06
1.4822218071666944e-06
1.4394327353015732e-06
1.3799174505575958e-06
1.3956751170661803e-06
1.3191621282543427e-06
1.331776067876388e-06
1.3251453432298694e-06
1.3918835416748825e-06
1.4029989125082242e-06
1.4026372186319664e-06
1.3940019891464385e-06
1.4490349037076356e-06
1.4391743072692567e-06
1.4289247346462264e-06
1.4045890003458738e-06
1.4794017016062483e-06
1.4627784918610458e-06
1.4760589787419244e-06
1.5086212777054068e-06
1.496669289525626e-06
1.5847720188897344e-06
1.5700026538152338e-06
1.546961612274048e-06
1.476616431596981e-06
1.4545123823557505e-06
1.486546836145498e-06
1.524084772089635e-06
1.5488926168323263e-06
1.513505862650168e-06
1.4583024982313235e-06
1.483893168720955e-06
1.3839055661571577e-06
1.3486143986872114e-06
1.3313456094634539e-06
1.3263509938717042e-06
1.3120347819372432e-06
1.299220394855617e-06
1.282502171645387e-06
1.2752237356857457e-06
1.2917498687659009e-06
1.356235292327303e-06
1.3550350844426083e-06
1.3251124203694768e-06
1.2993603844974786e-06
1.2280728875821693e-06
1.2648095768125828e-06
1.3231680084090863e-06
1.3334812864432122e-06
1.332271095140947e-06
1.3654541067399028e-06
1.3636722524583415e-06
1.3515746086849652e-06
1.3270334157002717e-06
1.4474229206609242e-06
1.4885695656728015e-06
1.4536252401939223e-06
1.4642003013367873e-06
1.5000435591199737e-06
1.4620670987964177e-06
1.456029576450293e-06
1.4982671489156515e-06
1.401794197789919e-06
1.4126189917216337e-06
1.4227397392160751e-06
1.5063789198301778e-06
1.460019204905476e-06
1.4617942518470058e-06
1.4904214099359792e-06
1.3939627193637033e-06
1.4023947936345911e-06
1.4006457619638156e-06
1.3994667959927078e-06
1.3571803884668104e-06
1.343739790031728e-06
1.3778635114004832e-06
1.3088231847057592e-06
1.3597603647503006e-06
1.33989555428681e-06
1.3540041898173058e-06
1.4074384504420712e-06
1.4327388713779825e-06
1.4686886781255657e-06
1.4301053800414065e-06
1.436481996111961e-06
1.44813073812478e-06
1.475327016459239e-06
1.429175474554658e-06
1.4585298662489985e-06
1.392398237126238e-06
1.286296579741276e-06
1.3179546695421126e-06
1.2749450441689701e-06
1.3466804762061302e-06
1.343847644084367e-06
1.371775471232333e-06
1.3684348773222658e-06
1.3330386381399702e-06
1.3088176850886758e-06
1.3575482646851233e-06
1.3905910296153583e-06
1.3687065130840434e-06
1.4005068278730238e-06
1.4194058233454935e-06
1.41959870567912e-06
1.4147363865006842e-06
1.3886615216933416e-06
1.4511372950730547e-06
1.4585322688674683e-06
1.4068917291414268e-06
1.3665747407924792e-06
1.3938974827089004e-06
1.4425087548935884e-06
1.4084739668824664e-06
1.3464604230361165e-06
1.3398182815022558e-06
1.3393611772462354e-06
1.3471461294946676e-06
1.294251906844294e-06
1.3113487254385224e-06
1.4034630227154285e-06
1.4135907927793012e-06
1.4090862955426152e-06
1.4323532766497244e-06
1.464113637261327e-06
1.4572153530812657e-06
1.438117305240492e-06
1.4386681317916637e-06
1.3839103189959883e-06
1.38972839855999e-06
1.3966725788224666e-06
1.3850539876090918e-06
1.3904586789214728e-06
1.3445787583799462e-06
1.3367651026310504e-06
1.3772564778927572e-06
1.3331064268294534e-06
1.3988147283967779e-06
1.3600945237269165e-06
1.3642793086099087e-06
1.3634490138955766e-06
1.3460037417800462e-06
1.3622849063388426e-06
1.3859180653220003e-06
1.4309986706229417e-06
1.4097348830740286e-06
1.346837575447699e-06
1.333700135251613e-06
1.3428678868644923e-06
1.3359994371341583e-06
1.3481922862523212e-06
1.3814928600199474e-06
1.3529785440173507e-06
1.3909979007237544e-06
1.3975442219866534e-06
1.4009011795810103e-06
1.4289264974733735e-06
1.4714653594723782e-06
1.4133722240381833e-06
1.3602381366991941e-06
1.2745531328046555e-06
1.3043911416495456e-06
1.3457280560435674e-06
1.3030527063600043e-06
1.3218975946076677e-06
1.2743981913560864e-06
1.27311963585698e-06
1.3117913038706114e-06
1.2877682649929204e-06
1.2689114211089158e-06
1.293370482752202e-06
1.3289718522865352e-06
1.339773135505548e-06
1.358756212063738e-06
1.4463659413187978e-06
1.446165815116752e-06
1.5007854633935387e-06
1.588243928098772e-06
1.5752942669143432e-06
1.5438128768572853e-06
1.5178648180379193e-06
1.4916333711534227e-06
1.4640485313931409e-06
1.5083068173779053e-06
1.507376237169046e-06
1.5059343869877184e-06
1.5241566311516077e-06
1.470360245112549e-06
1.4410621069512403e-06
1.4378190468036088e-06
1.4579600945177901e-06
1.437438389435784e-06
1.4753029462972668e-06
1.4194299630281307e-06
1.3649933242029724e-06
1.3169662174275056e-06
1.3423228378953695e-06
1.3664063432407638e-06
1.318772768308151e-06
1.3554046220236667e-06
1.3574432563060873e-06
1.3941770550524193e-06
1.3664223588867225e-06
1.3444416650242904e-06
1.3523718745604053e-06
1.3328240656438968e-06
1.3119947693536495e-06
1.3184880505385463e-06
1.3157050874416952e-06
1.2986639673213692e-06
1.349045983158911e-06
1.4873120986136218e-06
1.496005277524299e-06
1.470685976502869e-06
1.4385019416202905e-06
1.444147223910025e-06
1.4175740608220219e-06
1.3523666760609953e-06
1.4082341684514658e-06
1.3045243701144166e-06
1.280898401079272e-06
1.2725038953553603e-06
1.3219826763837987e-06
1.332733470989277e-06
1.3919245243667411e-06
1.3073959340100196e-06
1.2887407503471144e-06
1.3328324249828926e-06
1.3605629562255857e-06
1.3844230108848903e-06
1.3916070614238547e-06
1.4379731156194333e-06
1.4321350347338135e-06
1.4234782358990202e-06
1.4080139555720075e-06
1.3799323396023645e-06
1.3122185213223336e-06
1.3255498077979584e-06
1.2842636333885506e-06
1.3498271046984568e-06
1.2990434686812818e-06
1.4132195687486263e-06
1.4016559843420417e-06
1.4160148346103085e-06
1.4192022296446923e-06
1.448705317609554e-06
1.450218614480481e-06
1.4199591336833204e-06
1.3873200197162033e-06
1.4181935702405364e-06
1.4045352121869498e-06
1.4195446268215049e-06
1.4370082046250018e-06
1.449177767723362e-06
1.4407637158917444e-06
1.453132250873092e-06
1.41900568460964e-06
1.4105896352098233e-06
1.4238738471272092e-06
1.426659266889894e-06
1.3724230756051834e-06
1.3658274084926212e-06
1.3352264245288733e-06
1.276490254521116e-06
1.337079740279019e-06
1.3244767435629902e-06
1.4101422345418982e-06
1.3505718533731221e-06
1.3011527274195897e-06
1.3455163509405465e-06
1.3611552676579958e-06
1.3760580892130497e-06
1.3786595610646862e-06
1.374275617964916e-06
1.4018086091182982e-06
1.4020746168705266e-06
1.374463918731805e-06
1.3689735315444073e-06
1.365884829757693e-06
1.2894883901492742e-06
1.2893529668823427e-06
1.320565519745076e-06
1.297941879205328e-06
1.3446607351564734e-06
1.3951728153770844e-06
1.4518983381089944e-06
1.4704491411037874e-06
1.4639526592509462e-06
1.4270083390541971e-06
1.4184272145560203e-06
1.4498363433554814e-06
1.4494045127004832e-06
1.4729663962348594e-06
1.4355442522309597e-06
1.4806211904607616e-06
1.4263717039936706e-06
1.430412076498633e-06
1.4477106547415253e-06
1.4197071777703142e-06
1.4295031355199684e-06
1.3729397394559755e-06
1.3972883849579296e-06
1.4529863917413332e-06
1.4554593140732466e-06
1.4853147042339386e-06
1.4747371128004936e-06
1.4278524223400148e-06
1.3750063055681364e-06
1.3825876317979807e-06
1.3755231132604024e-06
1.3493458489087698e-06
1.4112791723056486e-06
1.4002152901594566e-06
1.5112234120132083e-06
1.4694989385882634e-06
1.4432101701473946e-06
1.4576209799021445e-06
1.4881629815309479e-06
1.5178718598579635e-06
1.451586074424819e-06
1.432535753851494e-06
1.432266721798252e-06
1.3862450104075655e-06
1.3935218542201269e-06
1.4021682026620835e-06
1.4367667457486233e-06
1.4526937345031168e-06
1.4329777344131266e-06
1.391030774686542e-06
1.3760656702612102e-06
1.3750834315259246e-06
1.3215003442527057e-06
1.3124973660302525e-06
1.348164424598498e-06
1.3692453257690506e-06
1.3526505802545193e-06
1.3523133921238667e-06
1.378112557668705e-06
1.34450730309595e-06
1.3443315129753287e-06
1.4276435612450988e-06
1.3790830895072777e-06
1.4090702733116307e-06
1.4432960415512174e-06
1.4546605069180712e-06
1.4476808999738482e-06
1.4216639561945785e-06
1.4094665967431636e-06
1.3459642716473932e-06
1.3104344066598866e-06
1.3128695730490964e-06
1.3531368993371514e-06
1.3400885626509216e-06
1.3485606496924295e-06
1.3411204556829527e-06
1.287120459080588e-06
1.2828078203718922e-06
1.2718955725485774e-06
1.293551944187758e-06
1.2876894929507284e-06
1.2693219101304682e-06
1.312675034998881e-06
1.2825190651221013e-06
1.3470727224991226e-06
1.3917063166273268e-06
1.3765496465854768e-06
1.414996105662447e-06
1.4117111508480028e-06
1.3685185075552443e-06
1.3150981131235465e-06
1.3467681377066899e-06
1.3200412439018337e-06
1.4014974975469965e-06
1.4658515430966112e-06
1.4672983214014414e-06
1.4434516181286335e-06
1.4161653168720908e-06
1.4084434422670519e-06
1.407040710414058e-06
1.362668373654012e-06
1.3716772300344195e-06
1.37018395172917e-06
1.354879539359113e-06
1.3360579207686238e-06
1.2827083782032525e-06
1.3516190801250658e-06
1.400697756228243e-06
1.4349921782947014e-06
1.4484513214715726e-06
1.3974894434359542e-06
1.4295237451879889e-06
1.388335451864017e-06
1.3879291081044218e-06
1.4471589987616931e-06
1.4395871416228593e-06
1.4408205087779617e-06
1.4695522396200342e-06
1.4359457686267587e-06
1.4615078602349054e-06
1.5086144914608088e-06
1.413459736269097e-06
1.3609660486097435e-06
1.444544960130658e-06
1.4331829187083785e-06
1.3784354576506642e-06
1.4245904483082554e-06
1.370167783543204e-06
1.4036523289908044e-06
1.3289103764984467e-06
1.3289307651689759e-06
1.3919985535962514e-06
1.389849243524473e-06
1.3900527365961315e-06
1.3790297973482125e-06
1.3790134797884055e-06
1.3858210967915146e-06
1.3472646825174253e-06
1.3226573170770145e-06
1.3882805932848514e-06
1.3876598495196664e-06
1.3971105160915399e-06
1.3616311215748283e-06
1.3769579646724646e-06
1.4163080763400824e-06
1.4662318500752842e-06
1.4519006035223265e-06
1.4493217193170459e-06
1.5187962377879187e-06
1.5129421760666755e-06
1.497321114872723e-06
1.4819351206111543e-06
1.4713561954102088e-06
1.438082283923872e-06
1.513659182662124e-06
1.4806176717735576e-06
1.4293901721771607e-06
1.402359618909416e-06
1.3830508437536419e-06
1.341765968430761e-06
1.3863386383711988e-06
1.3288285956600383e-06
1.3365781765580887e-06
1.2917680221483672e-06
1.2762930339461546e-06
1.2681867781362263e-06
1.3080672947398729e-06
1.2881455809595612e-06
1.3089352640323517e-06
1.3491078469369902e-06
1.3908752868486796e-06
1.3369419292066716e-06
1.3381746033581726e-06
1.3815973377876102e-06
1.4110206947055583e-06
1.4176152950882535e-06
1.4225659685790139e-06
1.4006909459396745e-06
1.3933482137245869e-06
1.4965798162617684e-06
1.418671908852132e-06
1.4865000519420361e-06
1.4959489608386728e-06
1.4411610438083802e-06
1.4085662978506891e-06
1.393416634448831e-06
1.367526658632608e-06
1.3673178640876542e-06
1.3936390414769523e-06
1.3884601893307617e-06
1.3503647540995101e-06
1.4227360059819414e-06
1.4262954047043412e-06
1.4003108511566963e-06
1.3829423235520235e-06
1.3654731590330915e-06
1.425417365752746e-06
1.406980488241439e-06
1.408191551363823e-06
1.4358865636555516e-06
1.4922510219671782e-06
1.42086405879574e-06
1.4216208343506708e-06
1.409456437102702e-06
1.3935544321073072e-06
1.352299008729748e-06
1.3350377619193249e-06
1.2871717512365764e-06
1.2967827968214291e-06
1.330650735771381e-06
1.4528753498378284e-06
1.4836810751137023e-06
1.5283430388725669e-06
1.4998359230848397e-06
1.4657118190752047e-06
1.4852259471027334e-06
1.4807216455624397e-06
1.475667341387728e-06
1.4578477302401654e-06
1.414118222356733e-06
1.453583648933162e-06
1.43399879262875e-06
1.44028626681454e-06
1.440062685103515e-06
1.467622805251031e-06
1.4779217693207476e-06
1.4795349948560133e-06
1.4670527771412868e-06
1.4513142081149503e-06
1.5313206399155953e-06
1.4908380375968152e-06
1.5444778020324337e-06
1.479356700557511e-06
1.4912787709385162e-06
1.4729987441447999e-06
1.4347108296709248e-06
1.4041344947526286e-06
1.4036050810399701e-06
1.3350060395824858e-06
1.3464397026156078e-06
1.372671706869839e-06
1.4591521100156695e-06
1.5163132698125218e-06
1.5241897759548598e-06
1.5243515333936078e-06
1.4858260502264857e-06
1.452984912984902e-06
1.4288842448280617e-06
1.429806186816607e-06
1.4711965464636992e-06
1.4942211541419482e-06
1.4986902463136691e-06
1.451527389131581e-06
1.4311511337691536e-06
1.3991752791529327e-06
1.412826137929559e-06
1.4318683076180443e-06
1.4521093684950227e-06
1.465745382301495e-06
1.4850398435422559e-06
1.4335630286923688e-06
1.425581004668763e-06
1.3800632774532035e-06
1.3650297615751696e-06
1.3679117253923208e-06
1.2973021966897713e-06
1.3068369020583504e-06
1.3514437154412948e-06
1.3565612072774995e-06
1.317286781777923e-06
1.349091061404237e-06
1.382723832275586e-06
1.3719698121367074e-06
1.4064732317925302e-06
1.3788553886576014e-06
1.3165228148556079e-06
1.2747812606234531e-06
1.2410001193637655e-06
1.2291204557083578e-06
1.2262595867180198e-06
1.2584262332486286e-06
1.2880357002218647e-06
1.3162165397894931e-06
1.3315252520217224e-06
1.3327413798844951e-06
1.3264141111394184e-06
1.3101708478062138e-06
1.1998876186673276e-06
1.2739406200249946e-06
1.2996594411997085e-06
1.3253096089796236e-06
1.2888615761190081e-06
1.27450496214585e-06
1.2710508051009648e-06
1.3362083734904973e-06
1.2758959455121667e-06
