4.9343765767640525e-08
5.399329628605152e-07
8.138636914681637e-07
9.034752756211551e-07
1.0096881126845666e-06
1.1344449800615448e-06
1.3018135177849943e-06
1.4012236382697874e-06
1.4913494711007264e-06
1.5211739653378855e-06
1.5621235003503861e-06
1.5812656415423783e-06
1.5701639498741007e-06
1.5631811314407385e-06
1.594100325031393e-06
1.6102714593556382e-06
1.6224437730744019e-06
1.607761974882738e-06
1.6324441702953836e-06
1.6666391891964162e-06
1.7300523476587617e-06
1.7242043841436498e-06
1.7172943128073242e-06
1.746826685782133e-06
1.7933267124151448e-06
1.8794322718088894e-06
1.908138450049834e-06
1.9393308082391836e-06
1.93758373328486e-06
1.821617400191859e-06
1.782112471972202e-06
1.8033059894807373e-06
1.755593027790742e-06
1.8774332042543777e-06
1.8998505311834091e-06
1.9272125964417064e-06
1.8858930774745233e-06
1.917691566028193e-06
1.842014907067039e-06
1.934399900157441e-06
1.9167358279459895e-06
1.9902140794407713e-06
2.0332363107743296e-06
2.0343407565570895e-06
2.068863926518867e-06
2.126026110387321e-06
2.2340629900690795e-06
2.1556917575328972e-06
2.137005360768206e-06
2.122291743500817e-06
2.0956420320892687e-06
2.0700833595610198e-06
1.952803831960769e-06
2.003163423786865e-06
2.0649119268604108e-06
2.0846125401880948e-06
2.1726567753973347e-06
2.056552591111103e-06
2.0227425872670794e-06
2.0999342711931412e-06
2.0326432989457754e-06
2.037336320542936e-06
2.0074169950831896e-06
2.0222747121638253e-06
1.9902310422769884e-06
1.9239100990064893e-06
1.915999294254862e-06
1.8661480667450916e-06
1.9932717380330493e-06
1.9334122810471835e-06
1.9382596568388836e-06
1.958953802181533e-06
1.922115289525122e-06
1.930209677993185e-06
1.955146156094738e-06
1.995754181344045e-06
2.0531258623793724e-06
2.0629582903939682e-06
2.1632587874647418e-06
2.1373594777987545e-06
2.1844322221712243e-06
2.217156598176495e-06
2.1402492185406348e-06
2.1589097935084028e-06
2.1368033839216143e-06
2.095041835284945e-06
2.1154981689976486e-06
2.105794450703889e-06
2.045947258878384e-06
2.1109790369600356e-06
2.1015170340006898e-06
2.0178001661963168e-06
2.0927607259691787e-06
2.1040269487204774e-06
2.0596441751401276e-06
2.06674806282637e-06
2.008876665499235e-06
2.115723396735195e-06
2.093918832803108e-06
2.0574845520385003e-06
2.115500600407995e-06
2.1322072896702328e-06
2.0446236569489324e-06
1.9036886694176075e-06
1.9839445167321506e-06
2.119701764541555e-06
2.0511511958193765e-06
2.00299056830715e-06
1.9545869491765376e-06
1.8371635561441139e-06
1.8421766422599033e-06
1.8728989399140065e-06
1.7899736178537153e-06
1.7830620965542654e-06
1.7400537903184483e-06
1.8224635041335977e-06
1.9150714322402654e-06
1.8298300128140555e-06
1.7589321878354694e-06
1.7874286383195133e-06
1.8708073342132086e-06
1.9241161372496544e-06
2.0258477214582774e-06
1.9383424596654936e-06
1.978065600789724e-06
1.958058980330627e-06
2.0193080458461873e-06
2.0019495913927135e-06
1.9050127682543135e-06
1.971219335374456e-06
2.048978173761687e-06
1.947774879825443e-06
1.982345692409122e-06
2.0218184654116053e-06
1.9434102803558334e-06
1.9363666612366926e-06
1.9216465988488627e-06
1.8994613584292568e-06
1.8806741354626635e-06
1.8118363773758686e-06
1.981957210081903e-06
1.9457154521262456e-06
2.033517496720567e-06
2.002511923968658e-06
2.0143627590700702e-06
2.00286340004346e-06
2.010563785408501e-06
1.987432336814083e-06
2.0205715679083747e-06
1.9964460210250735e-06
1.938696477059304e-06
1.927567995782971e-06
1.9703357639561344e-06
1.9348361100099387e-06
1.986604106743061e-06
1.975946686143969e-06
2.02144948010849e-06
2.0207119278086595e-06
1.986117954531666e-06
2.0459130574835766e-06
2.0443290894233395e-06
2.0224588955476993e-06
2.0937646582169273e-06
2.022801775865566e-06
1.9810314765809795e-06
1.912773771667026e-06
1.966352279682924e-06
1.9211121162344325e-06
1.8943389520898406e-06
1.9331413569449134e-06
1.9110544434059094e-06
1.8647067441037287e-06
1.88379554393685e-06
1.9227521216893034e-06
1.982303488429382e-06
2.003784838208295e-06
2.0446176582216683e-06
2.0452931373260684e-06
1.9014543758124733e-06
1.876336018206673e-06
1.946133851576324e-06
1.9979105821611476e-06
1.973923799071787e-06
1.9692968956116533e-06
1.9404500432586483e-06
1.8679678095115829e-06
1.9159123532736306e-06
1.9721592844323066e-06
1.913445063505053e-06
1.9677981995170107e-06
1.9982202517436594e-06
1.9683746834803027e-06
1.9311106633100677e-06
1.895081056608351e-06
1.8360219367248904e-06
1.8555551542062303e-06
1.9111276924568136e-06
1.9040315076495349e-06
1.9374326904598335e-06
1.7872098316105505e-06
1.8972730864621827e-06
1.8885447381103827e-06
1.9362158998164626e-06
1.920642402606088e-06
1.9607162169400915e-06
1.9582922018184205e-06
1.955341641326275e-06
1.9324557849172433e-06
1.9222021089367075e-06
1.8451936000501033e-06
1.8501535017898767e-06
1.816465710470385e-06
1.7796554059139494e-06
1.8388162203634513e-06
1.907945647357464e-06
1.8875165865185254e-06
1.8587598313537218e-06
1.918140732263437e-06
1.9432928378516915e-06
2.018066945643037e-06
2.030736801801168e-06
2.03548027993461e-06
2.0993938533168757e-06
2.026706681836649e-06
1.938424102804812e-06
1.8736341704819702e-06
1.8665380826624784e-06
1.864538488782334e-06
1.9258441286528877e-06
1.8939862883208417e-06
1.930255214526587e-06
1.945449935671751e-06
1.8837386777710141e-06
1.841566001166185e-06
1.9182737404450213e-06
2.0149158961370847e-06
1.918310827012834e-06
1.9191738934560733e-06
1.9320420363887097e-06
1.942214981354175e-06
1.9569133091547853e-06
2.0160349678236995e-06
2.006316786529324e-06
2.055357078553622e-06
2.007064541667919e-06
2.098612181077139e-06
2.096580756276002e-06
1.9735667553832814e-06
2.029736787295969e-06
2.0347237397902953e-06
1.974294875721085e-06
1.9795997591790472e-06
2.015273664130644e-06
2.017131878447112e-06
1.965437133863248e-06
2.0093076221138864e-06
1.9742423393160916e-06
1.934903123480347e-06
1.932456130542269e-06
1.8768191449374058e-06
1.937993823067514e-06
1.9358921418764645e-06
2.0023433939663537e-06
1.9176142466313397e-06
1.9846090260025004e-06
1.9867331687787045e-06
2.0064666489480305e-06
2.015389250192338e-06
1.996425406777596e-06
1.9759611482589785e-06
2.0161722294134506e-06
2.1022012321468423e-06
2.135591894838498e-06
2.0647882687199512e-06
2.168143435802324e-06
2.117205016976875e-06
2.0343446193864185e-06
2.0339833284820143e-06
1.9740097860903646e-06
1.9878887240720506e-06
2.056018967293541e-06
1.965262161739194e-06
1.9906958728991802e-06
1.9684583045116827e-06
2.030826923308871e-06
1.970843562579459e-06
1.9002851157030923e-06
1.802975825228916e-06
1.8362129021944363e-06
1.8374580702231874e-06
1.8126089256674322e-06
1.8440886567696397e-06
1.886003597114118e-06
1.9613145136724025e-06
1.969837411571972e-06
1.8663299970605543e-06
1.8930840934919133e-06
1.8385063985819368e-06
1.8661863093467349e-06
1.8961615240529588e-06
1.9134725205217077e-06
1.8760246968491591e-06
1.8955371160241005e-06
1.9292448615044645e-06
1.9238630535143964e-06
1.9176672601478527e-06
1.9141237313660697e-06
1.930475014924029e-06
1.8668380375961425e-06
1.8608840711709626e-06
1.9143232270783197e-06
1.8708937746249615e-06
1.9192133069799222e-06
1.8624502411880769e-06
1.8516369272956624e-06
1.9784385143692273e-06
2.037259947300354e-06
2.095712073568113e-06
2.135405510181226e-06
2.1489348610148066e-06
2.127075246229826e-06
2.059442164911576e-06
2.052596283583572e-06
2.014750694932587e-06
2.0238592210080947e-06
1.9827058533338674e-06
1.941849966577144e-06
1.95579913869124e-06
1.893362746061974e-06
1.8749342314400002e-06
1.9232829704826183e-06
1.9041088659338057e-06
1.8025611679632217e-06
1.8238922798553934e-06
1.7737812740936244e-06
1.6919114120448364e-06
1.6707356984464519e-06
1.7989330157339285e-06
1.8656479147423712e-06
1.870618638395675e-06
1.8671788070152415e-06
1.8553728286617965e-06
1.8396570623173795e-06
1.8391774125854168e-06
1.8404811817122594e-06
1.849459910174577e-06
1.762788137637725e-06
1.8089515229147622e-06
1.9501696099871023e-06
2.0952795498112804e-06
2.1696012286740194e-06
2.1025805067296035e-06
2.1126661305538366e-06
2.0131373284331406e-06
2.0017353588036225e-06
1.9276007882361764e-06
1.9750165911543064e-06
1.9760919059828727e-06
1.9224918895500085e-06
1.9476600287520093e-06
1.8697811832105494e-06
1.896398177968108e-06
1.8342070555757345e-06
1.803515350814693e-06
1.7530928680039927e-06
1.8525545040188386e-06
1.872881938469166e-06
1.8912584514845735e-06
1.8226115813618695e-06
1.8786771726159104e-06
1.8786306949047886e-06
1.9055741248157539e-06
1.9485248004615493e-06
1.9559161909131454e-06
2.0472209159879994e-06
2.1475551595327554e-06
2.1688247594674106e-06
2.0173328210669407e-06
2.0363479126546934e-06
2.1087016293093565e-06
2.11109190570216e-06
2.1273985287174034e-06
2.0615126374901518e-06
2.0066601604781604e-06
2.0124133205985e-06
1.983004086817034e-06
2.0017277160233387e-06
2.0493351475579865e-06
2.000961288458079e-06
2.0274243391690167e-06
2.0847728473973095e-06
2.0339712087765184e-06
2.0981068478608064e-06
2.0598602335006266e-06
2.1377218407527577e-06
2.0660427161993354e-06
2.1227384607552232e-06
2.103430021100591e-06
2.1102053512460717e-06
2.0482345759786143e-06
1.985585104229002e-06
1.8829191615236188e-06
1.779106275590361e-06
1.8584659547797413e-06
1.8674125880655693e-06
1.8287308043173683e-06
1.9292831457931537e-06
1.9293819853027155e-06
1.8364499377270148e-06
1.7336975976033234e-06
1.7745553809635182e-06
1.768469130462301e-06
1.7327825270665005e-06
1.8263672302541826e-06
1.884048400474924e-06
1.8467417172506566e-06
1.821715694376777e-06
1.8695789926924667e-06
1.9298463476138175e-06
1.9129290297691573e-06
1.9297387653061603e-06
1.9005334836743772e-06
1.87894125448509e-06
1.9086161017106675e-06
1.920444449055385e-06
1.933319069252525e-06
2.0056283961455004e-06
1.960922345485114e-06
2.0189491354473383e-06
2.0489917137527765e-06
2.095960654877542e-06
2.103874496568396e-06
2.036443338716543e-06
2.0223680604911564e-06
2.0247536879439563e-06
1.9270558174053415e-06
1.9756533797330494e-06
1.9204481870534057e-06
1.97536700167025e-06
1.903766089623527e-06
1.915493242299853e-06
1.9912660463356463e-06
2.0174909036825894e-06
1.9416265543703916e-06
1.945202851256702e-06
1.925174920627673e-06
1.996989170224504e-06
2.003185476069366e-06
1.97122226242106e-06
2.105437332073911e-06
2.025805562123035e-06
1.9909177026795092e-06
1.9399329445675992e-06
1.9261287731817967e-06
1.8668357862553356e-06
1.8964517277023069e-06
2.04990270052039e-06
2.0972937514149497e-06
2.0592750316466454e-06
2.088119662363236e-06
2.1319483465138573e-06
2.120007427454849e-06
2.069642353930494e-06
2.170267804896892e-06
2.119570598202051e-06
2.097106670956516e-06
2.1717044460284863e-06
2.133615468496799e-06
2.068333385330109e-06
2.029549589318746e-06
2.094797479222955e-06
2.024688700650894e-06
2.0161078448024266e-06
2.085202473541658e-06
2.1017256319756863e-06
2.0505309380488724e-06
2.1211876818593147e-06
2.1052436175180482e-06
2.0703548744747633e-06
2.018867409456749e-06
1.980084174077601e-06
1.95737482216587e-06
1.9790887927461444e-06
2.0145333616412333e-06
1.9854375447359424e-06
2.028125298435657e-06
2.045311576426425e-06
1.922739236537723e-06
1.9294717412202783e-06
2.010627024688118e-06
2.1095544449710255e-06
2.0176076021070245e-06
1.999157286793727e-06
1.9734964139476027e-06
2.0109052351836724e-06
1.9757671133980185e-06
1.997994376915632e-06
1.8503958365929953e-06
1.862065446480389e-06
1.9172175445697852e-06
1.8702392300041972e-06
1.7897052375166224e-06
1.8175643431562868e-06
1.8217782060381364e-06
1.7819241763832886e-06
1.8524965978057728e-06
1.6973837887505113e-06
1.6590694492050194e-06
1.6516019265654205e-06
1.6960039548848647e-06
1.6632998342201522e-06
1.733034368590787e-06
1.7945910645861175e-06
1.7527501325191318e-06
1.8554407230285995e-06
1.9589824779208693e-06
1.9368460573958498e-06
1.9640954501519494e-06
2.0022621481567686e-06
1.9629340422784717e-06
1.9190415574906617e-06
1.9842090797523275e-06
1.9448261869271435e-06
1.9282977971336908e-06
1.9551908388229937e-06
1.8989664624189072e-06
1.9332646373088487e-06
1.9952362897499717e-06
2.004747467939276e-06
2.0511817701193326e-06
2.0418650773484183e-06
2.0402123322606907e-06
2.050415746732292e-06
2.0093351447901254e-06
2.0649284686157958e-06
1.910452394667656e-06
1.9236160210251523e-06
1.980278348443231e-06
1.957803115894673e-06
1.936574520548226e-06
1.8798926732994268e-06
1.9510251218757457e-06
2.0082916273280814e-06
1.949080196695726e-06
1.96671173959991e-06
1.96115675066679e-06
1.8979723587903696e-06
1.9480035266918236e-06
2.0069476470802097e-06
1.9932210438234202e-06
1.9885567004588957e-06
2.0165470933538964e-06
1.98322314681631e-06
2.0921144137261947e-06
2.1122894605258376e-06
2.0300596072388904e-06
1.9967814161916277e-06
2.014454641165843e-06
2.0139714795648224e-06
2.0033130623741803e-06
1.9399951800006e-06
1.982478027631207e-06
2.016294125668383e-06
1.919600658762654e-06
1.8858421345267844e-06
1.9083005558598295e-06
1.8932207928979216e-06
1.9391244938482277e-06
2.0311813458951437e-06
2.1222122856569128e-06
2.082099198516357e-06
2.064768181657145e-06
2.1191868704729302e-06
2.0631012904882124e-06
2.0691054729622546e-06
2.012906588913387e-06
2.098965011829707e-06
2.073815679290665e-06
1.998413407302981e-06
2.031550867833035e-06
2.0331673599658612e-06
2.0360324098458054e-06
2.0694511668706833e-06
2.0944477551635065e-06
2.0362062184546483e-06
2.01789899444638e-06
1.9711797499594617e-06
1.9865277921696564e-06
1.9606920115121005e-06
1.8199466079523982e-06
1.8086357069492246e-06
1.8436959360881476e-06
1.828671834393519e-06
1.8183288620098117e-06
1.8444791325706285e-06
1.8652309323743046e-06
1.8827192293233586e-06
1.8375386406094497e-06
1.8475250594678646e-06
1.8515266370699115e-06
1.8868683576621949e-06
1.9449678534835675e-06
2.009773617706506e-06
1.9744760382297336e-06
1.8718710584165813e-06
1.8498796922459503e-06
1.8092833826934687e-06
1.87199087141438e-06
1.8730161578043202e-06
1.8623675709152314e-06
1.829975568906562e-06
1.84719006149167e-06
1.916608480514553e-06
1.933075052615108e-06
1.940207115510272e-06
1.9776671553688758e-06
2.0185990432940742e-06
2.0676761857588844e-06
2.01210683430979e-06
2.0693159914799944e-06
2.207537904088367e-06
2.2001050731815268e-06
2.1604983996159197e-06
2.1856225922054174e-06
2.1112230160453894e-06
2.1114221166937704e-06
2.1055394861873725e-06
2.0165994463410487e-06
2.03230219145232e-06
2.007557315856981e-06
1.9732237433473596e-06
1.970711634874876e-06
1.974081417974185e-06
1.9013896510242967e-06
1.9381988390099294e-06
1.8932236924529681e-06
1.949042885354102e-06
1.9040704175914652e-06
1.9101167082194385e-06
1.91173513388072e-06
1.9539410073576315e-06
2.005403755572178e-06
1.992440286316274e-06
1.9406043433188625e-06
2.0051325237324413e-06
2.0442284812117253e-06
2.114735182595621e-06
2.141065743429424e-06
2.089177976262843e-06
2.195288031199765e-06
2.044157203244481e-06
2.0428231666067637e-06
2.0246534864950225e-06
1.9959402907520243e-06
1.9400574945184477e-06
1.9090756522333693e-06
1.8256159037789731e-06
1.8057757277308449e-06
1.912400533925295e-06
1.932486823616306e-06
1.9596010918525743e-06
1.924413528948824e-06
2.0083162820566274e-06
2.0350715404446473e-06
1.9638597044944545e-06
1.9488886001942266e-06
2.079270715743801e-06
2.130296048198007e-06
2.0969269462301277e-06
2.0344260825270886e-06
2.0504083688319292e-06
1.932091321153776e-06
2.0113893587348744e-06
2.094363607326329e-06
2.0259703468267257e-06
1.965246207848024e-06
1.8537777584124412e-06
1.9887222073611718e-06
1.9733154896196995e-06
1.966160054924933e-06
1.8900177355820679e-06
1.8014848894949266e-06
1.8002381520925151e-06
1.759898339677379e-06
1.8240087061066671e-06
1.9046338936688083e-06
1.8701164066705084e-06
1.8092742018596835e-06
1.827835525064342e-06
1.7948048981303744e-06
1.7628391305544343e-06
1.7992605784560398e-06
1.8504206911051944e-06
1.957990050987711e-06
1.9345169864145983e-06
1.8145806312961266e-06
1.8252610071038473e-06
1.8824951040559542e-06
1.792003094304715e-06
1.796011585287861e-06
1.8637703950831288e-06
1.87223437839688e-06
1.847551110228916e-06
1.704550458135399e-06
1.7155983599531293e-06
1.783076342491727e-06
1.7988650598808758e-06
1.8029005746757562e-06
1.8045830014445626e-06
1.8350688795035677e-06
1.838788349035335e-06
1.868120508343099e-06
1.8144990153939786e-06
1.8308855723470354e-06
1.8357415843132126e-06
1.8534570725353244e-06
1.9043552168722947e-06
1.8608477012403714e-06
1.9035159082233969e-06
1.981410274535668e-06
1.929525037672595e-06
1.952917300296825e-06
1.951171768292324e-06
1.8491909113619403e-06
1.8577211143557265e-06
1.8104767405566027e-06
1.7506296747048384e-06
1.7752488343235629e-06
1.8245442882436198e-06
1.8260798461779738e-06
1.9049858544102669e-06
1.8951468770253985e-06
1.9650317912662123e-06
1.9049942066828775e-06
1.9297991651448536e-06
1.8169573660487066e-06
1.8645475935430668e-06
1.911864718131535e-06
1.981374584464991e-06
1.9762491293937814e-06
1.9797915065924466e-06
1.923943849741091e-06
2.0005833270778518e-06
1.985786962450637e-06
1.9308779859972446e-06
1.9069696693212266e-06
1.87127659492426e-06
1.8902019513963088e-06
1.9247985127465802e-06
1.958719424874642e-06
1.953637795046608e-06
1.9156674570576653e-06
1.901556771173172e-06
1.943273678982152e-06
1.939308363141964e-06
1.872437113131702e-06
1.8712123784304312e-06
1.9032678241402568e-06
1.9573922207300906e-06
1.985811388251037e-06
1.9022956384173452e-06
1.8170677096371545e-06
1.7613026638575683e-06
1.7667487226040364e-06
1.8069872319051777e-06
1.7671844990008093e-06
1.7316759522721507e-06
1.7803712868450773e-06
1.772965618603529e-06
1.815574459246649e-06
1.8843133711043716e-06
1.956769604512038e-06
1.9448915721032475e-06
1.9572246284068304e-06
1.9191138871132954e-06
1.9595844715552787e-06
1.8860619154126813e-06
1.8738576410669306e-06
1.9196070104300632e-06
1.9271627773736274e-06
1.933073935139369e-06
1.9877338584143794e-06
1.927718896516686e-06
1.91961945260989e-06
1.857490510338247e-06
1.7541664910767973e-06
1.7800037604177827e-06
1.6953242211314989e-06
1.6847869346789172e-06
1.7183250039959793e-06
1.6696750594000299e-06
1.7498834632805816e-06
1.783248244331356e-06
1.682492146194924e-06
1.696639714597325e-06
1.7499070654595485e-06
1.748859674349119e-06
1.7596162081147215e-06
1.8446025300533385e-06
1.9691168044268367e-06
1.980128725759395e-06
1.91454742199115e-06
1.9855421320391916e-06
1.961401223497509e-06
2.022892181457484e-06
1.9949469121911144e-06
1.9556028224089948e-06
1.9619247015452325e-06
1.951953788224181e-06
1.955153649476125e-06
1.9647441712035846e-06
1.985559636026245e-06
1.954158577584554e-06
1.9389212375864713e-06
1.994151795839324e-06
2.0223809248388e-06
2.0643922119746646e-06
2.0085772530993473e-06
1.949207513673759e-06
1.9510213525259664e-06
1.984624989366381e-06
1.870526171901032e-06
1.9020537942426352e-06
1.9047113275480928e-06
1.9540866618561164e-06
1.990589575525583e-06
1.9032277025501722e-06
2.014054605894307e-06
1.9706611117444557e-06
1.974527811382919e-06
1.9848126357937442e-06
1.937104978640255e-06
1.9950138630781464e-06
1.9533348119087822e-06
1.8547870369360313e-06
1.8513261632440314e-06
1.8076307737351177e-06
1.7926176649833128e-06
1.7944169781538956e-06
1.8176142752569826e-06
1.9267658738419966e-06
1.976412579702884e-06
2.075784709227944e-06
2.1144826829704426e-06
2.117578403310134e-06
2.0820791565055594e-06
2.0755800261986087e-06
1.9957455287504866e-06
1.980862425374892e-06
1.9790319484164216e-06
2.034351733447385e-06
2.0425203634349364e-06
1.9826887878837956e-06
1.8411135659662626e-06
1.849787987550425e-06
1.882379131353141e-06
1.9006435944507647e-06
1.982381147801759e-06
1.9209322939700817e-06
1.9809569136007637e-06
1.928638094869085e-06
1.9179222492061276e-06
1.927096926802023e-06
1.9536625185719546e-06
2.0084542380881284e-06
2.015491154468669e-06
1.8564018879393226e-06
1.8084646863597173e-06
1.8511033532137438e-06
1.9037732002558345e-06
1.9400508245426468e-06
1.875864516159439e-06
1.91656207629008e-06
1.8819682442845147e-06
1.8796636201996032e-06
1.778321365606761e-06
1.8592073829861965e-06
1.797129698725458e-06
1.7949449743365269e-06
1.8390935160291207e-06
1.8623390006564336e-06
1.9930693659141795e-06
2.011917099982707e-06
1.995458386709579e-06
1.97036039611453e-06
1.9501348835798705e-06
1.9816523296271553e-06
2.0333675912933908e-06
1.973133625963421e-06
1.9244957217745625e-06
1.8820637029470199e-06
1.7738523666069312e-06
1.787195148559901e-06
1.7138939574106905e-06
1.7316335166479962e-06
1.7699569990852462e-06
1.792608891254599e-06
1.8424691472527599e-06
1.805657989979778e-06
1.7498064116809243e-06
1.7888172938668e-06
1.771236511641873e-06
1.7769830260204454e-06
1.7769337636923608e-06
1.833979084144575e-06
1.902790894595486e-06
1.939564091286434e-06
2.048357877460958e-06
2.019523479679741e-06
2.0508070737565775e-06
2.079239456685519e-06
2.1215628618328223e-06
2.0174098032351982e-06
1.979576676011789e-06
2.0544581069007575e-06
2.1149574520465494e-06
2.039000431751353e-06
2.0617757110862495e-06
2.070498761043655e-06
2.0496436499793358e-06
2.0985112126246393e-06
1.9684119789438e-06
1.8671907596249351e-06
1.8359990951466812e-06
1.755553417360935e-06
1.7739046256402555e-06
1.759265102859598e-06
1.7683361543519752e-06
1.7563838293767773e-06
1.754380559230713e-06
1.7562950393226905e-06
1.8593763245988479e-06
1.8370634427755198e-06
1.7414962696423998e-06
1.8021915365108274e-06
1.840005024958244e-06
1.8248029932506163e-06
1.90023868724979e-06
1.894526990186907e-06
1.878306045469929e-06
1.941475658879343e-06
2.0156194110875553e-06
1.9764973836238076e-06
1.952095242093364e-06
1.8983460349134738e-06
1.8584410391587238e-06
1.835973407419904e-06
1.8651933143547332e-06
1.9134577073640242e-06
1.894076204024555e-06
1.7807110968274095e-06
1.815041047781202e-06
1.867291155968748e-06
1.8876336899237435e-06
1.8626801198255638e-06
1.938996691418576e-06
1.96214837748914e-06
1.908265492090476e-06
1.9189160261014367e-06
1.9639726957351898e-06
2.0172223993732933e-06
2.019479994269507e-06
2.031324677449171e-06
1.9565683061945013e-06
1.93153312889187e-06
1.9333052981433118e-06
1.9143465483730815e-06
1.9164979410209355e-06
1.8961323513489944e-06
1.7996271985492376e-06
1.910637962355249e-06
1.9371077520117668e-06
2.0952173241886525e-06
2.1047918770340675e-06
2.0380418082686363e-06
2.0598418566015954e-06
2.1848097811927064e-06
2.1447113122762314e-06
2.1712257070163107e-06
2.054341207682389e-06
2.010645240248761e-06
2.0694566745731775e-06
1.998435171940933e-06
2.0391588167590194e-06
2.0324703251785646e-06
1.9051100802444972e-06
1.9022280510769464e-06
1.9865290832441264e-06
1.9724221016949808e-06
1.9608388215705343e-06
2.0438674654115365e-06
2.088160522019247e-06
2.0887191008688596e-06
2.1058498586430857e-06
2.1142769883944956e-06
2.221964882318899e-06
2.1774676182596787e-06
2.167334480970588e-06
2.06417195683339e-06
2.0801249612518907e-06
2.058283259907239e-06
1.9849057715467904e-06
1.9863858239820293e-06
2.0758006599622634e-06
2.053669835499634e-06
2.125668030290981e-06
2.0850584958314065e-06
2.104481839213831e-06
2.0504984079986615e-06
2.001089812114102e-06
1.9254539740848064e-06
1.8237800402458598e-06
1.8998711144973257e-06
1.909030619053015e-06
1.9820548385291846e-06
2.020627336114804e-06
2.0296239508026275e-06
2.0566347895841404e-06
2.0818899281013892e-06
2.0714186438695947e-06
2.0613851728135377e-06
2.0819855191700383e-06
2.0936930285820223e-06
2.0702656235622967e-06
1.966641638894836e-06
1.9740479504901828e-06
1.9762727174936924e-06
1.9266828993778754e-06
2.01198912272591e-06
2.0061683812670258e-06
2.0232585703941194e-06
2.013324992128419e-06
1.994355073142173e-06
1.99746336392466e-06
1.9329069805026404e-06
1.9554602423586517e-06
1.9613119706458094e-06
1.9102846675923104e-06
1.891149811382064e-06
2.0126073405518313e-06
1.9654855506736016e-06
1.9266971748974e-06
1.936793327326761e-06
1.9193316891275573e-06
1.930862413399224e-06
1.9043370558694177e-06
1.9485433010584134e-06
1.8508732396472434e-06
1.900980374157195e-06
1.8304176491698327e-06
1.7971713750282945e-06
1.915832754221063e-06
1.935002399843889e-06
1.880045481999e-06
1.850758863304804e-06
1.8285662493272489e-06
1.8675782349337394e-06
1.8414632829794245e-06
1.8793836707705272e-06
1.934495460511414e-06
1.916731708983069e-06
1.9234560184853022e-06
1.964471163149125e-06
1.8978593458583439e-06
1.974341012160894e-06
1.916330716639502e-06
1.8914977073472863e-06
1.9847714837538323e-06
1.908219506346535e-06
1.987149959334765e-06
1.9772319959561376e-06
2.008144334513523e-06
1.9856897599536783e-06
1.8821150026199313e-06
1.9044003276603756e-06
1.7991396284444562e-06
1.8379197369028006e-06
1.8972221546130974e-06
1.9043828964987344e-06
1.976909113350838e-06
2.0274271636392255e-06
2.0776088487509397e-06
2.0360458110284314e-06
2.0589137476296956e-06
2.1173805291633285e-06
2.176338257311498e-06
2.0977267985473407e-06
2.076416629049491e-06
2.073136670355457e-06
2.1098370285537467e-06
2.142865131665973e-06
2.06952744303696e-06
2.0378962870698876e-06
2.068559778184951e-06
2.0471272149348386e-06
1.9702591755956084e-06
1.9355839593934037e-06
1.9229849069572084e-06
1.8256106414636786e-06
1.8284651295755447e-06
1.9523814368711375e-06
1.979780132489652e-06
1.957015330270861e-06
1.948220713280452e-06
1.9734227368515844e-06
2.0493455305973554e-06
1.9724930590434804e-06
1.9451018757367293e-06
1.9428118829294962e-06
1.9311565759908375e-06
1.8972181064359023e-06
1.856834184743985e-06
1.7941939152761969e-06
1.9722235288627384e-06
2.041186703630986e-06
2.1062667975373816e-06
1.9473927481769788e-06
2.0661231747568227e-06
2.084514140129718e-06
2.0272677657627615e-06
2.0016022178601335e-06
2.0056675491530513e-06
2.0182732942848505e-06
1.9627264764595304e-06
1.9765039524875293e-06
1.934041712373416e-06
1.895889260709146e-06
1.8691631000003907e-06
1.8651856313795241e-06
1.9240870679477648e-06
1.9387921680945902e-06
1.9465739447611506e-06
1.8177442109197997e-06
1.7935748519905388e-06
1.8558607051528432e-06
1.8588105210393862e-06
1.8572889278029071e-06
1.7968048379746022e-06
1.9316801002911742e-06
1.9520526905926453e-06
2.0518068158071773e-06
1.9834204928776813e-06
2.012574091294332e-06
2.007411552419263e-06
1.980721248404536e-06
1.974934771575093e-06
1.8878416527765897e-06
1.8482715781532445e-06
1.8572805964997066e-06
1.8607036979034028e-06
1.9726637099311558e-06
2.077773575606836e-06
2.007257813267795e-06
1.9255144470563713e-06
1.8843195887130677e-06
1.9581013675494206e-06
1.880449719901432e-06
1.9195907074265396e-06
2.007901820219827e-06
2.002299504072463e-06
1.8996779776445032e-06
1.9315909654031136e-06
1.9429783472209614e-06
1.937457893017452e-06
1.913905609149277e-06
1.8913546223088982e-06
1.8285445230794178e-06
1.8293704223772167e-06
1.866214203388012e-06
1.8764472327088926e-06
1.909664921219033e-06
1.8751935633655603e-06
1.8812663215849165e-06
1.908049461490872e-06
1.9374339617769847e-06
1.8910302236936647e-06
1.8941478269204388e-06
1.8473595234871898e-06
1.7843044121388358e-06
1.8273814451874213e-06
1.8364124862642816e-06
1.998083912776812e-06
2.1077083870200838e-06
2.0866329064671588e-06
2.0597336940483236e-06
1.9901103912577796e-06
1.8996353707695474e-06
1.912457734506756e-06
1.961174311593237e-06
1.9626179823868004e-06
1.958759830997363e-06
1.9527956527436463e-06
2.020591265378276e-06
1.959020165746029e-06
1.956487324775942e-06
2.0420824544974857e-06
2.090681069558637e-06
2.0216837768000667e-06
2.0049620849420353e-06
1.9911333489196505e-06
2.0350932694326312e-06
2.0475533072336704e-06
2.0311694656839615e-06
2.0850977142181975e-06
2.126599836889034e-06
2.109758023852286e-06
2.1445898467154455e-06
2.1947518493689026e-06
2.2713141673950257e-06
2.15970306959943e-06
2.0613415701642828e-06
2.058889860595778e-06
2.052329290435257e-06
2.0183416301101946e-06
2.002933795594701e-06
2.020205772382466e-06
1.9565235959845597e-06
1.9468754123082722e-06
1.8962567479479093e-06
1.9549715906737563e-06
2.067089432459503e-06
2.0659979019518813e-06
2.032361771968463e-06
1.89983111968132e-06
1.9230242067365044e-06
1.9284540248578025e-06
2.05023896354749e-06
2.0647215888969857e-06
2.002563621976249e-06
2.024920271516593e-06
2.0432017607109743e-06
2.071672457781618e-06
2.096612274419576e-06
2.1134784162607513e-06
2.098719024616824e-06
2.0770617688398478e-06
2.0704348760132586e-06
2.086027427776623e-06
2.0617846452146237e-06
1.984486768066793e-06
1.9812247080698553e-06
1.9815897605238695e-06
1.9738150735705428e-06
1.9843376144918026e-06
1.9235729593323524e-06
1.8778443243105425e-06
1.8856733961893447e-06
1.954349620409716e-06
1.912002497399474e-06
1.8628047345706762e-06
1.8419749296602138e-06
1.8116343345926774e-06
1.8724017291647613e-06
1.910289302464346e-06
1.9278988743428977e-06
1.8242361267680465e-06
1.8917315892371325e-06
1.860516341610804e-06
1.8841014738318702e-06
1.9108821676779465e-06
1.8023333491582542e-06
1.7920704248689292e-06
1.8639198542320827e-06
1.8407193091545647e-06
1.7941124595006362e-06
1.8675581619655268e-06
1.8503432816448636e-06
1.9027224426260487e-06
1.88939662895326e-06
1.9835286753808185e-06
1.8940264563622254e-06
1.9442658809390017e-06
1.95715602591421e-06
1.9663407062348333e-06
1.9289642698911477e-06
1.9569685695333503e-06
1.9182268610046337e-06
1.937029289969622e-06
1.8950266214372297e-06
1.9090628170351364e-06
1.8666648713178182e-06
1.8958787791771721e-06
1.827976654342706e-06
1.970902240760569e-06
1.9453313752302543e-06
1.9961120553128356e-06
1.9381382642524836e-06
2.0425421090573705e-06
2.029923331391183e-06
2.093559818289959e-06
2.0483256504511086e-06
1.9729105561777053e-06
1.9917351872270114e-06
1.9683455517099458e-06
1.964561955690213e-06
2.0050048290248802e-06
1.970975570198605e-06
1.96401709321129e-06
2.0137412107132992e-06
1.9417611524622863e-06
1.8744286331839872e-06
1.8085970376871928e-06
1.8723287506322122e-06
1.865623380376563e-06
1.7598773379882625e-06
1.7485485039482974e-06
1.7447452363443515e-06
1.8364469309087222e-06
1.8265051878584358e-06
1.7432820451551759e-06
1.7357746931217213e-06
1.8135836576655945e-06
1.771204505667422e-06
1.806866386155099e-06
1.7803697269566375e-06
1.9351947546642106e-06
1.9572126278064277e-06
1.987475287513246e-06
1.93385226320151e-06
1.9261142438587395e-06
1.9346833651802024e-06
1.8798773649154802e-06
1.889139621198103e-06
1.8889327041742428e-06
1.8822149660673616e-06
1.887995961590355e-06
1.8652922196839836e-06
1.872946547286184e-06
1.82146186510835e-06
1.8734531378127968e-06
1.8978336474523853e-06
1.979942756742803e-06
2.022165050661685e-06
1.999019708404833e-06
1.955764606458135e-06
1.9246677172389083e-06
1.954637131546786e-06
1.9872975221750543e-06
1.960170212648831e-06
1.958273800548573e-06
1.922039782687915e-06
1.970276809934054e-06
1.984610704084667e-06
1.898178582613069e-06
1.9119594733885517e-06
1.8241934647629531e-06
1.7630596597292975e-06
1.8248298375213943e-06
1.8893997496819413e-06
1.9152630995063383e-06
1.829532974997375e-06
1.8906005436216628e-06
1.84419068262848e-06
1.8632626202918263e-06
1.8911937569664498e-06
1.823380999985316e-06
1.7652530039945172e-06
1.7554151426642238e-06
1.810180809817994e-06
1.7633598595056826e-06
1.7283248336619597e-06
1.7562718542614117e-06
1.7078177588037424e-06
1.626828970156353e-06
1.6364643016019028e-06
1.6534082835492198e-06
1.753686469504035e-06
1.8140283891796454e-06
1.8066633506702839e-06
1.8334279616052927e-06
1.830746001000253e-06
1.7789658397679284e-06
1.7925198172230873e-06
1.8369379101946094e-06
1.8390417123060135e-06
1.929384602115082e-06
1.922394028247897e-06
1.926692664034833e-06
1.8998769932015503e-06
1.8958457366216248e-06
1.8694903469727112e-06
1.7939353544898343e-06
1.8415295667673299e-06
1.8815910517264633e-06
1.8740739276406715e-06
1.847487019516894e-06
1.8182336937099535e-06
1.7779898057140332e-06
1.8653365166709332e-06
1.8897652870175553e-06
1.939195119569566e-06
2.019649210587459e-06
1.949109055056066e-06
1.966931509598869e-06
2.0606190145969015e-06
1.9838013577996043e-06
1.9320509294714508e-06
1.8260815507653395e-06
1.8878736341891743e-06
1.8997045492957097e-06
1.8475798542022112e-06
1.9178467906781187e-06
1.8675570856365277e-06
1.9797596288518595e-06
2.044074880042944e-06
2.012246164014963e-06
2.0240984289683887e-06
1.9783461357672775e-06
2.0235531474289205e-06
2.0428082574620107e-06
2.052246888174886e-06
2.0685695993307426e-06
1.8999027507311839e-06
1.940529480646935e-06
1.979553399129341e-06
1.9236212259953636e-06
1.9015105815738628e-06
1.9886032556632683e-06
2.0061639142890353e-06
1.8789173697604125e-06
1.966527347478267e-06
1.953802672571581e-06
2.0117114966994323e-06
2.035798443707966e-06
2.076594720978429e-06
2.166144982894729e-06
2.1356403466707103e-06
2.192940580600298e-06
2.1147540423849638e-06
2.094778874891464e-06
2.0769738483634442e-06
2.1405652719487402e-06
2.211642018866763e-06
2.1788383779832375e-06
2.1440931552210927e-06
2.0899671171581944e-06
2.0318627359006044e-06
1.937531276147848e-06
2.100634039956078e-06
1.9978811194445426e-06
2.037702490608165e-06
1.9143343240510765e-06
1.8316925928126394e-06
1.8207792102967262e-06
1.8357372801994883e-06
1.8743892573732712e-06
1.8797785577917698e-06
1.8475499783344712e-06
1.8367322330306074e-06
1.8437393204652374e-06
1.7916076959380297e-06
1.8293971407153077e-06
1.8747193738082739e-06
1.8698252596295241e-06
1.822709390214659e-06
1.8565316242189998e-06
1.8811700317960478e-06
1.899389649285124e-06
1.8942552253696502e-06
1.80108445828746e-06
1.86201923771256e-06
1.7915435812730831e-06
1.8564042652903678e-06
1.8690735444879395e-06
1.8420553990266182e-06
1.9235979130612274e-06
1.9897547311761543e-06
1.9735731188035557e-06
2.049297819827381e-06
2.054301928478194e-06
1.9890115396674615e-06
1.9456901123026622e-06
1.95822116703955e-06
1.931509112650608e-06
1.9645120722768148e-06
1.9382008333491155e-06
1.974912803596278e-06
1.958180786208148e-06
1.9016899199424697e-06
1.929480425058166e-06
1.8299533950431018e-06
1.8603569472939552e-06
1.9712996861377885e-06
1.9455001169473583e-06
1.8332880025394236e-06
1.7996113915151271e-06
1.8183047888443201e-06
1.8612279809629908e-06
1.841136856098174e-06
1.9199655678123943e-06
1.858688759052869e-06
1.8514478350370966e-06
1.8045925240251516e-06
1.8473986992485956e-06
1.9096678644989346e-06
2.0229245942746756e-06
1.91196314648861e-06
1.8557374655938545e-06
1.8598462377433096e-06
