4.995214678159949e-08
3.6249147066862827e-07
5.828523038959196e-07
6.767494510858627e-07
7.396575487044575e-07
8.494961143948484e-07
9.381386601383859e-07
9.712578529613933e-07
1.0189391091387508e-06
1.0175161862236547e-06
1.0670064497296675e-06
1.0903547757573446e-06
1.0725153074460292e-06
1.1245800505876952e-06
1.1654885390801775e-06
1.1562425574872739e-06
1.1641557252540538e-06
1.1818500528489717e-06
1.179249146460211e-06
1.2382531306269453e-06
1.2962889873158427e-06
1.2200109544051243e-06
1.2064007479311332e-06
1.2473309453786058e-06
1.3065462597807883e-06
1.3571825330605361e-06
1.3606308215932e-06
1.3669914693428352e-06
1.2755259966192547e-06
1.2086625073579098e-06
1.2218550469677846e-06
1.2976034202482916e-06
1.269143977365358e-06
1.2774687677091154e-06
1.2658753274439344e-06
1.2456308114013086e-06
1.2383476389422607e-06
1.2215773259911055e-06
1.2458653257346324e-06
1.2866841080334998e-06
1.3082087896796593e-06
1.2997241561931184e-06
1.2724282123578862e-06
1.290545237440056e-06
1.3003491336203903e-06
1.3611838916342414e-06
1.4149468780757084e-06
1.4139485407216272e-06
1.3898377703239035e-06
1.3674128720121703e-06
1.4325431307386631e-06
1.4407954251938308e-06
1.3976591360130557e-06
1.408236732874722e-06
1.3956781581218628e-06
1.381272280963309e-06
1.3997783115788684e-06
1.4001462203958684e-06
1.407902294658558e-06
1.4371535223813117e-06
1.3901212002279608e-06
1.3901332862178603e-06
1.373438521351115e-06
1.3724502906938918e-06
1.4568476921127907e-06
1.4558836711758918e-06
1.442439986342083e-06
1.4212721955639013e-06
1.4392716899493099e-06
1.4379681663388517e-06
1.4465837955199332e-06
1.3820036734056995e-06
1.3750251512212112e-06
1.4214508884139867e-06
1.4065123077325552e-06
1.3506269082580232e-06
1.3650886058024866e-06
1.4091772820030893e-06
1.4629819951295306e-06
1.4900906350447508e-06
1.4627033431913561e-06
1.4577328266207728e-06
1.410810355160583e-06
1.418238943192397e-06
1.4387378229823156e-06
1.4291207989289678e-06
1.4405940065794676e-06
1.4800346625663304e-06
1.4517009170036198e-06
1.5204447684529518e-06
1.5244073270316968e-06
1.5543489695376666e-06
1.6231223723061042e-06
1.5744821957511923e-06
1.492971832081613e-06
1.4946539808395198e-06
1.4632547981788177e-06
1.5051896748858464e-06
1.4807451516694108e-06
1.452355618948385e-06
1.4600057892733849e-06
1.451545927373786e-06
1.4313480140462845e-06
1.3902988988541375e-06
1.442489817175007e-06
1.4755391375668007e-06
1.4325194580720794e-06
1.4311151249839367e-06
1.3653523680984056e-06
1.3890852829941462e-06
1.3597443933775015e-06
1.3379651678428468e-06
1.3215510238365984e-06
1.365369785563243e-06
1.3833425705363478e-06
1.3991476654557584e-06
1.3647458970698876e-06
1.3098479687605696e-06
1.313881251871313e-06
1.3411732150963166e-06
1.3840855750973255e-06
1.3753452011383647e-06
1.4037719738794124e-06
1.3509552323965784e-06
1.3739495719169555e-06
1.3353939167446782e-06
1.3353368500518911e-06
1.4031754164943572e-06
1.3886025366913e-06
1.2959069550031818e-06
1.3374034445062512e-06
1.3726544271448562e-06
1.3281232922581263e-06
1.3517137281224561e-06
1.3324181361932206e-06
1.364793833252272e-06
1.338863453125988e-06
1.3308815694385238e-06
1.3122350008639762e-06
1.3188599805781723e-06
1.3448218939244813e-06
1.3448082881132782e-06
1.3775300224647746e-06
1.3814653407890155e-06
1.3743182425533863e-06
1.3934925852337142e-06
1.448027281632465e-06
1.429822763852555e-06
1.501092274522154e-06
1.4946745798167111e-06
1.4746247233751365e-06
1.4597434385492674e-06
1.4257191327198993e-06
1.3495412727723837e-06
1.4037068645407642e-06
1.4151273801300738e-06
1.4698266648397182e-06
1.4606605340484224e-06
1.4259276517856654e-06
1.430335316116314e-06
1.4622055615940633e-06
1.4672008276647106e-06
1.5194368329681119e-06
1.4922398015644746e-06
1.488888972193788e-06
1.5057567694331282e-06
1.4551757087420172e-06
1.390855399053144e-06
1.3791792459873489e-06
1.4019309243306796e-06
1.4035781846293688e-06
1.3313813838755864e-06
1.4082705960643635e-06
1.4500297964144756e-06
1.5245831410535512e-06
1.4549838454929592e-06
1.4414346327463912e-06
1.4502615605035492e-06
1.427583430662316e-06
1.404869765726239e-06
1.4355218284252894e-06
1.3669437508155967e-06
1.3406898578355388e-06
1.3495464740420092e-06
1.36020863880945e-06
1.3335250276581902e-06
1.3736777497479734e-06
1.3492290384377858e-06
1.343091074228822e-06
1.3015698235969635e-06
1.3571962692508315e-06
1.3867179404030654e-06
1.401750640945203e-06
1.3489245606484686e-06
1.3151012925357305e-06
1.3175523387376742e-06
1.3263893777560549e-06
1.2879933376810734e-06
1.3268552260536366e-06
1.2953776020120086e-06
1.358891585776175e-06
1.3615053199572333e-06
1.418475439103048e-06
1.4285156007258992e-06
1.4521174005135777e-06
1.4460759924664273e-06
1.4602556165325279e-06
1.4619949457968487e-06
1.41377686366928e-06
1.3299468863984382e-06
1.3678505719592534e-06
1.3381431713145907e-06
1.3608930496378618e-06
1.3902218684495106e-06
1.4019863762018441e-06
1.4022107539148647e-06
1.3482503346512046e-06
1.3331469100740776e-06
1.3113723251869446e-06
1.3533907353519055e-06
1.3943427631744e-06
1.408535460553281e-06
1.4665953984944876e-06
1.4093633097050018e-06
1.408921321934903e-06
1.3973274184492475e-06
1.384146319878919e-06
1.3834596442903132e-06
1.362921919610961e-06
1.3606402190767937e-06
1.391377960109281e-06
1.3952929815373224e-06
1.371084156782179e-06
1.3685940571675688e-06
1.3811447237901885e-06
1.415196303779956e-06
1.4099407496190087e-06
1.3998968695359367e-06
1.418573506005719e-06
1.436583173738429e-06
1.4484991470859962e-06
1.4671391124040687e-06
1.461845361154166e-06
1.5135658671018023e-06
1.507348018061793e-06
1.506656195480984e-06
1.4925381636244591e-06
1.4221722243453937e-06
1.447990080877186e-06
1.505451429399333e-06
1.4337415921975605e-06
1.4634852940627713e-06
1.4446825324404868e-06
1.3891834166990698e-06
1.3761589980274369e-06
1.4078024473551012e-06
1.4047219950217058e-06
1.379681078937251e-06
1.3520030039203194e-06
1.2901259657304007e-06
1.3701426277775944e-06
1.401960977830076e-06
1.4139184780835683e-06
1.4085429911052431e-06
1.4389679107528325e-06
1.4066373531112123e-06
1.4096671942350934e-06
1.4530005247781051e-06
1.4169673332357203e-06
1.5198596818773426e-06
1.5114948407585118e-06
1.4902945164699828e-06
1.5071027280758608e-06
1.4603354937973065e-06
1.5425154777876402e-06
1.5131889931285033e-06
1.4866743350559201e-06
1.4869261770096326e-06
1.432288156435017e-06
1.3841326455343246e-06
1.3921908801473079e-06
1.3566569514883222e-06
1.3471942526255293e-06
1.312049011491765e-06
1.355056223353208e-06
1.352495980543795e-06
1.312157195293875e-06
1.2585952807718729e-06
1.3007609816369933e-06
1.280835741720942e-06
1.2388291339751727e-06
1.2998154337352428e-06
1.2961077490026559e-06
1.2993596525770395e-06
1.3262278975228347e-06
1.2836108502809516e-06
1.3493484454378578e-06
1.3576023109514709e-06
1.3901159558868429e-06
1.393313311099314e-06
1.378696159434705e-06
1.40964243027955e-06
1.3873575651627052e-06
1.4499344132249598e-06
1.4835912264198308e-06
1.493983385742768e-06
1.4399856375279701e-06
1.4330301852857176e-06
1.370302445665991e-06
1.3951660476082492e-06
1.3509331360343014e-06
1.330178246308557e-06
1.292428845158298e-06
1.2963218466473293e-06
1.2543487412330803e-06
1.3237936022381238e-06
1.3171123579589807e-06
1.3906858336397384e-06
1.427144594028001e-06
1.4475975888710163e-06
1.4029774750946507e-06
1.387224975153775e-06
1.3994037906850784e-06
1.345615922389834e-06
1.3944190302609164e-06
1.4041648238914236e-06
1.4415119268254418e-06
1.4586185387848565e-06
1.3986949260448428e-06
1.3776672049960201e-06
1.4072990720184847e-06
1.3526963075128236e-06
1.3610813959206026e-06
1.3774128392263673e-06
1.3393556632389103e-06
1.2772682221560637e-06
1.2324867754078216e-06
1.3062988835747614e-06
1.4255546487062186e-06
1.4016469938086634e-06
1.3800859265163798e-06
1.4282312832232781e-06
1.396449812597661e-06
1.3777919155855172e-06
1.335946665929637e-06
1.296423997940008e-06
1.2443979585173725e-06
1.3355130803494902e-06
1.3536925195912296e-06
1.3883735328605338e-06
1.413423444656056e-06
1.4170815102834174e-06
1.4547835040847657e-06
1.3990599506286186e-06
1.4446533650327391e-06
1.4214926729621417e-06
1.488703196706662e-06
1.4551098347723292e-06
1.3580416196519412e-06
1.4209569291318976e-06
1.3950804540296547e-06
1.4049763158671574e-06
1.4044669172612282e-06
1.4011011906194217e-06
1.373649003938042e-06
1.3636342075009864e-06
1.3756376546861295e-06
1.3467129835164975e-06
1.3454767054257882e-06
1.3536878316082722e-06
1.3687827164953774e-06
1.328557505508825e-06
1.3491521566446997e-06
1.4139159248429522e-06
1.4034585043995863e-06
1.4599532942610356e-06
1.4340743637499552e-06
1.4038640525892417e-06
1.4197542331008897e-06
1.4188879268921098e-06
1.3898142271114374e-06
1.4099931224379119e-06
1.32404188171945e-06
1.378350424959557e-06
1.3577470975214352e-06
1.3009733714154375e-06
1.3331057957693259e-06
1.3269716455038064e-06
1.322062567079387e-06
1.3074755642860228e-06
1.3891070382087854e-06
1.3249656740058458e-06
1.3140074857572798e-06
1.3060419563832818e-06
1.3679248033550967e-06
1.3482956781809172e-06
1.366177541544278e-06
1.408276358253229e-06
1.4397437689615553e-06
1.397971787243922e-06
1.3701246203841015e-06
1.2849379644375258e-06
1.249489811962079e-06
1.2867868130961804e-06
1.2755625508214132e-06
1.301720373932112e-06
1.3349451093725445e-06
1.375999747831589e-06
1.392485837536458e-06
1.311571119580146e-06
1.3078371602452668e-06
1.3477437065656003e-06
1.3575773083787954e-06
1.3556881419921723e-06
1.4006531815616348e-06
1.3941464658579965e-06
1.3727839897799232e-06
1.41271874954098e-06
1.4072581326848812e-06
1.362556530282629e-06
1.3786723135329746e-06
1.3806691247578389e-06
1.31259077438131e-06
1.346632802348466e-06
1.3521366253773645e-06
1.3037918678646508e-06
1.3374614791647556e-06
1.2845772759316937e-06
1.31686610226927e-06
1.3008899660169016e-06
1.3046235754029423e-06
1.2994561759337576e-06
1.3143581095476022e-06
1.360136414741027e-06
1.3177043899358056e-06
1.2545783976884816e-06
1.3336529268597797e-06
1.287400256097658e-06
1.2968219288206745e-06
1.353512675930296e-06
1.3762057074087456e-06
1.4241877097213515e-06
1.3686845711222637e-06
1.3705630246970547e-06
1.391470912245182e-06
1.397344755883285e-06
1.4377650754332392e-06
1.4348742290982302e-06
1.4016499707242444e-06
1.4253862139846688e-06
1.4234104706226021e-06
1.3871701609460738e-06
1.352009478742773e-06
1.319640465122891e-06
1.310246905766805e-06
1.2885085786568353e-06
1.4222877782628094e-06
1.382266166008379e-06
1.399684514745658e-06
1.3908008737095527e-06
1.4103719805927815e-06
1.4448753998162625e-06
1.4531422859155967e-06
1.5411207247435022e-06
1.5196616426646702e-06
1.514176603509896e-06
1.5368578706247814e-06
1.4951592734527544e-06
1.4923150292142331e-06
1.5606255129134883e-06
1.5625570971901475e-06
1.4896949992505215e-06
1.4751825470805858e-06
1.4925657770881526e-06
1.5194729010792464e-06
1.483863193361272e-06
1.5583030609102378e-06
1.5199779657210115e-06
1.5078145946194636e-06
1.4519931982870693e-06
1.4978784472853812e-06
1.492868134008806e-06
1.477433956765108e-06
1.4691326832514014e-06
1.460777269909326e-06
1.517183747567279e-06
1.5166429094373328e-06
1.4651838742965866e-06
1.4687568585909887e-06
1.5138476413841323e-06
1.4999743525957572e-06
1.458755752339156e-06
1.4747233634860256e-06
1.4167439420536683e-06
1.4616483288486748e-06
1.443458441730463e-06
1.4206857799061086e-06
1.3406344776716325e-06
1.3276667223366401e-06
1.3918967167408014e-06
1.3424282459876433e-06
1.3223994305803354e-06
1.3446436955184604e-06
1.3524858812746338e-06
1.3001213243718861e-06
1.3158500264381925e-06
1.2667640171903576e-06
1.243591044340143e-06
1.2840537952187601e-06
1.31252751851265e-06
1.1898993968234483e-06
1.2602140160937922e-06
1.2918246958248858e-06
1.3216522877485588e-06
1.326409986466064e-06
1.3802670765060481e-06
1.4355105103789306e-06
1.406726735235659e-06
1.3602276680614845e-06
1.3673403117052308e-06
1.3619409940241784e-06
1.3987883844553101e-06
1.3909881047880936e-06
1.351240304380361e-06
1.303050332798639e-06
1.300109410925816e-06
1.3286921069738455e-06
1.3644051334108018e-06
1.3926600410346979e-06
1.4344604479646286e-06
1.4030563377041784e-06
1.47489838866576e-06
1.4874926218429843e-06
1.4714708501569573e-06
1.475282838031943e-06
1.3934926302615888e-06
1.4475600093927345e-06
1.4239995201120112e-06
1.4134569256295994e-06
1.4122214707726566e-06
1.379704357983731e-06
1.4021515342572357e-06
1.5039265900486042e-06
1.4268655458389619e-06
1.3940020221881748e-06
1.3829895033635174e-06
1.3912568070389e-06
1.412300373914485e-06
1.457436979647054e-06
1.4103770333635325e-06
1.3133797111631032e-06
1.406100201762715e-06
1.3970296102819283e-06
1.4184539864323741e-06
1.470971713993377e-06
1.4122696274728249e-06
1.417351154256454e-06
1.3642755877472364e-06
1.3912321701205295e-06
1.3558053361470605e-06
1.3719770396245701e-06
1.3902517389015453e-06
1.5135134305444084e-06
1.4105728449979012e-06
1.384985609761136e-06
1.3279779145026037e-06
1.3043366319125835e-06
1.2898237708468686e-06
1.3650913795361782e-06
1.414204504215656e-06
1.4543747502798689e-06
1.4621432362661173e-06
1.498915570593253e-06
1.4799816832501267e-06
1.4307633099404977e-06
1.3962106868187328e-06
1.4067615237794333e-06
1.3903380877001319e-06
1.367032415139927e-06
1.42217943255325e-06
1.4702808757817368e-06
1.4388965469823813e-06
1.4635776757685855e-06
1.4306582866739248e-06
1.4453910096255136e-06
1.4594139576035771e-06
1.3567310578281036e-06
1.3781544128013444e-06
1.3489190681177211e-06
1.338437599574812e-06
1.3635587300592057e-06
1.3640630957580765e-06
1.3511164967135293e-06
1.3016996700458753e-06
1.3477193010784408e-06
1.3268458562109913e-06
1.309023654155095e-06
1.3088216568410341e-06
1.344549720225468e-06
1.4080932624003211e-06
1.4442398309829126e-06
1.4937251714678414e-06
1.4781280831643303e-06
1.4282531738406586e-06
1.367122940348341e-06
1.4041818238624247e-06
1.3500977781594135e-06
1.3361766808091813e-06
1.3080140241104345e-06
1.2553244317209242e-06
1.316785077960864e-06
1.3567510132746838e-06
1.4351782186020043e-06
1.4101062397849534e-06
1.4138476942234226e-06
1.469593166864286e-06
1.5399884395094136e-06
1.4558296104974393e-06
1.4424539325261372e-06
1.4880284254096277e-06
1.5054189564308818e-06
1.5220651629241115e-06
1.5316056051953931e-06
1.5561343299429892e-06
1.5284347557143251e-06
1.4526071305401467e-06
1.4147699943613392e-06
1.3608976001031935e-06
1.3892617053316956e-06
1.3690021905379426e-06
1.3608917988690512e-06
1.3010068472880194e-06
1.283388551310871e-06
1.3204804905031082e-06
1.3515675332884058e-06
1.3150166291437978e-06
1.3405889895162722e-06
1.3418156452563123e-06
1.3117702850776689e-06
1.3360018034521482e-06
1.3239702845178598e-06
1.3364839815936704e-06
1.321528326015302e-06
1.3163974622512784e-06
1.2864888203209668e-06
1.352482949751818e-06
1.3613968081016417e-06
1.335950705221912e-06
1.3309225765899347e-06
1.3730465352045713e-06
1.3197581506125747e-06
1.3194061575801528e-06
1.3705766197877373e-06
1.3817604170071832e-06
1.3874294411700942e-06
1.467482881096974e-06
1.4576269778276799e-06
1.393346762635396e-06
1.3610890002624602e-06
1.3590974104367174e-06
1.3230360068056715e-06
1.3227897378066657e-06
1.3518221936412142e-06
1.3979343231743673e-06
1.4051826381716858e-06
1.3813666867966068e-06
1.422732815511039e-06
1.399733952553507e-06
1.353768847797531e-06
1.2958207544931594e-06
1.3264574495165006e-06
1.2418618847469883e-06
1.2884580202474865e-06
1.3042104047955577e-06
1.3640903658320965e-06
1.3675462097096004e-06
1.3725263068129957e-06
1.3935759948061226e-06
1.373043902741889e-06
1.3716801395262942e-06
1.364205123047535e-06
1.3506174672469476e-06
1.2831186136791687e-06
1.2355842554132545e-06
1.2616648874576868e-06
1.3046558964717608e-06
1.2929953787648368e-06
1.25892194443894e-06
1.254394134849793e-06
1.200733205076096e-06
1.2025516531853526e-06
1.2285473006586404e-06
1.2916958462881378e-06
1.3152535858354788e-06
1.3787076087968546e-06
1.2900541025997922e-06
1.2847792008478562e-06
1.255507592997168e-06
1.2476448244286905e-06
1.2397046473739244e-06
1.3152665203694783e-06
1.3577740927365722e-06
1.3346062922623249e-06
1.2670719212255907e-06
1.308928408982861e-06
1.3389843512004164e-06
1.3469753199431076e-06
1.3618314469749669e-06
1.41308743048286e-06
1.4023976416849072e-06
1.40717240715321e-06
1.419815830871598e-06
1.4677762386840673e-06
1.4746675111005996e-06
1.4548075372239737e-06
1.4505874870566345e-06
1.43729718564618e-06
1.3917368800394937e-06
1.4360015530794508e-06
1.4288976833763619e-06
1.342052918173181e-06
1.2778394174850594e-06
1.263992647814525e-06
1.2809369557588577e-06
1.2886155481772187e-06
1.2648091595158965e-06
1.2554783158804028e-06
1.3369543701476492e-06
1.3806927359169311e-06
1.3631740656006884e-06
1.414230539609503e-06
1.4856696178900756e-06
1.4278723721811247e-06
1.3909576991432295e-06
1.4000972866472978e-06
1.3521362701011959e-06
1.320460353213985e-06
1.3209935925679335e-06
1.344895183632232e-06
1.4039726954723936e-06
1.4117126523020296e-06
1.3916304539311429e-06
1.4570896262563724e-06
1.4467029042204886e-06
1.379331536020387e-06
1.356266530264661e-06
1.3194782975006036e-06
1.3776482686796134e-06
1.3473210967459898e-06
1.4060884611634631e-06
1.3674014844510558e-06
1.330776278754616e-06
1.2916416859508144e-06
1.3745043371503912e-06
1.389074904157221e-06
1.384434050375699e-06
1.32831002459254e-06
1.2875003224086911e-06
1.3608940803145326e-06
1.308892033681684e-06
1.2597670099642973e-06
1.2443202799910833e-06
1.2037097104355425e-06
1.2046119620777105e-06
1.2592051799854532e-06
1.2467001171201797e-06
1.2475032896974491e-06
1.2317899304798515e-06
1.218638387338632e-06
1.270069572101594e-06
1.3067376615405663e-06
1.3571850762558456e-06
1.3849270851089735e-06
1.3605490724043954e-06
1.3558225831892262e-06
1.3843895881282945e-06
1.3488529366587842e-06
1.3693704207957684e-06
1.3577335424829854e-06
1.349108852874079e-06
1.3727623938166178e-06
1.3466562483477674e-06
1.361753343412527e-06
1.3865226372784357e-06
1.2744149959744764e-06
1.2051174302385082e-06
1.2262191821377044e-06
1.1714069777192696e-06
1.2223495322906662e-06
1.269664797211883e-06
1.2767792834382222e-06
1.2676485596919008e-06
1.3271911984843807e-06
1.2832653938683424e-06
1.2893492026521477e-06
1.2755128176614992e-06
1.2697238800312323e-06
1.3281072595978786e-06
1.3799412594952305e-06
1.454568814310966e-06
1.4463403469982684e-06
1.4592782573995473e-06
1.413229899356315e-06
1.4081542254642649e-06
1.3929600114536623e-06
1.393667101778883e-06
1.38093049681167e-06
1.413974410237559e-06
1.361172098664247e-06
1.3566354077091267e-06
1.3193992609525045e-06
1.3839620916439988e-06
1.3882922803606447e-06
1.3228252562832866e-06
1.3662412786435756e-06
1.4079315828994538e-06
1.414436186247315e-06
1.3561518500500356e-06
1.2895457313553567e-06
1.3953737906483036e-06
1.4261258111304347e-06
1.335860762775668e-06
1.327525464103017e-06
1.3165320464945974e-06
1.3863296799742725e-06
1.3801009110420772e-06
1.410446238372866e-06
1.4271456714002024e-06
1.3955128951763693e-06
1.3734771255728172e-06
1.360043859335566e-06
1.3437670272197247e-06
1.3512914900113957e-06
1.3309229207224142e-06
1.3604876295950752e-06
1.3645274536043504e-06
1.303576640372048e-06
1.2842700609180503e-06
1.2834434988639762e-06
1.3479270927345439e-06
1.4097704875852104e-06
1.4395074168258511e-06
1.502254320448818e-06
1.4840444338625047e-06
1.4670946603770404e-06
1.4163202691439923e-06
1.3998511680270238e-06
1.4018424882983312e-06
1.3776837610322248e-06
1.326124306357328e-06
1.3515438370901258e-06
1.3370922412915631e-06
1.3234325645245902e-06
1.3301460565583554e-06
1.358850273403792e-06
1.3625887492032716e-06
1.3245561199095316e-06
1.3659159075725667e-06
1.3389726166176731e-06
1.343823609117632e-06
1.364554600124241e-06
1.3447641717043619e-06
1.3935259461675268e-06
1.3876581459879324e-06
1.3824351664312662e-06
1.3768372183632128e-06
1.3647683913981962e-06
1.3646802466734235e-06
1.3664296392688648e-06
1.4052753047808364e-06
1.4009613063836496e-06
1.3198768830296654e-06
1.3887601367479428e-06
1.4243821700065918e-06
1.3739347284408007e-06
1.344220914398544e-06
1.3600999463247403e-06
1.3229810639918778e-06
1.3145083561361056e-06
1.3643251044544959e-06
1.3707488747447189e-06
1.4410584840649077e-06
1.423598921207125e-06
1.4190699794674543e-06
1.387490253898007e-06
1.4082642639249655e-06
1.4364377949752877e-06
1.4555339108361963e-06
1.4270910612786113e-06
1.3950322333311652e-06
1.3948705708019487e-06
1.3828099741496083e-06
1.394527669006425e-06
1.3897678695790068e-06
1.341070585132619e-06
1.3120914466015249e-06
1.3749175649789032e-06
1.3969484910159547e-06
1.3231994582875938e-06
1.2842760737131724e-06
1.3000428407579954e-06
1.2878144119157162e-06
1.2953079983400021e-06
1.261716436794371e-06
1.3140006906727589e-06
1.3425739181874106e-06
1.3614399994442984e-06
1.3988064636578302e-06
1.3767243374613005e-06
1.402505506351667e-06
1.4298452996869903e-06
1.4667902134353991e-06
1.4231387692008522e-06
1.3889100081328906e-06
1.4292344429693246e-06
1.4336516503836692e-06
1.3774615295262614e-06
1.4047508893937485e-06
1.4117291651855635e-06
1.4552893555548435e-06
1.4799309626382695e-06
1.437224415262603e-06
1.4585804478549275e-06
1.3558414318901965e-06
1.297737183632292e-06
1.2317030591462212e-06
1.2754717062124862e-06
1.2354217384866678e-06
1.3223762233890764e-06
1.376434829931944e-06
1.3348392214401336e-06
1.3889630788875036e-06
1.3501875002641531e-06
1.289988633873438e-06
1.2541598130840958e-06
1.293444072319358e-06
1.3301595382730431e-06
1.4027772190244013e-06
1.4053204026100854e-06
1.3738909751604169e-06
1.4085611658412378e-06
1.4954584262600009e-06
1.4504322490891785e-06
1.4633383302391347e-06
1.452043959406406e-06
1.4699947308651917e-06
1.427531243736444e-06
1.391445723249358e-06
1.3981232639204608e-06
1.3568791215049708e-06
1.3751843434641199e-06
1.3290867373448294e-06
1.2931441806720727e-06
1.3306397003098707e-06
1.3546277187774213e-06
1.34107783117588e-06
1.3214215106144373e-06
1.3153742099445128e-06
1.323973891244808e-06
1.3236446276467786e-06
1.3642056436542368e-06
1.3567711593702425e-06
1.3669393935690487e-06
1.3476245162156222e-06
1.2875558875121855e-06
1.2843034247245597e-06
1.2461634763718927e-06
1.2826176040880062e-06
1.2147000102404468e-06
1.2370951027438353e-06
1.2941999798731201e-06
1.3039538790083475e-06
1.3015931391850392e-06
1.3104205125406387e-06
1.2950550663452667e-06
1.3169623525694495e-06
1.2606440836741416e-06
1.2709743998787757e-06
1.3255759394539454e-06
1.349180328122609e-06
1.3899980965321217e-06
1.366109906642368e-06
1.360241473417509e-06
1.3918061826690588e-06
1.4102786378447904e-06
1.3574834434058185e-06
1.4287952369966847e-06
1.5099940516999506e-06
1.5004021714461058e-06
1.4940436651700172e-06
1.5626478562700545e-06
1.507013171570376e-06
1.48862395430052e-06
1.463427408268309e-06
1.484186215199879e-06
1.492914784588871e-06
1.4788032379157283e-06
1.4424330943823754e-06
1.3933540052978526e-06
1.3554240560978948e-06
1.3901854721422527e-06
1.4262676007009208e-06
1.4321922381120854e-06
1.4759146889492027e-06
1.4683534250596012e-06
1.479259409408227e-06
1.456329049078271e-06
1.4694720739616017e-06
1.4421510448097442e-06
1.4561945097132987e-06
1.393037299051428e-06
1.3577819520975745e-06
1.3975021070831078e-06
1.4078382575796633e-06
1.4155511249570513e-06
1.4189659735732867e-06
1.443379495112601e-06
1.4076256701085947e-06
1.3981399189709187e-06
1.3899176806873945e-06
1.3431773345102707e-06
1.3779823854175656e-06
1.396142134051017e-06
1.3746598906131779e-06
1.370672287246485e-06
1.4106271283096378e-06
1.3975188274066645e-06
1.3402869220572053e-06
1.3380248273952297e-06
1.337582337906373e-06
1.3713306270497265e-06
1.3528251433117166e-06
1.3489158590232292e-06
1.407696425705463e-06
1.3821926843482502e-06
1.3994786460736105e-06
1.4227384001763882e-06
1.3723471249213466e-06
1.3833286671076218e-06
1.43726749365064e-06
1.4433677155911787e-06
1.4350025521983255e-06
1.4308520341394991e-06
1.397802942718391e-06
1.4189423752771474e-06
1.3944527182186355e-06
1.3747810254993516e-06
1.359631872762787e-06
1.3602440257477154e-06
1.3207512187866052e-06
1.273724576062876e-06
1.3287378181570266e-06
1.3454362913561118e-06
1.3515609039422279e-06
1.325415368619422e-06
1.3641445454855639e-06
1.4224237633978065e-06
1.400765581403405e-06
1.3813256308932238e-06
1.4165505103123614e-06
1.3893565043957261e-06
1.3832863959365496e-06
1.440995311563753e-06
1.4150271507588772e-06
1.455680361219674e-06
1.4008170845791418e-06
1.3623723233718781e-06
1.41675306965486e-06
1.4345895943353803e-06
1.404248616522722e-06
1.3803991919694452e-06
1.3400651565062916e-06
1.3372240345942838e-06
1.3294356557838311e-06
1.343162782820993e-06
1.2683146895256414e-06
1.3023365000260016e-06
1.3496794095438516e-06
1.3097803173947546e-06
1.3409155703390883e-06
1.3499905650245362e-06
1.431876076209906e-06
1.377334710625181e-06
1.4232787188142395e-06
1.4528269328309346e-06
1.4967505620686362e-06
1.442264215039648e-06
1.431942599309319e-06
1.4126387028611393e-06
1.4148958746054455e-06
1.4286981727918853e-06
1.388743930537741e-06
1.3714790876855814e-06
1.4378098291536043e-06
1.4560724798395589e-06
1.4076856260307378e-06
1.3953109269779345e-06
1.3777884062301453e-06
1.3135698792258464e-06
1.2987681235235405e-06
1.2910085347696675e-06
1.3662048174264128e-06
1.3518084533405462e-06
1.3985269192100178e-06
1.3893937399541598e-06
1.412054004105373e-06
1.360192790473705e-06
1.3379970852563315e-06
1.3655557756343403e-06
1.4186345833650594e-06
1.4121825370463885e-06
1.3683228766969214e-06
1.323574380854785e-06
1.3485374141672173e-06
1.390344631382121e-06
1.4446508704149405e-06
1.455528611234385e-06
1.4452343676237021e-06
1.41236049871509e-06
1.4377260645355068e-06
1.4033128548148692e-06
1.4225627046300517e-06
1.3828908941697038e-06
1.3729065941519855e-06
1.3646899249513306e-06
1.357399097097337e-06
1.295304680124108e-06
1.2893074264866881e-06
1.3178140206351527e-06
1.3260217460447648e-06
1.3234545952473826e-06
1.365351586203253e-06
1.3261442361560754e-06
1.3421475204781487e-06
1.3407401954934053e-06
1.3503242471620374e-06
1.3771392075445591e-06
1.413759136378607e-06
1.4861592408037892e-06
1.4719940984927631e-06
1.5027577299313419e-06
1.5083080833586054e-06
1.5186345999247887e-06
1.484518569302916e-06
1.491215130861937e-06
1.4425783115985261e-06
1.4483374271368211e-06
1.4596731544477806e-06
1.4034889282238325e-06
1.3830439630630922e-06
1.3834558593923438e-06
1.4201849162458597e-06
1.3928039787327297e-06
1.3993871305523167e-06
1.3481973671765002e-06
1.3755084380601477e-06
1.2982534599919e-06
1.3210698809966157e-06
1.3494236341014198e-06
1.405659615154192e-06
1.398446685290945e-06
1.3815635831905356e-06
1.3546203894457188e-06
1.3682318394734013e-06
1.3772327201674741e-06
1.3627891240364824e-06
1.3145748163113276e-06
1.3404259198139322e-06
1.3662068329271103e-06
1.370741464768837e-06
1.3728565120083073e-06
1.3437122761425154e-06
1.3783016876181205e-06
1.4014445811628108e-06
1.4328656227453518e-06
1.4511997171280222e-06
1.4596792162649648e-06
1.4102619095067125e-06
1.4083106974983418e-06
1.4203601718403624e-06
1.3969047588642008e-06
1.4566541878603027e-06
1.4468431774741962e-06
1.417812301769988e-06
1.3829858934455953e-06
1.3914700465946403e-06
1.3779910798528103e-06
1.3954188250694893e-06
1.4182765536309388e-06
1.4430752558278639e-06
1.4475932708332361e-06
1.4221361647387216e-06
1.389292418352301e-06
1.3744187844745268e-06
1.4070008890694783e-06
1.4110358518126744e-06
1.4326069673780878e-06
1.4250549232045555e-06
1.4280101553622678e-06
1.3569817452119326e-06
1.340719075566265e-06
1.360810202930816e-06
1.3666016005015831e-06
1.4166900801721613e-06
1.423645430169911e-06
1.3724191193636954e-06
1.3712435364761401e-06
1.4339015247588909e-06
1.4931143260505886e-06
1.427244846380683e-06
1.3864829940684993e-06
1.438757964519591e-06
1.4878590180032191e-06
1.436344019723679e-06
1.45954473919143e-06
1.4504995356123022e-06
1.3722250763357381e-06
1.3955161624686652e-06
1.3337658015653102e-06
1.3723550037760015e-06
1.4247871892895378e-06
1.4547675050630334e-06
1.4617638972054516e-06
1.4338291570346252e-06
1.4856858700249536e-06
1.4654113433466778e-06
1.5082563876317762e-06
1.5675828080889286e-06
1.5310263960446055e-06
1.506940809075249e-06
1.487771219814343e-06
1.5494230530687001e-06
1.5538353229895813e-06
1.5227614914394466e-06
1.5276882918807592e-06
1.515570889270884e-06
1.4720559003672809e-06
1.4705688484361246e-06
1.4323670559152863e-06
1.448819767672846e-06
1.3844468169616592e-06
1.4639578899143914e-06
1.4213785995262716e-06
1.4201665318285547e-06
1.4222734809394657e-06
1.3203045953007167e-06
1.3518387227158589e-06
1.3339297584084535e-06
1.2516214419579578e-06
1.266986752353195e-06
1.1992748141992133e-06
1.2134896508834262e-06
1.2078867712325704e-06
1.1882261943157108e-06
1.246020366242801e-06
1.192296751690179e-06
1.2716356931487085e-06
1.2377453367883824e-06
1.302951416740255e-06
1.3356416436276183e-06
1.2942924746593136e-06
1.343918379602274e-06
1.4004456394029692e-06
1.3744021586832379e-06
1.3612509600366532e-06
1.3686992776571558e-06
1.3916543970073307e-06
1.440405120175219e-06
1.459269876924154e-06
1.4123697278010734e-06
1.3593410633725112e-06
1.3522559220419886e-06
1.3673467403959519e-06
1.3285788109758619e-06
1.2767909461894747e-06
1.3468504921986357e-06
1.339847211232927e-06
1.3448565983790798e-06
1.3513499429553236e-06
1.3559861121960028e-06
1.3274238909713037e-06
1.3546070245673155e-06
1.4246081093477426e-06
1.4477738636110115e-06
1.4331619810021726e-06
1.4348955769820969e-06
1.4000101108433712e-06
1.3988556180758486e-06
1.4040203450343345e-06
1.4070863701397403e-06
1.3959996304000166e-06
1.3848642053561154e-06
1.4031391170529657e-06
1.4366488846802734e-06
1.4267595173892032e-06
1.454193666605355e-06
1.4238413446325554e-06
1.4299292757198713e-06
1.4294889503659095e-06
1.4383956437535966e-06
1.3797741427982143e-06
1.3249274241776207e-06
1.260839044448525e-06
1.2901204812448052e-06
1.2789941973969605e-06
1.2741091804476532e-06
1.2940866706260765e-06
1.2916513319301167e-06
1.2918025120602184e-06
1.2826654671651215e-06
1.2741701887881604e-06
1.282832667540882e-06
1.2305917975386947e-06
1.205860960902397e-06
1.1851878962479738e-06
1.240992457692562e-06
1.256901605830476e-06
1.315708497276022e-06
1.2833390518138567e-06
1.2545534309140568e-06
1.211988181449778e-06
1.2640909355935676e-06
1.2907730531156424e-06
1.293375967251197e-06
1.2853967241624423e-06
1.3397846402339048e-06
1.3932800094440626e-06
1.401938482572065e-06
1.3564135915446258e-06
1.4147382635276767e-06
1.361213769585986e-06
1.4447407994634757e-06
1.4964818259110504e-06
1.481445672788336e-06
1.4220466523403928e-06
1.4174200722859788e-06
1.405375847083737e-06
1.4261683176504397e-06
1.426103711250068e-06
1.3662956428340547e-06
1.3874050760763867e-06
1.4091043600747989e-06
1.3971208044468957e-06
1.4051836847049572e-06
1.4275042842304427e-06
1.4192376867547521e-06
1.4083771594893396e-06
1.4200097999103968e-06
1.470100508918862e-06
1.4538077576786765e-06
1.461762468169454e-06
1.4515087484034036e-06
1.4688040572062843e-06
1.4567278585190097e-06
1.4242832043559198e-06
1.3556872447283536e-06
1.2888117200519943e-06
1.3288936531958334e-06
1.393493367459646e-06
1.3354119359567984e-06
1.3439242269761849e-06
1.3222410174670278e-06
1.249586470698623e-06
1.2417751780057711e-06
1.2172443457484783e-06
1.1482946221986077e-06
1.2493036688833736e-06
1.3061626631629669e-06
1.298724499016817e-06
1.261038569783432e-06
1.262025126402239e-06
1.2387986776784574e-06
1.1981233479001297e-06
1.2533291183362906e-06
1.3239589111359906e-06
1.333382007562622e-06
1.3417799841632332e-06
1.3621651665226508e-06
1.3650909527697711e-06
1.3391770828934337e-06
1.3756871116985277e-06
1.3721639798604204e-06
1.3433185689038154e-06
1.2816382220183246e-06
1.3340856836585627e-06
1.347822637343928e-06
1.310721083275884e-06
1.2746254937225516e-06
1.2975112367525225e-06
1.3188373508708671e-06
1.314262157452596e-06
1.38255970256924e-06
1.321404250557888e-06
1.3917891750515726e-06
1.4560827596637312e-06
1.4147099489851701e-06
1.3769124158639826e-06
1.3038919374829496e-06
1.2650601693722712e-06
1.279348543747552e-06
1.2626839784646707e-06
1.3400180122577585e-06
1.3936495940440682e-06
1.4184661383928664e-06
1.3424582971910634e-06
1.286722006557026e-06
1.2807226356179018e-06
1.314351521461494e-06
1.3900173654203789e-06
1.3872445738814018e-06
1.4003759726449227e-06
1.4483767386714914e-06
1.3978773905502097e-06
1.4116071072746424e-06
1.3946965219810987e-06
1.3213962315958449e-06
1.3428611653163907e-06
1.379469322208006e-06
1.3662068459647113e-06
1.3247495559910898e-06
1.4090591987527878e-06
1.394915500795613e-06
1.405388491582747e-06
1.4399330222483826e-06
1.4018887873309478e-06
1.4357115986691774e-06
1.4691035380086825e-06
1.4788841777115073e-06
1.43080386951277e-06
1.3950109057182158e-06
1.4014209364466201e-06
1.4471632631328227e-06
1.5000633658757654e-06
1.4822221574896903e-06
1.4814557538582632e-06
1.4194700859499385e-06
1.4144911891729293e-06
1.3812563487973274e-06
1.4035368219131109e-06
1.3673970288448133e-06
1.374482466526067e-06
1.3418907967000142e-06
1.3433926179619456e-06
1.3412654756344586e-06
1.3457291917837465e-06
1.3160887168973337e-06
1.3022783409769108e-06
1.295672499035795e-06
1.2719929870786459e-06
1.3282604670299408e-06
1.279406280574747e-06
1.333320661222739e-06
1.342605285043965e-06
1.367876707599571e-06
1.3808830329987696e-06
1.3473567976626238e-06
1.3458553311662179e-06
1.36163890152548e-06
1.422271749415256e-06
1.3903810009330656e-06
1.355896797883451e-06
1.2878024326757602e-06
1.261084908941192e-06
1.2910490264668528e-06
1.3120068458110305e-06
1.3209219860861956e-06
1.3518038913254518e-06
1.3570103566501147e-06
1.3649107063396697e-06
1.3532821686339353e-06
1.289497749168429e-06
1.3342782346077922e-06
1.2987152273449368e-06
1.2876256651095656e-06
1.364743775725438e-06
1.3642843266202675e-06
1.3472110174002947e-06
1.329472366099071e-06
1.3027649207924367e-06
1.3189840318006892e-06
1.316487426047141e-06
1.3164132405021042e-06
1.3639820084873266e-06
1.3559438248673356e-06
1.3610226356573186e-06
1.3708179533151766e-06
1.3072832784093135e-06
1.3492862037751296e-06
1.2683509074676104e-06
1.3235807250998637e-06
1.3135379957397987e-06
1.3919539572830756e-06
1.3747815223486854e-06
1.4016675694936271e-06
1.3929999164579212e-06
1.4117866212460464e-06
1.3751590055243966e-06
1.3299858321139073e-06
1.3386601611217777e-06
