4.096432362707608e-08
3.972105501246081e-08
3.8892460409795224e-08
3.758862492723411e-08
3.670680064485676e-08
3.49079595081014e-08
3.295739744297606e-08
3.1318733032520277e-08
2.9580709418800795e-08
2.893617706920827e-08
2.791500685862409e-08
2.60567100145103e-08
2.536435987893475e-08
2.5022452596921713e-08
2.3318784058275952e-08
2.258750036380272e-08
2.202892962791842e-08
2.114473403904133e-08
2.0209153726156384e-08
1.907570002030186e-08
1.8368647249780838e-08
1.8466798587699256e-08
1.793555909476505e-08
1.742567323560107e-08
1.7134763768546313e-08
1.620690846197527e-08
1.6085183391621058e-08
1.4868089122948074e-08
1.4609816427532067e-08
1.387103604625534e-08
1.3454936212760032e-08
1.2728679928282003e-08
1.2436162197253577e-08
1.2411092719360018e-08
1.212163572575553e-08
1.1906546939999994e-08
1.179955604256732e-08
1.1571056850630502e-08
1.1357927759929965e-08
1.1242832779034507e-08
1.1408153606435936e-08
1.135799456733452e-08
1.075220247203727e-08
1.0732604021175419e-08
1.0406227653759684e-08
1.0318402495075368e-08
9.977838990826046e-09
1.0030458151822812e-08
9.653498432577844e-09
9.836270521107215e-09
9.946494097089051e-09
9.474419150066002e-09
9.852800955093667e-09
9.677291529931534e-09
9.490998314728798e-09
9.335146027330445e-09
9.400941344829219e-09
9.093197485219532e-09
9.471697262216416e-09
9.706924920520885e-09
9.83219766427056e-09
9.400587299236324e-09
9.320466541461144e-09
9.118051145262793e-09
8.787628730397203e-09
8.741214370743552e-09
8.95442475067259e-09
9.031398463684562e-09
9.124452469754435e-09
9.153040028804706e-09
9.531071950853639e-09
9.706125970858551e-09
9.662199622653755e-09
9.32354252199497e-09
8.923385340424254e-09
8.502319786200553e-09
8.763703067376463e-09
8.926144660381486e-09
9.203904836927618e-09
9.192599678334462e-09
9.267235156838922e-09
9.115194137183118e-09
8.589794430218309e-09
8.231654037514953e-09
8.484872910983137e-09
8.566730894357796e-09
8.769830453929922e-09
8.522775694181958e-09
8.377173326054965e-09
8.169975039926329e-09
8.623909910574842e-09
8.925016510744855e-09
8.93590793029759e-09
9.083289409798567e-09
9.409256830851669e-09
9.052475334603097e-09
9.081976201913565e-09
9.007184060415826e-09
9.138415869496271e-09
9.27645743223918e-09
9.431617640811785e-09
9.60976488218798e-09
9.637109066307968e-09
9.380733663562271e-09
9.55214554756216e-09
9.551379434333763e-09
9.73810856064293e-09
9.535396996319989e-09
9.702974152639858e-09
9.462592691107126e-09
9.003949946216971e-09
8.96809257967004e-09
8.953233105635301e-09
8.8269941993364e-09
9.08098721714366e-09
9.51529111919971e-09
9.113957368722312e-09
8.815850839044122e-09
8.998278421444757e-09
9.125014071685308e-09
9.104298652354482e-09
8.955550811453116e-09
9.149054281337494e-09
9.308357677807735e-09
8.983445540761396e-09
8.697253786603287e-09
8.668034365329262e-09
8.428057755689883e-09
8.685175606605695e-09
8.571249441176495e-09
8.545522840457812e-09
8.720623879192065e-09
8.627318584195881e-09
8.660032442748608e-09
9.110590588121316e-09
9.227325761671304e-09
8.952432353826975e-09
9.042689759295394e-09
9.021020844778766e-09
9.088625721067365e-09
8.972911904623659e-09
8.39644635812913e-09
8.346745877220174e-09
8.415693698146102e-09
8.544757861524546e-09
8.442132522158004e-09
8.217809564438741e-09
8.114870215572595e-09
8.504781684909662e-09
8.478088570162517e-09
8.44271738091881e-09
8.53476620704562e-09
8.15664695653859e-09
8.450245697435366e-09
8.280781318607295e-09
8.361036553195454e-09
7.984156824536368e-09
7.797024143296851e-09
7.71107525571786e-09
7.789711813594268e-09
8.152335606655704e-09
8.58914115598323e-09
8.766044709105075e-09
8.651591619829618e-09
8.582605236610583e-09
8.736002344891527e-09
8.991484001635415e-09
9.554548023721714e-09
9.640503528647707e-09
9.727312683187976e-09
9.618577281548827e-09
9.175993788964865e-09
9.380153885467014e-09
9.458166506171573e-09
9.632169434028325e-09
9.82497648616953e-09
9.716812602830677e-09
9.774773472379303e-09
9.415426849911898e-09
9.56464382924686e-09
9.293931632826893e-09
9.205771084747489e-09
8.991107286610138e-09
8.602366479712356e-09
8.587584280098258e-09
8.52375368268902e-09
8.248403415978562e-09
7.858952671615975e-09
8.180386703155104e-09
8.338017748353455e-09
8.478551556298758e-09
8.39370169546434e-09
8.580020564134893e-09
8.752963682291596e-09
8.755972272808825e-09
8.361220973637137e-09
8.314388410705681e-09
8.314437733902632e-09
8.297843572787886e-09
8.598602873175226e-09
8.646040044963321e-09
8.830566177939613e-09
8.713925610250588e-09
8.778868837622583e-09
8.875190850288342e-09
8.794116357478187e-09
8.888395799652508e-09
8.897577999032289e-09
8.632321853796979e-09
8.47655055975409e-09
8.17968765962439e-09
8.397998511200078e-09
8.223711902542423e-09
8.142637176165488e-09
8.555371271796015e-09
9.272486705911891e-09
9.074446486820974e-09
9.361998103379187e-09
9.042554664742698e-09
8.894226941848294e-09
9.071076916698696e-09
9.280778063139602e-09
8.937796920234223e-09
8.860962401172661e-09
8.920385054930371e-09
9.067603336774609e-09
9.358611537389392e-09
9.291482435605138e-09
9.13718516649663e-09
8.947385976589149e-09
8.954647758118937e-09
8.817852005587832e-09
8.689461345749317e-09
8.520373553242815e-09
8.083732849370444e-09
8.097933204850507e-09
8.333142282971438e-09
8.058849578094283e-09
8.056592075138918e-09
8.43555934077361e-09
8.14358918036781e-09
8.532016139934594e-09
8.56948848381268e-09
8.725121082651421e-09
8.670308259113407e-09
9.01321881000674e-09
8.820334927524157e-09
8.819677379656029e-09
9.187533122880404e-09
9.659959522473133e-09
9.480878403821364e-09
9.26896250364002e-09
9.387574878879471e-09
9.046844203749333e-09
8.969345112647036e-09
9.116502066628354e-09
9.31896353477163e-09
9.068531989590372e-09
9.359204050616239e-09
9.388038010695497e-09
9.347267572788398e-09
9.219539087639124e-09
9.866891614198264e-09
9.203450196105034e-09
9.512849408203892e-09
9.776873694524855e-09
9.77163532953037e-09
9.781233049245061e-09
9.372878872200701e-09
9.383131393125885e-09
9.914829128366404e-09
9.619703917388596e-09
9.310005820511264e-09
9.225409487968588e-09
9.581065002661405e-09
9.209049726379954e-09
8.716522324078552e-09
8.491095568156556e-09
8.049400753096203e-09
8.330153894375263e-09
8.60142820009527e-09
8.38616317490815e-09
8.868101243985494e-09
8.756784581635405e-09
8.978511632489593e-09
8.533491965070164e-09
8.879316419622085e-09
8.92796568201859e-09
9.233534526332544e-09
9.133156805903638e-09
9.225329484088426e-09
9.192414643772938e-09
8.798296455057132e-09
8.897556007752762e-09
8.98019837572231e-09
9.019295173775406e-09
8.92105952108706e-09
9.20659624356695e-09
9.312014533638002e-09
9.190742407898313e-09
9.294352950303391e-09
9.212854181139151e-09
9.129550650058622e-09
9.354345181707187e-09
9.57904223470987e-09
9.442059677762795e-09
9.928190157186069e-09
9.659257212756285e-09
9.36248300234653e-09
9.688041007906791e-09
1.0069160302310379e-08
9.811295051593494e-09
9.63942999387976e-09
9.43570633920471e-09
9.236633829158692e-09
9.204739459444656e-09
9.15727465140796e-09
8.852663391574871e-09
8.834580833620327e-09
9.151765340774513e-09
9.581778777400731e-09
9.561185200679181e-09
9.560081279133567e-09
9.541648488178913e-09
9.664927846510957e-09
9.562034865176129e-09
9.04348924054858e-09
9.147346416871978e-09
9.282754014169512e-09
9.1342046473874e-09
8.945203542229313e-09
9.038555439706363e-09
8.98503648592038e-09
8.484479616678893e-09
8.725108886832883e-09
8.479047194501821e-09
8.533183655423513e-09
8.566996609809626e-09
8.572216559841855e-09
8.245330572018037e-09
8.479130358584044e-09
8.639725858298388e-09
8.575277158372225e-09
8.905759583726115e-09
8.90892634191913e-09
9.435450398173272e-09
9.482337670209339e-09
9.930277526761172e-09
9.704057015191096e-09
9.487045986801141e-09
9.506476206771241e-09
9.075448967140736e-09
9.00978150358727e-09
8.971309291837713e-09
8.848260522805126e-09
8.950295106641098e-09
8.851924649865666e-09
8.854210825848271e-09
8.82866293153485e-09
8.564826862990087e-09
8.560649057345846e-09
8.81226074324073e-09
8.743189432777758e-09
8.616864074400586e-09
8.547334148162882e-09
8.97240344710657e-09
8.936402977850554e-09
8.857138029099496e-09
8.718789766618922e-09
9.143998912704133e-09
8.818155777924478e-09
8.550524820517642e-09
8.33677524455159e-09
8.480530851259353e-09
8.532432633938908e-09
8.402026044028946e-09
8.313344360318312e-09
8.203492960834129e-09
8.136436754351136e-09
8.407475637754351e-09
8.90562447727198e-09
9.238024247367673e-09
9.638762219782377e-09
9.603420294290806e-09
9.829915296453699e-09
9.979443824223712e-09
9.515572202391061e-09
9.649995383408093e-09
9.337834322275399e-09
9.02234771496234e-09
8.493087430165499e-09
8.6538569440215e-09
8.9300814312486e-09
8.895295420447036e-09
9.070044768063323e-09
9.322008664692578e-09
9.149052389191357e-09
8.782548213520836e-09
8.642695137202525e-09
8.860861558433082e-09
8.861999631800368e-09
8.593539141196585e-09
8.19499964341722e-09
8.401803232788414e-09
8.666005931593348e-09
8.443446714278919e-09
8.957224962862763e-09
9.285755441440348e-09
9.219631577562982e-09
9.26916744449433e-09
9.441259608658353e-09
9.401034410930236e-09
9.290697408474584e-09
9.212354621646462e-09
9.071916163289369e-09
8.725748238363382e-09
8.90108118267514e-09
8.650625209291322e-09
8.874442394036499e-09
9.261161229163304e-09
9.311604118340022e-09
9.521428326572465e-09
9.292286174914165e-09
9.588000823580615e-09
9.544277544445933e-09
9.673746252702462e-09
9.298097160859992e-09
9.296993376037387e-09
9.443122462497211e-09
9.301493268676272e-09
9.352673521986335e-09
9.438336143709958e-09
9.191015624419412e-09
9.002838502585976e-09
9.230633649793402e-09
8.659886923103601e-09
8.99316515281652e-09
9.190652290185665e-09
9.439062294405342e-09
9.113773088504814e-09
9.131819623497519e-09
9.379396837117713e-09
9.34135169704297e-09
9.06248537281996e-09
9.086028854481121e-09
9.148245839750064e-09
9.393260918761354e-09
9.029193127540963e-09
9.114463435665795e-09
9.190704761028862e-09
9.350614069079322e-09
9.242259436519633e-09
9.469494966040688e-09
9.285273162191903e-09
9.152015376683646e-09
9.448188025894145e-09
9.178121002326254e-09
9.198860074198315e-09
9.118584576558058e-09
9.26547836613181e-09
9.13113481860966e-09
8.736247207432508e-09
8.759006450423562e-09
8.68147208627112e-09
8.830844587323616e-09
8.892611870343078e-09
8.845732005660983e-09
8.722495218431079e-09
8.66637245358353e-09
8.851783811605515e-09
9.041139490059856e-09
8.759225460317946e-09
9.017134420301322e-09
9.041087848980858e-09
9.121548781012131e-09
9.121036068665987e-09
9.077281447201422e-09
9.093895630584666e-09
8.767578152095306e-09
8.723872828231845e-09
8.692785228931002e-09
9.306046989780315e-09
9.102407212741702e-09
8.697705083649385e-09
8.974700938263587e-09
8.830254864962883e-09
8.830324807926385e-09
9.162494775161803e-09
9.20593759316129e-09
8.874639444407358e-09
8.44682134684979e-09
8.559687862877532e-09
8.758657278975612e-09
9.062494650997361e-09
9.288776493193155e-09
9.125172787538945e-09
9.045075233938246e-09
9.213525594818736e-09
8.856236931046604e-09
8.989975980396589e-09
9.128597610818852e-09
8.964497447158354e-09
9.246651307363631e-09
9.105717306537508e-09
9.198309116587137e-09
9.2364992037884e-09
9.096332939013574e-09
8.697780819327718e-09
8.880008442075382e-09
9.43370312094991e-09
9.53966781130017e-09
9.53866709854885e-09
9.251372275707566e-09
9.252659563426495e-09
9.204245479271621e-09
8.664372248031726e-09
8.775353386068094e-09
8.564358332152694e-09
8.33320824160645e-09
8.240107195500297e-09
8.294226270798206e-09
8.550022285527634e-09
8.588905417205777e-09
8.744638003473146e-09
8.837049444828131e-09
8.849906639961952e-09
8.73087240703139e-09
8.591315526303292e-09
8.439488249202187e-09
8.875383681817318e-09
8.90211067992007e-09
8.434002755911052e-09
8.2457308373847e-09
8.103740155486227e-09
8.351163423073347e-09
8.419460853926707e-09
8.2836640017213e-09
8.341382367894632e-09
9.03673336397218e-09
9.316371351617665e-09
9.389638148353505e-09
9.30243617469718e-09
9.661662990963268e-09
9.31952600372838e-09
9.142384309927201e-09
9.037737211277966e-09
8.979142916776993e-09
9.06191249175197e-09
8.928973788934125e-09
8.979755829914909e-09
9.175287668766492e-09
9.321864929979281e-09
9.219576362725058e-09
9.537428336682774e-09
9.760763774431703e-09
1.0161973719986844e-08
9.909888675844468e-09
9.701176392628729e-09
9.625187015290983e-09
9.523055277650908e-09
9.343748801203338e-09
9.26983811519235e-09
9.251225895343429e-09
9.043660417815631e-09
9.347798612970297e-09
9.130747522063258e-09
9.285476368688366e-09
9.121514590695399e-09
9.416078256204214e-09
9.340645156513282e-09
9.357623166268968e-09
9.220185957645526e-09
9.300862374665305e-09
9.052317484951539e-09
8.813136097287716e-09
8.708800021003298e-09
8.476975744924738e-09
8.696372101647671e-09
8.485915695832108e-09
8.694836305891741e-09
8.957508923623773e-09
8.969481862794596e-09
9.300105594041118e-09
9.447822649285434e-09
9.468619310787505e-09
9.353594038823946e-09
9.44068459776177e-09
9.356219805881668e-09
9.483904605170384e-09
9.343660573120397e-09
8.859223274342446e-09
8.896809211236723e-09
9.001372940415905e-09
9.13978144009262e-09
9.040401919533285e-09
8.87980971941974e-09
8.862955329389051e-09
9.069528026662344e-09
9.109308015596674e-09
9.14470179742215e-09
8.793387911399296e-09
8.774598510379666e-09
9.064378071259521e-09
8.782660853547045e-09
8.847949927750142e-09
8.947086438503426e-09
8.850362961228e-09
8.9702464606291e-09
9.000403637220081e-09
8.714159462172237e-09
8.764590024063635e-09
9.13085419398785e-09
9.234556347593437e-09
8.956389364283929e-09
8.915401193315924e-09
8.545657953582935e-09
8.498052916440317e-09
9.1705696828496e-09
9.084513320734947e-09
9.050177138190054e-09
8.966200983909948e-09
8.92450639171583e-09
9.066574241701645e-09
8.854850587236829e-09
8.7366915460014e-09
8.482328082077489e-09
8.551575169854178e-09
8.785217823056709e-09
8.72373986080303e-09
8.911011179331934e-09
9.340960241421431e-09
9.406475377062723e-09
8.97020478666383e-09
8.692768636508263e-09
9.033828437395406e-09
9.211987094433047e-09
9.18344433786461e-09
9.030688539059473e-09
9.342240825100992e-09
9.23985533077854e-09
9.191810819672436e-09
9.498149533443962e-09
9.684088848951562e-09
9.564320815618459e-09
9.460216265573867e-09
9.700336140051417e-09
9.481924185180182e-09
9.589603785801848e-09
9.268259218703067e-09
9.060242071804605e-09
9.099875204055341e-09
9.68385491296719e-09
9.60470711762863e-09
9.576329246415467e-09
9.551524623813485e-09
9.213384659999082e-09
8.905166694447748e-09
9.054315252146047e-09
8.596959095269037e-09
8.937581213461947e-09
9.504725399566921e-09
9.246800192051116e-09
9.161505095229968e-09
9.233230639412109e-09
9.15923129422557e-09
8.563138705029404e-09
8.411136759013873e-09
8.418307199074995e-09
8.418946676842705e-09
8.548021110350552e-09
8.697606592509198e-09
9.135761192087304e-09
9.192837471766552e-09
8.983198393350067e-09
9.001532519710849e-09
8.501954576903252e-09
8.805891887829996e-09
8.750326077970837e-09
8.896633317602492e-09
8.727906065666115e-09
9.08440531160857e-09
9.436740284938244e-09
9.733670406918132e-09
9.330562333415587e-09
9.055668574228535e-09
9.009287502151648e-09
9.012203454388126e-09
9.204382632897273e-09
9.221437083519363e-09
9.044559195085129e-09
8.994923324873476e-09
8.895987035563447e-09
8.62589186781357e-09
9.28116606712144e-09
9.181567934914834e-09
9.253482289472158e-09
9.17373597295198e-09
8.931467524253874e-09
9.002373203043452e-09
9.146952969591986e-09
9.194274549882001e-09
9.037136735380782e-09
9.208913598267213e-09
8.814224682083707e-09
9.120706834637694e-09
9.192976121534981e-09
8.893335892138818e-09
8.712025107132317e-09
8.676785607359191e-09
9.239924060021361e-09
9.508520615318733e-09
9.984838237710302e-09
9.91438919309176e-09
1.0155868197057468e-08
9.783878562149493e-09
9.865440287965158e-09
9.933745545289588e-09
9.502258628945332e-09
9.633930006202953e-09
9.731079369938647e-09
9.28945695357699e-09
8.88912331983318e-09
8.553299963167059e-09
8.795276920418058e-09
8.866847064428142e-09
8.632262758145543e-09
9.100758749509111e-09
9.106128777305655e-09
9.199376973504359e-09
9.446064095377967e-09
9.373996090067335e-09
9.632467610619823e-09
9.821557970157843e-09
1.002189150197956e-08
9.510225783609053e-09
9.559715512703252e-09
8.838149925474421e-09
9.089914742096383e-09
8.923900326708577e-09
8.907603151614496e-09
8.789444918550968e-09
8.93849244178154e-09
9.021814969577295e-09
9.085624823847628e-09
9.001965166956691e-09
8.714287530033572e-09
8.839971609169558e-09
8.941637527129522e-09
9.146810003762633e-09
8.778764610939243e-09
8.597739844333514e-09
8.573809424051919e-09
8.490538739659788e-09
8.587528393268268e-09
8.647360476141594e-09
8.726511578030939e-09
8.717046311447691e-09
8.79301419162435e-09
8.152960274341563e-09
8.240448146369936e-09
8.760540288594068e-09
8.80922813734583e-09
8.836659153947532e-09
8.772721615212483e-09
8.950350391352065e-09
8.817507986540465e-09
8.497222677167457e-09
8.446365065569923e-09
8.472121008564261e-09
8.205426032935478e-09
8.088712818811389e-09
8.326500639041967e-09
8.517714664547534e-09
8.540010982894534e-09
8.680698888756814e-09
8.67667876757288e-09
8.51774001846479e-09
8.732219437392397e-09
8.697639077642954e-09
8.842539258206849e-09
8.443455463596118e-09
8.446331971398387e-09
8.414334561451356e-09
8.571922455741318e-09
8.512003377860885e-09
8.839396608626534e-09
8.540483515613462e-09
8.823362886525073e-09
8.801189353254781e-09
8.616938915316148e-09
8.67139800498378e-09
8.694303494631273e-09
8.790168658567786e-09
9.020856943358759e-09
8.885581308287908e-09
8.902454804446672e-09
9.307155336586472e-09
8.670384660511716e-09
9.130219724864975e-09
9.209049300879466e-09
9.099620827134608e-09
9.227814722400535e-09
9.302783700803367e-09
9.129774957898116e-09
9.44807233589469e-09
9.452790165326e-09
9.466660231114106e-09
9.282493262817227e-09
9.293744924302125e-09
9.006279730843053e-09
9.461557511172502e-09
9.429241473518531e-09
9.211948171723671e-09
8.791317167707657e-09
8.650849761731248e-09
8.720655513069363e-09
9.296951420127155e-09
9.084399784389516e-09
9.43163980493021e-09
9.510069391007585e-09
9.363220910429518e-09
9.364866537765672e-09
9.361137386468893e-09
9.229414603937728e-09
9.43101795193897e-09
9.075152521758327e-09
9.382831494171255e-09
8.80810724440715e-09
9.083235058840942e-09
8.769743479883956e-09
8.530772743094493e-09
8.415586024461882e-09
8.421437091928077e-09
8.881024287117357e-09
8.811863354370106e-09
8.89552801431416e-09
8.242303685058224e-09
8.46911042597205e-09
8.159923913767772e-09
8.524138909979079e-09
8.532402944088433e-09
8.265625074024827e-09
8.174604443098985e-09
7.87812168086259e-09
8.08865928574322e-09
7.848331868745649e-09
8.020235864215056e-09
8.229173366343881e-09
8.699294536838937e-09
8.569089559471693e-09
8.549749879746721e-09
8.74881245918546e-09
8.952180999083366e-09
8.889851032942363e-09
8.99825357965129e-09
8.75642845690116e-09
8.960022058627052e-09
8.60664895782237e-09
8.854210208790105e-09
8.821576671767636e-09
8.923886119300032e-09
8.985563350652238e-09
9.091849665039628e-09
9.061485634528339e-09
9.261306971006267e-09
9.433666534870859e-09
9.491651286336397e-09
9.746815454468684e-09
9.845455563018298e-09
1.0157268052722653e-08
1.0249953714679497e-08
9.85693926693634e-09
1.01242544876344e-08
1.0196836795219058e-08
1.0080010572584558e-08
9.742675270609175e-09
1.0005200969395727e-08
9.31603211867778e-09
9.083636181763083e-09
8.752247489612301e-09
9.03998444737555e-09
8.920415945462806e-09
8.643020198462415e-09
8.919906574912469e-09
8.920294563014784e-09
8.9907721323668e-09
9.119512473274678e-09
8.826993738926178e-09
9.051372956691853e-09
9.140776724494276e-09
9.181296653021625e-09
9.444559762175447e-09
9.321185465338197e-09
9.167278246109712e-09
9.212273114912569e-09
8.935745112907935e-09
9.018069891555198e-09
9.23165879860091e-09
9.436396813822514e-09
8.973434701899769e-09
9.211653052415913e-09
9.050621311159359e-09
9.01485767074121e-09
9.068007313927145e-09
8.997704645973533e-09
9.391661131382657e-09
9.489644595612346e-09
9.628927346311534e-09
9.695843131510712e-09
9.682604112696494e-09
9.842721619584439e-09
1.003343844723604e-08
9.850302714440088e-09
9.496828292257482e-09
9.488380194666259e-09
9.330542468965296e-09
9.228349884179905e-09
9.236379223492129e-09
9.164756143590095e-09
9.028870147011742e-09
9.038365243493058e-09
9.059883321073926e-09
9.359115221914448e-09
9.75920585799594e-09
9.737059461541067e-09
9.650266732628163e-09
9.683388793911892e-09
9.702777997211154e-09
1.0039396083631075e-08
1.007656254538298e-08
1.0091757149940021e-08
9.71069357270799e-09
9.60187073631844e-09
9.20039880714149e-09
8.983122892297606e-09
8.816167779936134e-09
8.66473109648391e-09
8.760459342708795e-09
9.212022174869165e-09
9.300199401145633e-09
9.327554337940278e-09
9.053311842414922e-09
8.746097195924904e-09
8.871319212452274e-09
8.392797831303838e-09
8.68649992568367e-09
8.659476632271902e-09
8.80313370337846e-09
8.839125841020836e-09
8.951011931237347e-09
8.908830399830446e-09
8.880742476637022e-09
9.205905985299227e-09
8.884835512667371e-09
9.078382374142554e-09
9.219052900499003e-09
8.805352874550819e-09
9.120994777572584e-09
9.29990761447325e-09
9.105681324286418e-09
9.255801099436655e-09
9.253560494118718e-09
9.214834547428427e-09
9.227153994548663e-09
9.338444128151029e-09
9.280115792521533e-09
9.592530402672193e-09
9.76639947844541e-09
9.523905588649899e-09
9.449664751805543e-09
9.464137284614082e-09
9.71631389203024e-09
9.50577663327911e-09
9.440559325100364e-09
9.94648432348061e-09
9.796873367404906e-09
9.903842546547253e-09
9.828836476714906e-09
9.826264042016584e-09
9.754911008320989e-09
9.518427548529257e-09
9.886569858428329e-09
1.0201557147089942e-08
9.940641652518611e-09
9.82771931495481e-09
9.726873758447951e-09
9.60091648216708e-09
9.557733841468943e-09
9.35993493009352e-09
9.52744972530322e-09
9.185001413307562e-09
9.21162754059823e-09
9.344919353117897e-09
9.539404051557777e-09
9.92267287181775e-09
9.567206610410042e-09
9.694298098938902e-09
9.415533133719119e-09
9.14741697266588e-09
9.168384368941636e-09
9.059728541230637e-09
9.083577860779766e-09
8.902454786157978e-09
8.600832429333659e-09
8.574210844083349e-09
8.027605992451713e-09
8.372214766502998e-09
8.571354468969036e-09
8.59494280058219e-09
8.488962828538953e-09
8.328429609761335e-09
8.501155709794276e-09
8.680936438456199e-09
8.407203583683827e-09
8.62271991379277e-09
8.870203811561776e-09
9.111639369556309e-09
9.132841610438395e-09
9.140272504502371e-09
8.808434809177572e-09
8.665024066307635e-09
8.874599728484854e-09
8.99108072471061e-09
8.839944985711294e-09
9.330813618647701e-09
9.23969454315887e-09
9.122208471919309e-09
9.01712959200745e-09
9.101568312520787e-09
9.072128545173369e-09
9.120923217070208e-09
9.01108323485478e-09
9.17920463494029e-09
8.991790357831536e-09
9.188546219544855e-09
9.067415651115875e-09
8.984253929451275e-09
8.93275203511211e-09
8.982570451651613e-09
8.984938486941038e-09
8.633960051234128e-09
8.589841171520261e-09
9.031521376621099e-09
9.344639268988158e-09
9.05208286445162e-09
9.03306399533976e-09
8.464565351206762e-09
8.459319397558119e-09
8.245772070381834e-09
8.521457727750334e-09
8.305750124582148e-09
8.307904927669197e-09
8.390169019913743e-09
8.501268113864592e-09
8.416020903015491e-09
8.517545404394074e-09
8.54851605626441e-09
8.110634327242858e-09
7.910772496434227e-09
8.081686807974938e-09
8.041182127243064e-09
8.310428815180318e-09
8.889588747582865e-09
8.631526436629584e-09
8.866821242433097e-09
9.079191066964313e-09
9.047378367162339e-09
8.850816236977892e-09
8.508906199096049e-09
8.486874651852369e-09
8.456583404183814e-09
8.559374785092924e-09
8.596210064862323e-09
8.658624878801721e-09
9.189601146153462e-09
9.035458024159214e-09
9.00076744756535e-09
8.890981180127463e-09
8.865959509153013e-09
9.07814961035943e-09
8.70881168858261e-09
8.586833157828128e-09
8.48016564289229e-09
8.705915384560483e-09
8.688544207755528e-09
8.493814601194249e-09
8.76678748268079e-09
8.784456242053163e-09
8.994786691749928e-09
9.036126915593466e-09
8.957939671567563e-09
9.098176530205258e-09
9.141942924528082e-09
9.059681619317562e-09
9.013609564558029e-09
8.69379187194448e-09
8.735724908454801e-09
8.783861270904948e-09
8.62721488863245e-09
8.685055388342778e-09
8.324228914482347e-09
8.822056322410913e-09
8.704526703831847e-09
8.665888078559787e-09
8.942434699553324e-09
9.31156928997359e-09
9.262010835887777e-09
9.140531033324399e-09
9.451728937215133e-09
9.3835053498228e-09
9.284889866438465e-09
9.449100887952114e-09
8.954710571557284e-09
9.412381843797001e-09
9.38021914057534e-09
9.524400430325781e-09
9.437013793196573e-09
9.087457704865398e-09
9.11646522972721e-09
9.074660837533902e-09
8.705024507542577e-09
8.956601271813601e-09
8.9994265288688e-09
8.933228297219088e-09
9.025859338582591e-09
8.71469438109497e-09
8.7227194193784e-09
8.607519228841529e-09
8.314252460664e-09
8.264643397086152e-09
8.695485125185213e-09
8.707265440536902e-09
8.825304803808962e-09
9.125947116345597e-09
9.472318334661737e-09
9.319761317353735e-09
9.051639238504326e-09
8.816427836573483e-09
8.801481314882275e-09
8.746301988346891e-09
8.651050086403798e-09
8.900803421709152e-09
9.127513059099791e-09
9.269511991363534e-09
9.454333702924269e-09
9.798179198307652e-09
9.456292894886922e-09
9.795065613204556e-09
9.38628260090279e-09
9.466303694549789e-09
9.340682343546264e-09
9.425181277391589e-09
9.711737032756005e-09
9.396217997942819e-09
9.117674739145024e-09
8.7577809812293e-09
8.632830667846488e-09
8.717296706375961e-09
9.23047843981113e-09
9.05714924451504e-09
9.360722251762423e-09
9.384832143909118e-09
9.808712835371656e-09
9.572385141845899e-09
9.613140311687427e-09
9.556601436798957e-09
9.723945423859243e-09
9.487889436790964e-09
9.624900197991789e-09
9.796868499832886e-09
9.49939818450266e-09
9.38638184972332e-09
9.745079319665654e-09
9.795008324234702e-09
9.407180427048454e-09
9.480600099909484e-09
9.428615783324427e-09
9.614166784075916e-09
9.603302661290716e-09
9.357076835163395e-09
9.256535680673726e-09
9.199840199186003e-09
9.027310444237942e-09
9.19517412126893e-09
9.36792378426708e-09
9.291464984276562e-09
9.482490869966105e-09
8.97828521908332e-09
9.160145521027197e-09
9.24654189777573e-09
9.402722100130517e-09
9.57755845279494e-09
9.516595680113162e-09
9.400198264642703e-09
9.177510470261511e-09
9.511607086779553e-09
9.436904267452995e-09
9.757514057506499e-09
9.568080607734332e-09
9.551257090262304e-09
9.319621922799393e-09
9.323485445638302e-09
9.290673164995565e-09
9.165928063345625e-09
9.240941615182539e-09
9.11665975210437e-09
8.720093296662878e-09
8.416651801614605e-09
8.226595251402643e-09
8.329713128709486e-09
8.429462491076294e-09
8.769438109303669e-09
9.12515290952828e-09
9.49621602198655e-09
9.185373098029251e-09
9.161672874668662e-09
9.350937851023487e-09
9.696951896354046e-09
9.51116996063628e-09
9.446754356219449e-09
9.219525621132708e-09
9.206037894401475e-09
9.077463236379601e-09
9.367644266179236e-09
9.483441014562733e-09
8.986115286789865e-09
9.101136986776951e-09
9.253761423853548e-09
9.538922490311765e-09
9.325130625383123e-09
9.192422366148627e-09
9.323393432865977e-09
9.301895114942349e-09
9.370514946456942e-09
8.801840416238653e-09
8.87051529976638e-09
8.89241041672433e-09
9.148137628110857e-09
9.120066285217974e-09
9.380657811093167e-09
9.016221893509786e-09
8.859685766748814e-09
8.820309522045488e-09
9.101911212465596e-09
9.018591054394916e-09
8.581109508312208e-09
8.788433938565817e-09
8.765110299270888e-09
8.968493765941839e-09
9.129065298999849e-09
9.27155940734018e-09
9.102390881881032e-09
9.173902896647196e-09
9.172776192455877e-09
9.176254882691577e-09
8.653563497090431e-09
8.347343206820932e-09
8.279328344169582e-09
8.370742842222346e-09
8.198486447837355e-09
8.224783438938425e-09
8.418344807887492e-09
8.317512837142316e-09
8.669158901405496e-09
8.395492817693347e-09
8.270239239524351e-09
8.47606965175988e-09
8.840118909999647e-09
8.784690594671476e-09
8.473223142379597e-09
8.593656175451412e-09
8.394193849336666e-09
8.344926877181011e-09
8.564647545015893e-09
8.462054888537235e-09
8.4506170807222e-09
7.79918293305651e-09
7.797056252455192e-09
8.188363892757655e-09
8.380550462296355e-09
8.570272840704176e-09
9.164835383203524e-09
9.384491410186925e-09
9.608390863975698e-09
9.78582792952442e-09
9.848049626116392e-09
9.592605251253102e-09
9.236919785558495e-09
8.827590388364588e-09
8.925581943335644e-09
8.636502673515042e-09
9.0906928143758e-09
8.903859115261062e-09
9.045143750834954e-09
9.147993201441162e-09
8.771485724512593e-09
8.792650377485503e-09
8.881117917388221e-09
8.63160812122104e-09
8.71226728677422e-09
8.383514793693965e-09
8.497549973291961e-09
8.503413361333468e-09
8.731235326899757e-09
9.009023361616383e-09
9.070653269512187e-09
9.011918735780118e-09
9.009799171036825e-09
9.368354379165394e-09
9.135484460314918e-09
9.249693546626075e-09
9.26173192665127e-09
8.977406391017529e-09
9.24006970220372e-09
9.513593843620512e-09
9.60677621073343e-09
9.587740514094426e-09
9.331939711524232e-09
9.214644698686475e-09
8.519669836252215e-09
8.448513895612696e-09
8.55154748514314e-09
8.55200262950495e-09
8.418243039549667e-09
8.226981859697616e-09
8.110490288405264e-09
8.15209135816662e-09
8.442198367554577e-09
8.39779955288399e-09
8.635340326469958e-09
8.837459052402255e-09
9.176488541265224e-09
8.602970668538213e-09
8.588133749527919e-09
8.77247229639084e-09
8.892288638684258e-09
9.089962189870866e-09
9.17510050914161e-09
8.628604150194609e-09
8.972698736879315e-09
8.85673785144758e-09
8.874653216811151e-09
8.979804902136817e-09
8.841487463673776e-09
8.89619164035788e-09
9.31217319292052e-09
9.264550422799058e-09
8.874123656151896e-09
8.636522721390197e-09
8.564560348355673e-09
8.339885000580739e-09
8.321135548666183e-09
8.082236206252142e-09
8.09852133752727e-09
8.442065695528313e-09
8.705129906566945e-09
8.329327694676722e-09
8.39890155519848e-09
8.88502324633469e-09
8.74164162639856e-09
8.941065887882916e-09
8.592054483664267e-09
8.474145457217296e-09
8.606040305812149e-09
8.849572924780886e-09
8.888958034852354e-09
8.447058132457976e-09
8.472515891167718e-09
8.303003781214696e-09
8.442995012097435e-09
8.851089456598318e-09
9.046992585465157e-09
9.569609334532346e-09
8.905247863151278e-09
8.859664033728215e-09
8.819161997014816e-09
8.928751780531057e-09
9.568237067109394e-09
9.88299327579396e-09
9.69498908975592e-09
9.994062972918377e-09
9.782233196238404e-09
9.450073039383032e-09
9.436460782395845e-09
9.476989570830345e-09
9.511601506006598e-09
9.709162502112978e-09
9.550598415057164e-09
9.17260546800368e-09
9.03362901580022e-09
9.387328838102716e-09
9.493514954540724e-09
9.744625048266336e-09
9.793724452402153e-09
9.74741054607882e-09
9.633438379175829e-09
9.537254857791365e-09
9.367305716139717e-09
9.106228170313814e-09
9.066182638650064e-09
9.06616353324203e-09
9.0567594811252e-09
9.161740488478682e-09
8.85225939093614e-09
8.891364922168734e-09
8.937045755952001e-09
9.18767840909305e-09
9.478747782236818e-09
9.257385800023851e-09
9.286547240633737e-09
9.128861441117844e-09
8.950493243247445e-09
8.579605170729085e-09
8.514857943469377e-09
8.655213233953263e-09
8.774122471328806e-09
8.649245806967628e-09
8.799592541090649e-09
8.553458063904627e-09
8.875224489901374e-09
8.397896249204311e-09
8.749749392932796e-09
9.030566127188646e-09
9.192863391852648e-09
9.301248355718525e-09
9.220743298614429e-09
8.849055295793545e-09
8.864894289926113e-09
8.948130018322218e-09
9.04005534906649e-09
8.729957841486063e-09
9.05965917624402e-09
9.322334687659827e-09
9.380308576871113e-09
9.358993771026766e-09
9.29686720116527e-09
8.871617281884138e-09
8.851599763179207e-09
9.24166055862847e-09
9.257375341354417e-09
9.395635912615422e-09
9.590606100191936e-09
9.579024476390287e-09
9.739370509615296e-09
9.75249768131917e-09
9.76591887843549e-09
9.919375614291196e-09
9.855604444346652e-09
9.765506106419784e-09
9.693426538542565e-09
9.320879708761086e-09
9.407363250380414e-09
9.711269114510281e-09
9.410927741170373e-09
9.191334700848635e-09
8.619389878964595e-09
8.536822024255698e-09
8.456374638728725e-09
8.246404768424878e-09
8.24121619309665e-09
8.183560043033179e-09
7.916098023453716e-09
8.579539022953408e-09
8.320626214955914e-09
8.14637501935463e-09
8.249801728100628e-09
8.359404961680956e-09
8.077098329644282e-09
8.05929779661099e-09
8.061539596478383e-09
7.911904275979156e-09
7.77047117480723e-09
7.996077162109135e-09
8.080626630698174e-09
8.187589981521545e-09
8.337041777604464e-09
8.371589313829016e-09
8.230877805797132e-09
8.46955200781972e-09
8.744550027266337e-09
8.46046909644688e-09
8.229592177637692e-09
8.329224692483322e-09
8.062032113740348e-09
7.982995520871686e-09
8.228452644928609e-09
8.619882694704366e-09
8.755670784340958e-09
8.991026182592592e-09
9.212947948053108e-09
9.521200989529815e-09
9.545374767465445e-09
9.486340029878596e-09
9.225273484822109e-09
9.252233787565797e-09
8.831702923313803e-09
8.890923326191478e-09
8.724624509089593e-09
8.483516079422363e-09
