5.3897786090286e-08
5.283756844811105e-08
4.934674257852458e-08
4.587803648530178e-08
4.2979151890298896e-08
4.058330072564071e-08
3.7531366219166094e-08
3.647728076272185e-08
3.5202381043148896e-08
3.3492956731463296e-08
3.341026674530343e-08
3.19140233179535e-08
3.011743823517054e-08
3.0104553690837845e-08
2.8620482511089426e-08
2.7024867938983336e-08
2.5888676892438192e-08
2.401943124514011e-08
2.306534860804127e-08
2.1345069614794684e-08
2.0273881923937307e-08
1.994614747753701e-08
1.933398888511547e-08
1.8524803371483454e-08
1.777995274609263e-08
1.699403270319509e-08
1.6112109984091468e-08
1.5307163582657207e-08
1.5193252753966364e-08
1.4569676679911635e-08
1.3917772967467206e-08
1.2986754171831594e-08
1.3066457054414695e-08
1.3044093331195122e-08
1.2788283799851855e-08
1.2448978900490028e-08
1.195769089476766e-08
1.1529065277679853e-08
1.1496982483276893e-08
1.158646013847663e-08
1.188314816167026e-08
1.1739810402087076e-08
1.1409093026043794e-08
1.152225684685425e-08
1.1132281821450931e-08
1.0690911732624785e-08
1.0427107280843866e-08
1.0684432522400204e-08
1.0232701356942702e-08
1.0300429586238195e-08
1.0021951106554033e-08
1.0501972253293324e-08
1.0558996190727397e-08
1.0396560488287611e-08
1.0086873344739103e-08
1.0076169244014303e-08
1.0011214509138389e-08
9.787292636875256e-09
9.454010242567879e-09
9.080100033458996e-09
8.803478028241152e-09
8.712771257606704e-09
8.955280943752967e-09
8.912829319245548e-09
8.834989755643847e-09
9.335141501949805e-09
9.216793091374724e-09
9.219512083916448e-09
9.193902393576398e-09
9.298809549607456e-09
9.257358187721273e-09
9.228842069053504e-09
9.346887836410039e-09
9.208987041613745e-09
9.025269453302873e-09
9.39709527205648e-09
9.187515751147117e-09
9.324891679565452e-09
9.449534079026088e-09
9.453258671482176e-09
9.227527320747734e-09
9.61071134432836e-09
9.156928314366512e-09
9.247387711534146e-09
9.683861817462362e-09
9.755317077632674e-09
9.667455340898267e-09
9.768200944724016e-09
9.285046844570392e-09
9.276612868202643e-09
9.257557071341995e-09
9.017279354743683e-09
9.036559184447916e-09
8.993327593963499e-09
9.190207387409575e-09
9.316467251968527e-09
9.434400870429897e-09
9.251178413136851e-09
8.822297119320237e-09
8.592019142058224e-09
8.984855565704115e-09
9.303830417959213e-09
9.383092923120256e-09
9.676731956297934e-09
9.546341358804603e-09
9.313927833676415e-09
9.266209965672816e-09
9.30211157033662e-09
8.992878535229489e-09
8.70957003266116e-09
9.103258919662795e-09
9.268406168049192e-09
9.215034282887709e-09
9.070838378811349e-09
8.56443446196791e-09
8.879502674217925e-09
8.661273441696502e-09
9.061632831000884e-09
8.884178145459564e-09
9.132768694525969e-09
8.861206346619127e-09
9.200058764446717e-09
9.399461804639183e-09
9.435657845487735e-09
9.397654993516335e-09
9.387031686492336e-09
1.0011470159177357e-08
1.0212605333881755e-08
9.96461946798285e-09
9.539855879262048e-09
9.184945301555272e-09
9.56572029151938e-09
9.651779488842164e-09
9.389372760769484e-09
9.415319056207575e-09
9.033972488255542e-09
9.05810000011824e-09
8.861153825495917e-09
9.074408563788185e-09
9.018549258757176e-09
8.859292321070165e-09
8.955906753991684e-09
8.67595487555191e-09
8.854586483926777e-09
8.531822414388824e-09
8.300256615860463e-09
8.212235184501163e-09
8.442394579826925e-09
8.54241802190877e-09
8.515968394222572e-09
8.612606717602912e-09
8.560432345482603e-09
8.816065179850675e-09
8.767465934530186e-09
8.695327258292046e-09
8.845120265408395e-09
8.785350790287925e-09
9.142323474639723e-09
8.733350309307858e-09
8.510431563020808e-09
8.75813744498952e-09
8.816655034711153e-09
9.009096116146823e-09
8.872532740149022e-09
8.844783134516546e-09
9.203693663728462e-09
9.055206418262405e-09
8.55594778859592e-09
8.702257801505846e-09
9.109518946970894e-09
9.18306708113742e-09
9.138286409236242e-09
9.15816749445648e-09
9.749272468152674e-09
9.437892249878457e-09
9.219740567146688e-09
8.980556792531632e-09
8.996578056320275e-09
8.88560827072048e-09
8.899840974199306e-09
8.911507420627812e-09
8.934040109680235e-09
9.194463989264132e-09
9.070752023909921e-09
9.021631186220812e-09
9.234926387049134e-09
8.91017604131294e-09
8.894023051938193e-09
9.022944835306662e-09
9.21115938800143e-09
9.257271522978064e-09
9.090432996478467e-09
9.167739048621717e-09
8.938188247013117e-09
8.559577220144107e-09
8.722439391543256e-09
8.571155405923383e-09
8.938623381157913e-09
8.742448253675982e-09
8.712990910487608e-09
8.594580605918724e-09
8.720946969269978e-09
8.988275187195632e-09
8.976623813534724e-09
9.365400876836346e-09
9.384814515630979e-09
9.340274907025326e-09
8.899324155167654e-09
9.216058671950582e-09
8.997711218346995e-09
9.198532867753113e-09
9.15814863363869e-09
9.347730307816133e-09
9.080252755758209e-09
8.94393246089739e-09
8.942425010623437e-09
9.045250137247835e-09
9.164398887222652e-09
9.204644473875424e-09
9.48256598576125e-09
9.406540298224217e-09
9.20393313916122e-09
8.933521395734558e-09
9.295101787539433e-09
9.17082717096505e-09
8.953516543855225e-09
8.850372178336166e-09
8.985614937629214e-09
8.961249180965467e-09
8.908039570940044e-09
8.855657574645485e-09
8.979155786373777e-09
8.842966097202129e-09
8.704782368300706e-09
8.80915704582558e-09
8.800905189905912e-09
9.019223378073493e-09
8.717717988648462e-09
9.08427395245408e-09
9.302476575494123e-09
9.227957048670023e-09
9.288681038990934e-09
9.49537901014144e-09
9.392855593373572e-09
9.368562484902181e-09
9.368573681543014e-09
9.236949902293237e-09
9.165042183186202e-09
9.17927152093358e-09
9.636507516693495e-09
9.680777226726347e-09
9.620874632221802e-09
9.755271775448455e-09
9.366250279244184e-09
9.225455864204801e-09
9.565122296910698e-09
9.160135397948694e-09
9.4099230356313e-09
9.19356466135419e-09
9.018371932051518e-09
8.805426421618458e-09
9.188796448812434e-09
9.133734270842829e-09
9.038366319781716e-09
8.973941444772156e-09
8.99286971376724e-09
9.10327708942687e-09
9.397703087357663e-09
9.600770626358564e-09
9.475729230900281e-09
9.270746901153844e-09
9.198572183550944e-09
9.23684561203187e-09
9.569256574567547e-09
9.648477773482351e-09
9.705311150831282e-09
9.408044349239982e-09
9.298205329184779e-09
9.671706107990404e-09
9.355393831901836e-09
8.965007160453984e-09
8.880242941785818e-09
9.342335519095952e-09
9.683039103558384e-09
9.591876990134749e-09
9.724829702404217e-09
9.707436981241189e-09
9.774419547717436e-09
9.81153094367549e-09
9.972761691634466e-09
9.506444583741363e-09
9.42439789407357e-09
9.722959067504702e-09
9.847905055574518e-09
9.581799731631646e-09
9.34923520638386e-09
8.810782464058728e-09
8.64118886337545e-09
8.70674817562125e-09
8.281649530187305e-09
8.511413856874092e-09
8.492195187068328e-09
8.822490227172314e-09
9.047504232246869e-09
9.086660171180974e-09
8.866141783703722e-09
8.629860219847082e-09
8.61667999980152e-09
8.983436870035325e-09
9.048256429353973e-09
8.913885318409038e-09
8.91097056720455e-09
9.120011029722864e-09
9.213260783215165e-09
9.023856096113054e-09
9.34617798078602e-09
9.32915905526909e-09
9.40448287753029e-09
9.46805594000284e-09
1.0133028610602958e-08
1.024752165321766e-08
1.0134029469046156e-08
9.943644537641822e-09
9.988858034630178e-09
1.0266368071155567e-08
1.0180213879334715e-08
1.0260585923046907e-08
1.0606129172656563e-08
1.0112545612492361e-08
1.0006884646871023e-08
1.0012380319345517e-08
9.976928057549277e-09
1.0086308310480607e-08
9.85188033488727e-09
1.003254683005017e-08
1.014574554003105e-08
1.0060015154319705e-08
1.0011568666160427e-08
9.549519636917197e-09
9.553012438409694e-09
9.518302159085437e-09
9.262775234732918e-09
9.167865554629444e-09
9.09108511105333e-09
9.204143798510505e-09
9.248272346163063e-09
9.235952612214343e-09
9.289680949131613e-09
9.446938764293677e-09
9.265795503062318e-09
9.035500781528275e-09
8.892603016143761e-09
8.542702575775662e-09
8.4803226659483e-09
8.60618118609126e-09
8.65114597803639e-09
8.352562794777837e-09
8.254027837492078e-09
8.218261373691238e-09
7.933192492856151e-09
8.073295855387604e-09
8.253533852142269e-09
8.567240487183163e-09
8.300842531711857e-09
8.99073389645608e-09
8.718793487626791e-09
8.594817051784524e-09
8.856441129280698e-09
8.773546930751525e-09
9.156648196059466e-09
9.41828643686621e-09
9.320155272135787e-09
8.907807964308031e-09
8.969752842407602e-09
9.156661967655627e-09
9.127588040249279e-09
8.988228853148246e-09
9.205912029316887e-09
8.952559234747618e-09
9.045413686085145e-09
9.425675403548966e-09
9.454775707002761e-09
9.25885714439196e-09
9.255435945566181e-09
9.079718449810403e-09
9.014543247334175e-09
9.12859114033193e-09
9.045786476726923e-09
8.740225327602413e-09
8.666187951569473e-09
8.652888074072752e-09
8.96201570213512e-09
9.45106397907417e-09
9.502540097723726e-09
9.452497731739723e-09
9.577207268222166e-09
9.611045358142244e-09
9.49202479944993e-09
9.153421429449487e-09
9.437313591418277e-09
9.543076262279839e-09
9.612308508362693e-09
9.581550269226418e-09
9.656369033815786e-09
9.45112377729698e-09
9.476062094102485e-09
9.195377113879189e-09
9.279104202784715e-09
9.854332592942676e-09
9.725797780823972e-09
9.395302852531444e-09
9.18768557809699e-09
8.985341526184808e-09
8.865167516219267e-09
8.63795524933144e-09
8.973856678245865e-09
8.219400383168988e-09
8.186738827543272e-09
8.108719306731389e-09
7.968648153865032e-09
8.137184506602621e-09
8.457216446358016e-09
8.385102374391686e-09
8.777883148676593e-09
8.824120862546528e-09
8.653473103635262e-09
8.968201615210165e-09
9.118005227939259e-09
9.076535122274174e-09
9.245138826110893e-09
9.304880572547243e-09
9.306829671529086e-09
9.275291099710671e-09
9.052135606578029e-09
8.927070715561291e-09
8.72592407656258e-09
8.556708294196608e-09
8.54991191132598e-09
8.576013858369971e-09
8.41767983958304e-09
8.607911250601958e-09
8.718372457653673e-09
8.890306212283313e-09
8.701356558355949e-09
8.96201818454462e-09
9.221585044169696e-09
8.999577823432322e-09
9.126790333749524e-09
9.340490064954657e-09
9.368640157704788e-09
9.286552197980498e-09
9.056616623772539e-09
9.17013786600178e-09
9.23017297390821e-09
9.211303553198854e-09
9.382134008031941e-09
9.345523249335945e-09
9.260487258062088e-09
9.372337479221e-09
9.316063610623571e-09
9.226840547825911e-09
9.321865779245239e-09
8.966608096600942e-09
8.683664726130072e-09
9.05413896967278e-09
9.052663599214682e-09
9.366900615578334e-09
9.31075325434401e-09
9.271934142612051e-09
9.258079622230371e-09
9.001947943684874e-09
8.917634663584927e-09
8.757229788923976e-09
8.689229432595568e-09
8.495665868031286e-09
8.671728773596909e-09
8.992268782810573e-09
9.391689284841099e-09
9.372364669398056e-09
9.379423669583677e-09
9.207261269389118e-09
9.328704766185683e-09
9.790340178855958e-09
9.794495758880776e-09
9.577693459617716e-09
9.781914679959285e-09
9.859294233837388e-09
9.742977441629184e-09
9.666467548189738e-09
9.412440350824129e-09
9.734708221912778e-09
9.484572172962453e-09
9.194024855211539e-09
9.000128183068983e-09
8.835795330976559e-09
8.994824475619167e-09
9.195652398827298e-09
8.884985037464294e-09
8.822080776523872e-09
8.965334872754094e-09
9.229307625219251e-09
8.58197358820343e-09
8.794874463218001e-09
8.735633088073014e-09
8.710434314394686e-09
9.07281294787412e-09
9.1386774626127e-09
8.98287165956574e-09
9.12163333963237e-09
9.405104904966592e-09
9.261013667463657e-09
9.369799136941713e-09
9.346162953635025e-09
9.33353610233716e-09
9.44957194361776e-09
9.380404572541053e-09
8.97068562323276e-09
9.026983549546046e-09
9.055804328712811e-09
8.945060730902197e-09
8.834439010840949e-09
8.995224531304529e-09
8.980983286216007e-09
9.265332566081437e-09
9.220524675725627e-09
9.457508370556299e-09
8.912151321337431e-09
8.591780956553643e-09
8.648226083534783e-09
8.62782999713872e-09
8.51904656660032e-09
8.457493373418393e-09
8.324178417905045e-09
8.429803618252996e-09
8.482774189942067e-09
8.52223557984052e-09
8.317068622393149e-09
8.707502859470919e-09
8.734685613531557e-09
8.730056002809637e-09
8.7212887802429e-09
9.257022339475595e-09
9.683347318583403e-09
9.591878462377047e-09
9.65545088014343e-09
9.45021063898872e-09
9.011966431269524e-09
9.104722236526627e-09
9.124898521371238e-09
9.265419177437517e-09
9.259228042883169e-09
9.497069712495334e-09
9.523213382657979e-09
9.425629549602983e-09
9.282783091985058e-09
9.192986136592893e-09
9.071800080023697e-09
9.173486606502993e-09
9.12849162249385e-09
9.073664822173918e-09
8.998206198973118e-09
8.999569041361732e-09
9.080646105322024e-09
8.834148434016568e-09
8.82030498612864e-09
9.110717092506457e-09
9.082289937074084e-09
8.704184309649941e-09
8.744932385008422e-09
8.364451171915388e-09
8.055939079052313e-09
8.201900105476135e-09
8.411708320368208e-09
8.249575785391464e-09
8.502529847570255e-09
8.66445858284449e-09
9.006649040053165e-09
9.406421594772586e-09
9.546901984965008e-09
9.519981702029917e-09
9.611827287917763e-09
9.598812288584623e-09
9.578050609743214e-09
9.72874325354795e-09
9.765169775962442e-09
9.968317377175553e-09
9.583961044554887e-09
9.556970948791543e-09
9.476383451511647e-09
9.267038121640977e-09
9.067269817634059e-09
8.800501587620508e-09
8.656527322763136e-09
8.566279425095743e-09
8.327082014769266e-09
8.303771124124778e-09
8.369492897490268e-09
8.36159023849356e-09
8.515039201139805e-09
8.427684136220452e-09
8.538981128987724e-09
8.765166513000777e-09
8.851461691298574e-09
8.986072408786217e-09
9.214693883774498e-09
9.193391042851272e-09
9.293207759209998e-09
9.249207851897225e-09
9.402867238661943e-09
9.66998870999263e-09
9.690339659956195e-09
9.88725135446194e-09
9.38348572577963e-09
9.072294004898793e-09
8.956249811218643e-09
9.096021022489363e-09
8.943419269034868e-09
8.780193348838534e-09
8.805158526459527e-09
8.972798081887023e-09
9.01958655092034e-09
8.494993689873032e-09
8.33343902944157e-09
8.364179279759798e-09
8.537717695198717e-09
8.656814178602518e-09
8.969822315879968e-09
8.897241310835624e-09
8.951579105449909e-09
9.306173784643216e-09
8.983561344549884e-09
9.055992261850373e-09
8.733474630626131e-09
8.494581976233265e-09
8.358639902305326e-09
8.843882894987281e-09
8.987452446879581e-09
8.725683754692588e-09
8.806336190175615e-09
8.83769785324275e-09
8.742625306854782e-09
9.07531365077316e-09
9.045873550665497e-09
8.916709267374372e-09
8.869797687427638e-09
9.114389433188473e-09
8.995741697629926e-09
9.093903603000941e-09
9.329519428139494e-09
9.723282094136085e-09
9.546681742707066e-09
9.539976314243971e-09
9.239397050900172e-09
9.214217411606516e-09
9.116653306587117e-09
8.858366338287499e-09
9.026244125667869e-09
9.184136899688853e-09
9.005627391697792e-09
8.80709541714103e-09
8.900526551891195e-09
8.88347589956049e-09
8.784394422765808e-09
8.827741349593415e-09
9.147936242716138e-09
8.982677405343482e-09
9.154558410975497e-09
9.335365751617494e-09
8.848304276498682e-09
8.747994929110987e-09
8.707858424957838e-09
8.559841232210192e-09
8.532030877094234e-09
9.066424785212601e-09
9.146317454805902e-09
9.412131304065593e-09
9.248135282165172e-09
9.184504481045787e-09
9.223858476874115e-09
9.374575445648218e-09
9.418096527598191e-09
9.967835961677603e-09
9.889042489345012e-09
9.588342983376265e-09
9.858390059500483e-09
1.0066782475144297e-08
9.776017138984873e-09
9.580376122946637e-09
9.500613805397073e-09
9.773416272333212e-09
9.449705956124399e-09
9.748127125430946e-09
9.943802696214626e-09
9.688019727416652e-09
9.432472723429869e-09
9.402183547914246e-09
9.331400233963877e-09
9.538932195120774e-09
9.347945028448132e-09
9.45418042781585e-09
9.278959540459659e-09
9.16168735400753e-09
8.537849179297547e-09
8.310401464858114e-09
8.452128270250593e-09
8.621592985990249e-09
8.536867234475457e-09
8.438877891144912e-09
8.546769420378803e-09
9.077364822799384e-09
8.816684851656788e-09
9.042066458903108e-09
9.239376420019083e-09
9.421765264390061e-09
9.66847757662105e-09
9.553466055850569e-09
9.434298661557788e-09
9.113050387471317e-09
9.030191237614938e-09
8.696681757273935e-09
8.811700110431507e-09
9.034645095924038e-09
9.148682623249168e-09
9.38985047838847e-09
9.116150278602512e-09
9.039020416480868e-09
8.728884594423178e-09
8.65625986812602e-09
8.915638954304711e-09
9.301189148116635e-09
9.364935023905745e-09
9.71669594484708e-09
9.700004531403959e-09
9.343479933320409e-09
8.773528260000131e-09
8.949839735131826e-09
8.721666924624214e-09
8.94187410075034e-09
8.71200592373265e-09
8.901876901118962e-09
8.952349377804678e-09
9.042088380459935e-09
9.082891612755864e-09
9.191683199139061e-09
9.108139944779836e-09
9.307546276676082e-09
9.107614133446405e-09
8.901949602516523e-09
8.77931464379894e-09
9.006126627907332e-09
8.770514378366097e-09
8.85796497527681e-09
8.736620507631584e-09
8.974168603535647e-09
8.865764819040241e-09
9.328592586812848e-09
9.089861305283583e-09
9.226595995162513e-09
9.332919283629454e-09
9.331240504787778e-09
9.06996195146287e-09
8.814930278260654e-09
8.884033633570064e-09
8.990768728715807e-09
9.24366090589512e-09
9.25474228562419e-09
9.038981007161243e-09
9.499251662847148e-09
8.888506170111813e-09
8.944244156473502e-09
9.416242452527859e-09
9.440603195916414e-09
9.273755506092714e-09
9.171988958952872e-09
9.06944060091804e-09
8.918068194998637e-09
8.999079451166106e-09
9.191645204988423e-09
9.431867775823571e-09
9.474720610182389e-09
9.292254444690707e-09
9.432555771962458e-09
9.407232924710662e-09
9.068121479917212e-09
9.143224043229165e-09
8.71891118431454e-09
8.642960178225976e-09
8.693877676859438e-09
8.604398109858975e-09
9.238731924867269e-09
9.343926226968328e-09
9.74724660677183e-09
9.531803437507167e-09
9.355400778578183e-09
9.25353198600853e-09
8.843914531104567e-09
8.724364334989869e-09
8.897529939575894e-09
9.03349461971987e-09
8.886281974150908e-09
8.463742970883915e-09
8.308793640670266e-09
8.538070169694396e-09
8.78197539302739e-09
9.084037829926368e-09
8.801057306715274e-09
8.952929007180356e-09
9.135494804658454e-09
8.808321008183207e-09
8.630073427075827e-09
8.500878822115032e-09
8.678232244656793e-09
8.829672616141935e-09
8.663067612605718e-09
8.837702051914028e-09
8.971250335135453e-09
8.824243951258353e-09
8.392284868365215e-09
8.283720238935443e-09
8.513663786314942e-09
8.981796674711147e-09
9.108380807140385e-09
9.14929479513357e-09
9.150433913519945e-09
9.278025267518973e-09
8.919545189226276e-09
9.239754729971338e-09
9.33352322526779e-09
9.091053488184058e-09
9.263588344121187e-09
9.022071940229053e-09
9.431256260425396e-09
9.321034361877384e-09
9.53398150339943e-09
9.470205154469308e-09
9.352937525482953e-09
9.67878869378036e-09
9.681800662850961e-09
9.16323765288091e-09
9.35393396501286e-09
8.877752120108712e-09
8.684687610990085e-09
9.024365324777506e-09
8.989030850241665e-09
9.124025797720958e-09
9.268993086112259e-09
9.480180561053795e-09
9.314128500266908e-09
9.364227075409194e-09
9.670285908303634e-09
9.514934989953855e-09
9.018157745570512e-09
8.749890433405655e-09
8.794326792275434e-09
8.316431347264673e-09
8.535136148399617e-09
8.197813651480893e-09
8.207238184194926e-09
8.450721157505543e-09
8.426766073252881e-09
8.406692708557369e-09
8.065146919603119e-09
8.283630057499617e-09
8.24896853156242e-09
8.487325721766626e-09
8.518308543225719e-09
8.51258552776694e-09
8.583764261353844e-09
8.869090621968543e-09
9.36088775825907e-09
9.28770200894135e-09
9.137539160019472e-09
8.958203261444392e-09
9.023037658554615e-09
8.82285539358707e-09
9.088085642256281e-09
9.126270353141706e-09
9.136315710617222e-09
8.987374755593663e-09
8.864723930011507e-09
9.009064710314857e-09
9.250402800972292e-09
9.275304681730065e-09
9.332331773169815e-09
9.521688145734579e-09
9.82193439729744e-09
9.8459195015078e-09
9.607337407357917e-09
9.619313983629893e-09
9.320013768207447e-09
9.205633041014191e-09
9.008625458262191e-09
8.880678009205298e-09
8.742611797702775e-09
8.569405616465613e-09
8.693083357234048e-09
8.911919341461693e-09
8.925106717863637e-09
8.934249129911376e-09
9.31871522050699e-09
9.324701035166096e-09
9.775819747491746e-09
9.802962036367884e-09
9.791490147816362e-09
9.803720327392157e-09
9.746488584108142e-09
9.811288219847165e-09
9.775477393951071e-09
9.820024972543463e-09
9.869643169519745e-09
1.0088522607218307e-08
1.0304324619828753e-08
1.0217236449248903e-08
1.0501914703783191e-08
1.0485105224815043e-08
1.0140970488868783e-08
1.0127541413923509e-08
1.0109103894300107e-08
9.687799586131589e-09
9.929414136000724e-09
1.0084736695841319e-08
1.0154309840792992e-08
1.0355953011373816e-08
1.013273098143004e-08
9.534817298337472e-09
9.40549231886102e-09
9.411089626849882e-09
9.560479902701833e-09
9.567291869676999e-09
9.60205743551585e-09
9.829559912251947e-09
9.802975985881338e-09
9.355740437832003e-09
9.44442771864115e-09
9.335485276431422e-09
8.96738333554631e-09
8.747322868084281e-09
8.279876308323405e-09
8.299875420016432e-09
8.588885482075173e-09
8.636886091124464e-09
8.772433962303872e-09
8.872585407300797e-09
8.48415630833158e-09
8.2657021470623e-09
8.222949010049186e-09
8.332578754565165e-09
8.259531385296432e-09
8.411925735342472e-09
7.974564354717143e-09
8.128847945365874e-09
8.163797259071794e-09
8.574169654751868e-09
8.474204657956287e-09
8.486800638660853e-09
8.874217397315798e-09
8.581807533388825e-09
8.694547806578611e-09
8.658893925919915e-09
8.627052567832991e-09
8.411457910968859e-09
8.225839669215854e-09
8.136059937087142e-09
8.391901483386142e-09
8.7872503296902e-09
8.505976143431549e-09
8.319993773688618e-09
8.401877903468638e-09
8.423271116755762e-09
8.230136134099289e-09
8.34265177101421e-09
8.49959180929937e-09
8.866107096406824e-09
8.980580053983204e-09
8.880497748377725e-09
8.714801203281416e-09
8.768576108161926e-09
8.622431282889254e-09
8.802924615348027e-09
8.646981665274237e-09
8.94215796445359e-09
8.836156036780297e-09
8.86872182997194e-09
8.811513964005069e-09
8.628557326459334e-09
8.807562309362788e-09
9.119253774691776e-09
9.285998747623758e-09
9.125839528439934e-09
9.558827556172619e-09
9.359411444830317e-09
9.216163715794409e-09
8.9912632459211e-09
8.699348662187206e-09
8.638165406377345e-09
8.596405161897505e-09
8.516549451660356e-09
8.897581071424187e-09
8.681165697109341e-09
8.195143385166992e-09
7.963091900187693e-09
8.01097470755291e-09
8.315024905694192e-09
8.485918201635984e-09
8.018752076068132e-09
8.155317467537045e-09
8.62741819917567e-09
8.241051041590857e-09
8.479512368629996e-09
8.475597971267193e-09
8.297392000982817e-09
8.479869162342239e-09
8.807898076338266e-09
8.50113226247773e-09
8.695598112377115e-09
8.600205103211478e-09
8.832949816595406e-09
8.92646784806566e-09
8.882972359529152e-09
9.174676487847733e-09
9.375687535293651e-09
9.230210560039811e-09
8.741627682324666e-09
8.655735643450788e-09
8.515870279131868e-09
8.472223457701132e-09
8.601028123346214e-09
8.714211120714421e-09
8.556011309789407e-09
8.654600014219721e-09
8.913068487189339e-09
8.946087484665909e-09
8.862547898244077e-09
8.749061032733551e-09
8.628209408745466e-09
8.29276897656399e-09
8.44612466097828e-09
8.141419327748951e-09
8.484127907241296e-09
8.865512286728653e-09
8.6391530695536e-09
9.022629443829273e-09
8.624729145957142e-09
8.403029158067935e-09
8.757837026188684e-09
8.602162355233482e-09
8.42204663305109e-09
8.391286629323959e-09
8.576114472156242e-09
8.873392325551108e-09
8.915627067602482e-09
8.657902080822272e-09
8.628098661830622e-09
8.266941737416888e-09
8.217611932687375e-09
8.467299165858491e-09
8.544247592834344e-09
8.689948967735619e-09
8.985303773308258e-09
8.812078951500179e-09
8.632025192089312e-09
8.160848751059261e-09
8.0857609648794e-09
8.015199284431645e-09
8.329243177869125e-09
8.767888379055556e-09
8.728190069405423e-09
9.195885826287262e-09
9.202353129388108e-09
9.179888209411859e-09
9.145906255506571e-09
8.779273717351802e-09
8.906779071872968e-09
9.002371583692857e-09
8.965991203240107e-09
8.921041339458888e-09
9.13651797875669e-09
8.869087886406853e-09
8.721857308724568e-09
9.048291178140501e-09
8.873489595791638e-09
9.00321027277862e-09
9.127184891235941e-09
9.175903234852884e-09
9.1093477642358e-09
9.028284764324977e-09
9.147515008087568e-09
9.113071871765174e-09
9.532497072546956e-09
9.57195274639052e-09
9.345044654665534e-09
9.205974982791295e-09
9.019751590807801e-09
8.842992892534038e-09
9.302554584894265e-09
8.949690705929555e-09
9.44775774171879e-09
9.552685631042032e-09
9.773055665358618e-09
9.68156104357545e-09
9.444638610528724e-09
9.621167704918088e-09
9.454716713199923e-09
9.252883481249954e-09
9.133559166307418e-09
8.81376247345799e-09
8.905672423384974e-09
8.824587119690777e-09
9.018542127895779e-09
8.816989309830527e-09
8.85054469759322e-09
8.9587953846121e-09
9.002459966156126e-09
8.883519354929287e-09
8.826681675175113e-09
8.472022374117565e-09
8.392531544701496e-09
8.245085071546484e-09
8.175577549454848e-09
8.470593999875957e-09
8.545036881140973e-09
8.037168257840937e-09
8.22091476015526e-09
8.073920932723541e-09
8.181709276624394e-09
8.176264251701096e-09
8.094690065341888e-09
8.256842279161482e-09
8.483365717224896e-09
8.528267257003322e-09
8.212600285310978e-09
8.2384745408987e-09
8.177858636033273e-09
8.435451625427809e-09
8.385272500479364e-09
8.741699634009473e-09
9.234088669875365e-09
9.046187588352229e-09
9.213489657413263e-09
9.17634521751896e-09
8.829283584747792e-09
8.631676660059005e-09
8.268069030618547e-09
8.444414476134493e-09
8.717821259989246e-09
8.784589555877933e-09
8.704916815028117e-09
8.137053763053008e-09
8.069373453904266e-09
8.025758718504753e-09
8.071411382258075e-09
8.230055145616957e-09
8.432861653957693e-09
8.831068973005633e-09
9.07514686642432e-09
9.09139277297385e-09
8.840300006634271e-09
8.715907423035113e-09
8.792887268112777e-09
8.807138058657895e-09
8.725468022962288e-09
8.453600406190018e-09
8.31919251551649e-09
8.253486166364852e-09
8.14561440854724e-09
8.319589118945602e-09
8.579325411014522e-09
8.562817434088025e-09
8.16886715879872e-09
8.057045256328062e-09
8.031463293438214e-09
8.387779066971657e-09
8.100585421147937e-09
8.403460914592717e-09
8.724594947278565e-09
8.929489480435083e-09
9.37041158413174e-09
9.150740541320944e-09
9.209689936826843e-09
9.107373667740575e-09
8.802505011445978e-09
8.508242069737659e-09
8.70738429382759e-09
9.093767818009766e-09
9.354016670958722e-09
9.299333736955037e-09
9.200862538366028e-09
8.9949171617611e-09
8.993206742683763e-09
8.897376712336257e-09
9.208247344745839e-09
9.748255537915934e-09
9.800928169177076e-09
1.0149832257552727e-08
9.959890184234463e-09
9.952739649855518e-09
9.94686347283806e-09
9.831412579084184e-09
9.555398523632161e-09
9.335893994411911e-09
9.719865726381684e-09
9.50387674368753e-09
9.379285213307103e-09
9.676111818825907e-09
9.731170401369686e-09
9.73772620582643e-09
9.206549252081943e-09
8.901557967874527e-09
8.829871419079147e-09
8.583227452176938e-09
8.14472610055362e-09
8.12450462535224e-09
8.121034317037034e-09
8.016432652049284e-09
8.626388728193962e-09
8.654123908256405e-09
9.13042761376765e-09
9.26076005789885e-09
9.149759312476506e-09
8.940558509412452e-09
8.869850022841611e-09
8.781672372634966e-09
8.739545250238584e-09
8.742306488915182e-09
8.560424861107179e-09
8.680456096650869e-09
8.537926184176018e-09
8.518485965822317e-09
8.78634695680723e-09
8.727594159669631e-09
8.805194029320677e-09
8.935871029234695e-09
8.84049273932284e-09
9.425929062664133e-09
9.461207316686391e-09
9.677039235369026e-09
9.802086374763165e-09
9.807073955757286e-09
9.715811596316089e-09
9.546904580953998e-09
9.35887579775488e-09
9.317743892262029e-09
8.921738981775634e-09
9.078201883663525e-09
9.620039409038534e-09
9.30920736933166e-09
9.25405185773773e-09
9.454305587097274e-09
9.585182879116187e-09
9.252934763150127e-09
8.88716814937573e-09
8.938374554086816e-09
9.047211324016717e-09
8.740448729373523e-09
8.7672274220908e-09
9.054636889043792e-09
9.252084209105948e-09
9.510790477683123e-09
9.52327542309662e-09
9.795195719354963e-09
9.255545740337187e-09
9.179202522232462e-09
8.938260967620605e-09
8.458277687783341e-09
8.740888123421734e-09
8.850324225020472e-09
8.641072648112202e-09
8.503377187238925e-09
8.802222866379874e-09
8.83636944511264e-09
8.962123730023572e-09
8.799386832465705e-09
8.921795713507317e-09
8.927779520726482e-09
8.787510080166919e-09
8.478512820434506e-09
8.27934103933482e-09
8.324938298554992e-09
8.577129329107405e-09
8.472774660573242e-09
8.551900317521312e-09
8.778041103115598e-09
8.88906153015252e-09
8.962475940522183e-09
9.123253990213572e-09
9.122447992911048e-09
9.060743508896192e-09
9.024185472790598e-09
9.242028146446547e-09
9.219641295519863e-09
9.01176230419182e-09
9.015143904867775e-09
9.098611124637842e-09
9.373983671095067e-09
9.327335967054211e-09
9.370932140533178e-09
9.276621305487522e-09
9.294561270044039e-09
9.080570080810641e-09
9.158500622980044e-09
9.118434620438034e-09
9.450666839962223e-09
9.365219859668806e-09
9.334986776805326e-09
9.231604940723752e-09
8.930765786595213e-09
8.603934034048922e-09
8.283733132447906e-09
8.320910513255184e-09
8.327469172883214e-09
8.549486204175638e-09
8.656338208571151e-09
8.684723603735123e-09
8.122048049874142e-09
8.464770176073656e-09
8.60412377104155e-09
8.681608776470732e-09
8.706654817850795e-09
9.170373449633706e-09
9.436336493637653e-09
9.545672154296575e-09
9.538020116721637e-09
9.46266397359067e-09
9.024417638220928e-09
8.537958111087666e-09
8.737699020065198e-09
8.289239996620887e-09
8.736900342881278e-09
8.875544006127249e-09
8.935345501809758e-09
9.414531660336646e-09
9.107187889741505e-09
9.169519418167428e-09
9.405600661318907e-09
9.33830469524708e-09
9.33171831005735e-09
9.435191410170751e-09
9.457745014844774e-09
9.354167539118357e-09
9.64718412454825e-09
9.27014382479194e-09
9.087249194575292e-09
8.971718437585967e-09
9.090421258176644e-09
9.27813134580886e-09
9.140913251764214e-09
9.05296400349186e-09
9.075446519917886e-09
8.920796730943453e-09
8.647445512754085e-09
8.52354472269387e-09
8.970963469580396e-09
8.932633969512017e-09
8.731290469737828e-09
8.534775378412498e-09
8.90217479077233e-09
8.988785455087441e-09
9.450265676799242e-09
9.203937854261549e-09
8.937301091093117e-09
8.728390118867866e-09
9.047500943615785e-09
9.032452759815544e-09
8.6459032354694e-09
8.714285471027754e-09
8.997703524671287e-09
9.483343163536295e-09
9.131389513606938e-09
8.833487940872353e-09
8.556851780581815e-09
8.805692940522696e-09
8.829902308353756e-09
8.90519435014041e-09
9.104732214564813e-09
8.880969046850696e-09
8.565193652773077e-09
8.726455693888349e-09
8.522023483275977e-09
8.512917053437087e-09
8.543246862527641e-09
8.468311897161686e-09
8.759197696094383e-09
9.072672414058758e-09
9.102442865663503e-09
8.79458477646323e-09
9.09892806681275e-09
9.248452175332916e-09
9.0619274075778e-09
9.160883576679682e-09
9.288933954398105e-09
8.974133965825904e-09
8.96142152791883e-09
9.26662757222486e-09
9.180597669354656e-09
9.00354944378473e-09
9.210791633151168e-09
9.190199290654034e-09
9.167127368451018e-09
9.39874290077203e-09
9.462338362157037e-09
9.242684424153992e-09
8.714242976909084e-09
8.830506323311084e-09
9.145249833619023e-09
9.25154976007488e-09
9.256187569617395e-09
9.127525677574091e-09
9.220510842949515e-09
9.066694057856793e-09
9.03903104058276e-09
9.389586570978925e-09
9.248554346686419e-09
9.37265354662137e-09
9.042338107124031e-09
9.181149787959294e-09
9.18558761216971e-09
9.089475194867755e-09
9.084114438091e-09
8.997717410782833e-09
8.737713423409367e-09
8.965588756926524e-09
8.954756259523513e-09
8.994190940214973e-09
9.229146310208213e-09
9.079263603850876e-09
9.123624446304825e-09
8.659725158277704e-09
8.875114073843012e-09
8.83173541769591e-09
8.589867018907693e-09
8.916808837084249e-09
9.027955131991714e-09
9.095596716756596e-09
9.246207011109976e-09
9.586542208848576e-09
9.469279162189199e-09
9.551689819403105e-09
9.626245320140103e-09
9.147714713484598e-09
9.421776451279535e-09
9.278377940894149e-09
9.228376835598452e-09
9.48795589304147e-09
9.479629267869306e-09
9.619193172552693e-09
9.308469440168501e-09
9.140295194933505e-09
9.075874225106603e-09
9.640857827971549e-09
9.970896353685091e-09
9.888637287765132e-09
9.834456388150011e-09
9.861703908703546e-09
9.41151525934552e-09
9.364416659606098e-09
9.433862477167788e-09
9.351843363231509e-09
9.19336972849307e-09
9.03199318125326e-09
8.9172270277309e-09
8.754465364972535e-09
8.726838477219233e-09
8.668988164081994e-09
8.708492297325274e-09
8.602956329834468e-09
8.660675023725245e-09
8.496964038647246e-09
8.560369334948457e-09
8.589886837857062e-09
8.544686042317604e-09
8.24088946625343e-09
8.256371322506973e-09
8.093368361473368e-09
8.31394019687316e-09
8.603362188857878e-09
8.6510889979334e-09
9.13392554307254e-09
8.969076296415572e-09
8.995934049711567e-09
9.109827696052585e-09
8.85793149624305e-09
8.594302094729334e-09
8.255198648281284e-09
8.609760591332268e-09
8.633720649326575e-09
9.014652055249183e-09
9.130427664096405e-09
9.274298743783302e-09
9.740566662701746e-09
9.595020106815195e-09
9.845238829665107e-09
9.91475242802168e-09
9.642751631394902e-09
9.87923155343848e-09
1.0166813857857811e-08
1.0331577813272186e-08
1.0091921680442107e-08
1.0192489199534057e-08
9.942747489141346e-09
