1.3355957451857824e-06
1.268544466299917e-06
1.2248305729096724e-06
1.1598968483515705e-06
1.0776241235681747e-06
1.0090496429667516e-06
9.74189039188354e-07
9.649167413829958e-07
9.100845440023209e-07
8.467236075024582e-07
7.996530445448976e-07
7.431783299478205e-07
7.049840514582197e-07
6.557715236711157e-07
6.305468504671739e-07
6.092792897996002e-07
5.579417177045238e-07
5.332048818551225e-07
5.025075497883346e-07
4.933863200149758e-07
4.562837434090194e-07
4.3640041670420587e-07
4.056913228186362e-07
3.761745822393828e-07
3.668998338353502e-07
3.4766250869233077e-07
3.1809055626818065e-07
2.990025836382682e-07
2.8446302917755025e-07
2.7539680906936476e-07
2.62482533766145e-07
2.577706757946396e-07
2.494074428730467e-07
2.441101871365378e-07
2.3347003366672462e-07
2.257952601192197e-07
2.2248082304366067e-07
2.0665870545217391e-07
1.9495162638490803e-07
1.7931001723509716e-07
1.6883042255416416e-07
1.662797565341034e-07
1.591143583479225e-07
1.5071478545569028e-07
1.4393139333026396e-07
1.3715081360766667e-07
1.341846149124601e-07
1.2794551915118527e-07
1.221643005181928e-07
1.1602859335443166e-07
1.0564427037063972e-07
9.925506254748754e-08
9.555648781249004e-08
8.867060010756457e-08
8.84452353783237e-08
7.972030927912786e-08
7.979134298398187e-08
7.667787061442028e-08
7.18577719131915e-08
6.882188375175362e-08
6.471465352194969e-08
6.329900085906965e-08
6.272506275632799e-08
5.912385555759746e-08
5.741528663143105e-08
5.4097570068713365e-08
5.096227549233574e-08
4.98823231313388e-08
4.7532658668185616e-08
4.445972504215226e-08
4.1032689804443566e-08
3.656504665829543e-08
3.569122868969124e-08
3.5227034456161334e-08
3.209103790298243e-08
3.1160679508146305e-08
3.00503423562897e-08
2.765906325436137e-08
2.6912807613455594e-08
2.508168761493799e-08
2.4157041763378626e-08
2.3481378065402033e-08
2.24285919865513e-08
2.1578406502051393e-08
2.101219577662948e-08
2.0659891614555804e-08
1.9666872146845072e-08
1.901817215364506e-08
1.8954634697242234e-08
1.837151626719484e-08
1.837729516088091e-08
1.763098910170055e-08
1.769444622781149e-08
1.629878504108799e-08
1.593694346075709e-08
1.5481131009166912e-08
1.5786205323661774e-08
1.4690807164272528e-08
1.4440366143143611e-08
1.3592858857446541e-08
1.3640155259884071e-08
1.4156041609446927e-08
1.3620924643635705e-08
1.4276599913800467e-08
1.4023909710735236e-08
1.465422889300505e-08
1.4616182847190767e-08
1.4720127253364953e-08
1.4370277869554014e-08
1.4151882347837447e-08
1.4362232770078099e-08
1.5001970047567942e-08
1.5360515655093404e-08
1.4693480336015391e-08
1.4288569061184159e-08
1.4251787969922359e-08
1.4123782325315732e-08
1.4051022776346962e-08
1.3997000215128223e-08
1.4102368346935422e-08
1.3929072694470321e-08
1.383449838683128e-08
1.3613127611424872e-08
1.3728329805214771e-08
1.3492711493567125e-08
1.3643982893734817e-08
1.3727902069683482e-08
1.4456128733162492e-08
1.4255211968109998e-08
1.4019230718068332e-08
1.3299999091160711e-08
1.3144664653571833e-08
1.2979332460481951e-08
1.2661082781547865e-08
1.287638718764417e-08
1.2013213740696146e-08
1.2191492007853272e-08
1.1732074346119569e-08
1.2433630394666836e-08
1.2428390421281087e-08
1.199151910191584e-08
1.2783282570565456e-08
1.2645077254874655e-08
1.291930577518881e-08
1.2543540388074035e-08
1.2058544626679631e-08
1.198661832110576e-08
1.2154863281374273e-08
1.2002449134218622e-08
1.2038446707423878e-08
1.2174969711149553e-08
1.1960400564828258e-08
1.2316145483951865e-08
1.295883837152137e-08
1.296974076381289e-08
1.2424941709885679e-08
1.2478724634971898e-08
1.267644939407904e-08
1.2110569836330676e-08
1.2248080371080337e-08
1.273393126397315e-08
1.3074608669177994e-08
1.2811099952675121e-08
1.2734771387802371e-08
1.304182327780778e-08
1.300611819370736e-08
1.2778914077844803e-08
1.2712175052598843e-08
1.2718489602255029e-08
1.3146663429965991e-08
1.3520246440160276e-08
1.3639949569773397e-08
1.3461444863541962e-08
1.3642020552508691e-08
1.3770859902247863e-08
1.3734415736810417e-08
1.3438587775996585e-08
1.4224224207170335e-08
1.4017565101036737e-08
1.3933248576819997e-08
1.3804877463975807e-08
1.3793084747279674e-08
1.3924409910082433e-08
1.3772110524664123e-08
1.372348965289946e-08
1.3632161161008199e-08
1.342718270358495e-08
1.327407462424424e-08
1.3307424039412679e-08
1.3609883648602205e-08
1.378097731598471e-08
1.3329240101469374e-08
1.320435147116938e-08
1.265681591706327e-08
1.2434678506304534e-08
1.2896708146209815e-08
1.236678934548612e-08
1.2444153519319549e-08
1.2369810546923394e-08
1.2091071200863161e-08
1.2086734275712373e-08
1.232191862688526e-08
1.2447437093815808e-08
1.256450891386521e-08
1.3023645938347022e-08
1.302477023925319e-08
1.316805701231465e-08
1.2739637946478775e-08
1.2772793628905011e-08
1.2945562799955236e-08
1.2868487290361676e-08
1.3291779017335912e-08
1.3765314989317463e-08
1.3343294935314803e-08
1.2943988180279324e-08
1.2824665826425203e-08
1.2563576195785832e-08
1.2547293374097058e-08
1.2702755225174295e-08
1.2882807621621441e-08
1.2912916053504235e-08
1.2862601858998447e-08
1.2589552497742151e-08
1.2600154918202698e-08
1.2923091691474442e-08
1.2346741473141803e-08
1.2072927888828782e-08
1.2503175249648389e-08
1.2680447527925658e-08
1.23380264711851e-08
1.2395017050819356e-08
1.264844027125082e-08
1.2856666095056861e-08
1.2492211363818597e-08
1.2482556802510223e-08
1.3211397267091459e-08
1.3321453724804102e-08
1.343962942101706e-08
1.3347738959246986e-08
1.3327784342178609e-08
1.3171823092362172e-08
1.3243590746714226e-08
1.305722672114418e-08
1.326737428415977e-08
1.3226824474082704e-08
1.3086487596948705e-08
1.3219847711044519e-08
1.3172336540062634e-08
1.3335844663857067e-08
1.3571778169013455e-08
1.3518114772579587e-08
1.3093644451383878e-08
1.3179123418705343e-08
1.2928879889952667e-08
1.30886178243702e-08
1.2981436809770786e-08
1.2927555195393758e-08
1.2661328351205106e-08
1.2491847183094704e-08
1.2214050606275434e-08
1.2155528620533824e-08
1.2467672969841385e-08
1.2923779201376431e-08
1.3221141852327385e-08
1.3136271042962763e-08
1.261525072875324e-08
1.2667013163700775e-08
1.3056376066389908e-08
1.3311208139850757e-08
1.3081998726514185e-08
1.3477153371632615e-08
1.338704735787119e-08
1.328272506589113e-08
1.3394504106624048e-08
1.3243172070335823e-08
1.3170646341729573e-08
1.2900376340791302e-08
1.2992993161774674e-08
1.3685886481501994e-08
1.3236247056155154e-08
1.2922047169136952e-08
1.335033604636324e-08
1.356108008774385e-08
1.3820478838820568e-08
1.398268463673875e-08
1.3579293780968241e-08
1.3451379875814587e-08
1.3329301259402162e-08
1.3480427430190434e-08
1.3655105999784205e-08
1.3149937766994126e-08
1.325584536867529e-08
1.3100923775140013e-08
1.3253231392818432e-08
1.2747712940479523e-08
1.2630563814747084e-08
1.1987188829815276e-08
1.1787326589787292e-08
1.1671419422988241e-08
1.1583141895610104e-08
1.1943108247109949e-08
1.170495649079041e-08
1.1901948971294515e-08
1.2221260763365052e-08
1.2095122208568669e-08
1.2201477178363473e-08
1.2237264251684689e-08
1.2521577846706904e-08
1.2538848457361252e-08
1.2397371327564258e-08
1.2659613521565746e-08
1.278627035683266e-08
1.3371987868291171e-08
1.3467100868399044e-08
1.3267445139495039e-08
1.3535866765626323e-08
1.3525778820596904e-08
1.3256572202601438e-08
1.3817230157877843e-08
1.4174983775869409e-08
1.3688346842653768e-08
1.3943817291764547e-08
1.3784241574765655e-08
1.3958191999373108e-08
1.4088049112824695e-08
1.3979998133918703e-08
1.4217216480508796e-08
1.4347025114057034e-08
1.3989756118849434e-08
1.3631461573750353e-08
1.4467020782380068e-08
1.4613666755637386e-08
1.5010484302681485e-08
1.4880289164749234e-08
1.4805389809079258e-08
1.4912638084957864e-08
1.5033892417154928e-08
1.467179752769532e-08
1.4248683025770846e-08
1.4170905087847077e-08
1.4292801915968044e-08
1.3997509643986876e-08
1.3995358751856559e-08
1.3746625269994348e-08
1.4125398108900642e-08
1.3847796287427565e-08
1.3804787007147243e-08
1.3919784481482967e-08
1.3857726630753102e-08
1.3218563540150193e-08
1.2949802645371894e-08
1.3142610128224937e-08
1.2807372119133842e-08
1.2459563224430604e-08
1.250065838490313e-08
1.2719594539433196e-08
1.203206147117521e-08
1.1957357887769004e-08
1.194567797008313e-08
1.2093736750595124e-08
1.1965222552363636e-08
1.226034060772767e-08
1.2733552287124968e-08
1.2781016790492177e-08
1.3094816502556193e-08
1.289876978357417e-08
1.2932923364290101e-08
1.302118848986066e-08
1.2625260235407176e-08
1.2782206819414537e-08
1.2739312948228678e-08
1.2637141996012333e-08
1.233626330756117e-08
1.2311809936187663e-08
1.2529894177573777e-08
1.2636092039420732e-08
1.2178396281979413e-08
1.2290755081595501e-08
1.2124858842100683e-08
1.2238799442290984e-08
1.2770905517408347e-08
1.3057574966377974e-08
1.2996806915943091e-08
1.2977652654925452e-08
1.3452356952988737e-08
1.3735447859241288e-08
1.4037111607911932e-08
1.379860209005377e-08
1.3011771383793144e-08
1.2998897493946446e-08
1.321775730899675e-08
1.3468230859748246e-08
1.377355872883987e-08
1.3843174917803095e-08
1.3617116218730748e-08
1.3395225722829989e-08
1.3385253893938578e-08
1.332624287020624e-08
1.275123963594379e-08
1.2688122025864285e-08
1.2475873797148945e-08
1.2214929230278547e-08
1.2334716188181963e-08
1.227050742925967e-08
1.2247038030267739e-08
1.2512612057651494e-08
1.302916507820138e-08
1.26413506816634e-08
1.2909351972773889e-08
1.2940256464849659e-08
1.3098395392346498e-08
1.33455389073019e-08
1.288764604963656e-08
1.2353672059643561e-08
1.200947962853911e-08
1.2311049228762368e-08
1.214738963876486e-08
1.185099730351168e-08
1.2055673569458105e-08
1.169209094766159e-08
1.1268279926108768e-08
1.1631400519136051e-08
1.1747740719498414e-08
1.2332826165417497e-08
1.2424013673817917e-08
1.271749451871122e-08
1.3234512809036569e-08
1.300675816787496e-08
1.2505590874670808e-08
1.2693225721430121e-08
1.2799101362431844e-08
1.2830837070557105e-08
1.3189104149214341e-08
1.2765904698197914e-08
1.2624568875963388e-08
1.2931612327402351e-08
1.261972195182696e-08
1.251492598463318e-08
1.2706688072551976e-08
1.2772493271271405e-08
1.3112447342284777e-08
1.3117673529606715e-08
1.2944746223624804e-08
1.331160926874844e-08
1.344456549556932e-08
1.3616548205176971e-08
1.340319767101985e-08
1.3305334360211605e-08
1.319547566907933e-08
1.3428594015297566e-08
1.3372343693870035e-08
1.2894403746977098e-08
1.26988194060505e-08
1.2872771747696702e-08
1.3153610351694915e-08
1.3131404577315081e-08
1.3288081769940396e-08
1.338243067256982e-08
1.3469557481819184e-08
1.3557932822537958e-08
1.3470577117746293e-08
1.3457723337812474e-08
1.3141723630119589e-08
1.2753210246211055e-08
1.2551329687730685e-08
1.2369439943196867e-08
1.2564943987470656e-08
1.2585395496772427e-08
1.2802357472651347e-08
1.225725344180225e-08
1.2319005801321957e-08
1.1621263557047403e-08
1.1828883578554632e-08
1.2136730655263626e-08
1.1171151579530486e-08
1.1390952682759027e-08
1.2385447563844981e-08
1.258119822988731e-08
1.259034029645426e-08
1.2356740431604319e-08
1.1733744784761847e-08
1.164347167293995e-08
1.2484786021039094e-08
1.3101467597277953e-08
1.2931750750903849e-08
1.299894296492646e-08
1.3329616292854578e-08
1.3099574762327189e-08
1.2897982543637232e-08
1.2922406093834934e-08
1.2850362138853556e-08
1.2673887743533112e-08
1.2581652800564203e-08
1.1724906735542188e-08
1.1630600795618125e-08
1.1795592958513906e-08
1.2161040994840963e-08
1.2048620121082085e-08
1.2015809280673532e-08
1.197070386780739e-08
1.2567666038777052e-08
1.2361079304843852e-08
1.290766931870149e-08
1.275506248470308e-08
1.2463517427697468e-08
1.3097222340695461e-08
1.2894580296875693e-08
1.3149566508835976e-08
1.3595422092990203e-08
1.3985561996919091e-08
1.3400722074481641e-08
1.3726163411328421e-08
1.3548848224630342e-08
1.3299302383156511e-08
1.3186720865269776e-08
1.3203631367953197e-08
1.3180848814063338e-08
1.3622164240630578e-08
1.3893001728027506e-08
1.3359602596450056e-08
1.3398515560548452e-08
1.2756649471268984e-08
1.2795616828037898e-08
1.2353156218189336e-08
1.2484053670660188e-08
1.2780785531434862e-08
1.2431388951282254e-08
1.2095499658981428e-08
1.255773253457408e-08
1.2541111596896973e-08
1.2587115881334078e-08
1.2072315691885486e-08
1.2284152420887009e-08
1.2352796295237175e-08
1.2466459195557949e-08
1.2749759916923703e-08
1.2265081371363443e-08
1.2339792316575804e-08
1.277775123033113e-08
1.3103969063987492e-08
1.3314510280619949e-08
1.3791568377032255e-08
1.3711486870384802e-08
1.3714177998660106e-08
1.3825216697096281e-08
1.3054272602005736e-08
1.273229182698573e-08
1.2941983873775542e-08
1.3387282695942161e-08
1.3198301342625813e-08
1.3575657779360749e-08
1.3744162621676767e-08
1.3784527426285663e-08
1.3676810650498076e-08
1.318449250757509e-08
1.2919878953385051e-08
1.2947009832570055e-08
1.2883250272171653e-08
1.3284161692375759e-08
1.280715304103638e-08
1.226623620678986e-08
1.1973069955570533e-08
1.1654557093435009e-08
1.1893027884250612e-08
1.2254566353239075e-08
1.2586454264084864e-08
1.2684696612137413e-08
1.273004336004432e-08
1.2590901988015616e-08
1.1659168928008287e-08
1.1920518630742614e-08
1.2416796548798244e-08
1.2425149034147428e-08
1.2288191786008968e-08
1.2018843170893016e-08
1.2311531177489986e-08
1.2819818448915307e-08
1.3531870485085887e-08
1.3519456627168502e-08
1.367732540913899e-08
1.3924763386422788e-08
1.3872302736492066e-08
1.3628786775188586e-08
1.4086706486658822e-08
1.4132497103812416e-08
1.4468614189963707e-08
1.3734038712640673e-08
1.3668474374420175e-08
1.3514307364661377e-08
1.3499516929895525e-08
1.3162198840691413e-08
1.2730687461514302e-08
1.2392164529877622e-08
1.2791356976238338e-08
1.2631785240885312e-08
1.2158407911655863e-08
1.2298819046915992e-08
1.2498199335720643e-08
1.2050726244814055e-08
1.256985154511435e-08
1.2740635836602225e-08
1.3297254355121296e-08
1.3056739936493988e-08
1.305458740543754e-08
1.3440875496324699e-08
1.3619742325593575e-08
1.3571616253198588e-08
1.4103088649395478e-08
1.4170092265140177e-08
1.4296936519045157e-08
1.4415806132802187e-08
1.419840343660116e-08
1.4051748213956075e-08
1.3616819638803416e-08
1.381225668303908e-08
1.3843228937822652e-08
1.3745004770135959e-08
1.3548498447864745e-08
1.36549941362436e-08
1.3094145768847695e-08
1.2870562184148218e-08
1.2216821727398138e-08
1.1701854245254022e-08
1.1604036882942146e-08
1.207263100412846e-08
1.2428037814815348e-08
1.3018213012111447e-08
1.2581232274950886e-08
1.2847224202230052e-08
1.2836516703557696e-08
1.2397465070474256e-08
1.2557613073494549e-08
1.26376269221982e-08
1.2383426493779004e-08
1.2601617383050561e-08
1.2290988185610064e-08
1.2766784995957063e-08
1.2559258897106274e-08
1.2403939314266565e-08
1.2094778546926941e-08
1.175384678958326e-08
1.211681501519701e-08
1.1904982128099755e-08
1.2199111014497978e-08
1.1723603218048392e-08
1.205871412864802e-08
1.1929876510991459e-08
1.2077220739083843e-08
1.2483018213235961e-08
1.2948755319000852e-08
1.2785029679117957e-08
1.28027638108862e-08
1.2402645821915586e-08
1.2364445170257759e-08
1.2413083716252033e-08
1.2422337886396613e-08
1.2671523938554779e-08
1.2454721986097439e-08
1.1756944552242997e-08
1.146366025930058e-08
1.1488656667370743e-08
1.1674533136178956e-08
1.1213014866576416e-08
1.140103797656524e-08
1.1550141785494905e-08
1.1990025865461732e-08
1.2346492787429111e-08
1.2502665599845295e-08
1.2516836488315056e-08
1.2595724846255446e-08
1.2952526112368499e-08
1.2654449041650027e-08
1.2873283762325258e-08
1.3016463768433735e-08
1.3325059416647381e-08
1.343603042628798e-08
1.307757025679124e-08
1.2808782861767622e-08
1.299813539548493e-08
1.3017076872511397e-08
1.2876785117499366e-08
1.3699198933425243e-08
1.3602009719097822e-08
1.3243723580228558e-08
1.312180387005624e-08
1.3108048723337523e-08
1.2851145544022137e-08
1.2960163290633697e-08
1.2897598751378723e-08
1.2785464902836185e-08
1.2647030089887565e-08
1.3136096379618131e-08
1.2918733831283818e-08
1.2953499449917414e-08
1.2412663788055526e-08
1.1870874767478447e-08
1.1670892761224102e-08
1.1949624124129445e-08
1.146209780786601e-08
1.2034124600660615e-08
1.1662912302075805e-08
1.2151694969302584e-08
1.167781203031336e-08
1.1533063448044268e-08
1.221304644408863e-08
1.2652029136330228e-08
1.2264948171918506e-08
1.219616836779866e-08
1.2531410917856626e-08
1.2669106898655522e-08
1.2393066465709731e-08
1.3162283417940583e-08
1.2842025920650743e-08
1.3109421004664512e-08
1.3103948951974319e-08
1.2850732939163033e-08
1.3266500674089626e-08
1.3072996644407128e-08
1.2238504919211806e-08
1.2271143424308662e-08
1.2270484854938976e-08
1.194970719206517e-08
1.1905896966235369e-08
1.1964915513303123e-08
1.207301606780028e-08
1.2039607704339106e-08
1.2071601370024163e-08
1.2234085095488494e-08
1.2295113239878468e-08
1.2784104147788526e-08
1.28924912461641e-08
1.2638570395040492e-08
1.242897501863511e-08
1.2885151589443074e-08
1.2474985447698526e-08
1.2548520487316055e-08
1.2133762369219557e-08
1.2352775289741464e-08
1.2415574694827534e-08
1.2589085043114722e-08
1.2986737073050761e-08
1.3307216567901525e-08
1.3403958156392099e-08
1.364872316939166e-08
1.3087368342934729e-08
1.2822851242772643e-08
1.239002454393362e-08
1.2303318274842696e-08
1.2270290519912282e-08
1.243689511488331e-08
1.2658360249910343e-08
1.2528150085763963e-08
1.279951681581661e-08
1.3004889105614287e-08
1.2876730488948341e-08
1.3218111144626633e-08
1.331288732871136e-08
1.3456938993085379e-08
1.363086946535045e-08
1.378920224453872e-08
1.316481740910521e-08
1.3320875942127049e-08
1.2759100953909196e-08
1.2495436205598076e-08
1.2711861138097092e-08
1.3134191760284664e-08
1.294855963021608e-08
1.3705274967901906e-08
1.2938815626673961e-08
1.276443250561001e-08
1.2895900700688452e-08
1.3379489426239503e-08
1.3105754705213453e-08
1.2995300825280153e-08
1.2883508637126675e-08
1.2499886755895376e-08
1.2706605150946207e-08
1.2695183103948213e-08
1.297832331071266e-08
1.2557540650088934e-08
1.2079170563886322e-08
1.2404730430934486e-08
1.2259124061513171e-08
1.2011904476478176e-08
1.2154562827126081e-08
1.2202204003505336e-08
1.2109575477733665e-08
1.2555595035978403e-08
1.2551506073153016e-08
1.3077900010913134e-08
1.2951828117052527e-08
1.3158096828709094e-08
1.3059425699014383e-08
1.3663252757766746e-08
1.3952551108443888e-08
1.3247181109648355e-08
1.3387057296057365e-08
1.3259606441243382e-08
1.3109597749240841e-08
1.287970352245613e-08
1.2405730123734138e-08
1.195239559414754e-08
1.2415725336009462e-08
1.2679823248185443e-08
1.3154832353958782e-08
1.2751126135707403e-08
1.2595219855202694e-08
1.2541377626826692e-08
1.2109962284825625e-08
1.2433469357162857e-08
1.2244842967799294e-08
1.2562213469437639e-08
1.2982717858942388e-08
1.2950377698186142e-08
1.2913748025800034e-08
1.3176581160162793e-08
1.3018690116573235e-08
1.2738549303171995e-08
1.2313593520003047e-08
1.2110387191776275e-08
1.2204744837835533e-08
1.2204119288474785e-08
1.2426037590215355e-08
1.1685966636569786e-08
1.2086742305971964e-08
1.2493095137051096e-08
1.2652763610357029e-08
1.3358535570544935e-08
1.2988541705109347e-08
1.341466550163038e-08
1.3383830317550431e-08
1.3258684945367123e-08
1.3347914486283554e-08
1.382975125145142e-08
1.3367459888786949e-08
1.3049568335084574e-08
1.3689256521643489e-08
1.3657280207342885e-08
1.3114219105143572e-08
1.2936134836694742e-08
1.2779710112405604e-08
1.234400432756262e-08
1.2689767433885017e-08
1.2974749780887363e-08
1.279298784689969e-08
1.2742673931298207e-08
1.272913470943699e-08
1.2648807940110371e-08
1.2600396267462001e-08
1.2945647759995167e-08
1.2982051234106339e-08
1.2617423807643462e-08
1.2090416729488995e-08
1.215963630693387e-08
1.1986351132916766e-08
1.2065340023083976e-08
1.1719851773644048e-08
1.1879325352486533e-08
1.2142902374212168e-08
1.2255372670757727e-08
1.1807775078863454e-08
1.1370149728487189e-08
1.1557240180785826e-08
1.1245986761309457e-08
1.1340032172834808e-08
1.1348615062262276e-08
1.1600983091300055e-08
1.184652263366922e-08
1.1953210501099654e-08
1.229266264159709e-08
1.2295958737220641e-08
1.2014030267051268e-08
1.2067650402998202e-08
1.2678341044036332e-08
1.2719121876703785e-08
1.2541648425009903e-08
1.2476339592891927e-08
1.2565746585403445e-08
1.2482994700167084e-08
1.2848402208532518e-08
1.3218887363555249e-08
1.3910631725349285e-08
1.4282623457559065e-08
1.4334421589857386e-08
1.4193572434991079e-08
1.434764541168459e-08
1.4481426044975598e-08
1.4427344062896337e-08
1.4109104660433064e-08
1.4116364333903277e-08
1.3473765984487315e-08
1.3050170334983532e-08
1.2843017769923162e-08
1.2834467892578342e-08
1.2663209358839861e-08
1.279061760008351e-08
1.3029792951673548e-08
1.2694787555877621e-08
1.2520860699764035e-08
1.230061451480845e-08
1.2327933682855987e-08
1.2886606772354726e-08
1.323275422806394e-08
1.2951280985648856e-08
1.2733829918250493e-08
1.2632407893723631e-08
1.2605639247219823e-08
1.2933696100948392e-08
1.2950445189526391e-08
1.2939194589380629e-08
1.3253531222675514e-08
1.313121857216809e-08
1.304654254837043e-08
1.3240781031495078e-08
1.3242781278177326e-08
1.302086999864828e-08
1.3011102445245935e-08
1.2990388569274504e-08
1.2902425052545977e-08
1.35437126991217e-08
1.3607392011699308e-08
1.4239927045188978e-08
1.4223790412028546e-08
1.3871117328072746e-08
1.3234148858521494e-08
1.305608508950878e-08
1.3012652460102396e-08
1.3703026491718238e-08
1.32289425502601e-08
1.2996297010867217e-08
1.283964868665366e-08
1.256532940489955e-08
1.2294900899921898e-08
1.2499995034937419e-08
1.2548364003869277e-08
1.2449780569519553e-08
1.2507223506094549e-08
1.193247216415916e-08
1.2060691967734122e-08
1.2074288517261397e-08
1.2694125409004044e-08
1.2403099232569924e-08
1.299516327475825e-08
1.2897337012411433e-08
1.295138008152963e-08
1.2926783062416957e-08
1.241603287583639e-08
1.2468407620141053e-08
1.2606890092799694e-08
1.2324594129023835e-08
1.235354653918572e-08
1.1670741357163986e-08
1.1845057701718067e-08
1.198971123635524e-08
1.2021209698974734e-08
1.2651584500484536e-08
1.2148113128954864e-08
1.2396107966329903e-08
1.2314009682101011e-08
1.2079305528255351e-08
1.1538261747791016e-08
1.1670765702771295e-08
1.1526565176647927e-08
1.1691864321638608e-08
1.2463852846150796e-08
1.2250704660150834e-08
1.2014423420137032e-08
1.2227434588279931e-08
1.2240906389354227e-08
1.1862909923310776e-08
1.1635651112586505e-08
1.1913491765790824e-08
1.221157783662538e-08
1.2331280515179254e-08
1.2629439777328814e-08
1.2684899879274244e-08
1.2374718594322801e-08
1.196218952583407e-08
1.1800853468737773e-08
1.2094424507953158e-08
1.229195503477879e-08
1.2620432762149061e-08
1.2937731691326929e-08
1.304237823894654e-08
1.2893272090643544e-08
1.2449159251637118e-08
1.2213533062333837e-08
1.2512448472741623e-08
1.249916475609244e-08
1.3032795798747798e-08
1.3078454975799748e-08
1.2830268560562609e-08
1.2417278399749464e-08
1.2258547589828854e-08
1.2155110137228935e-08
1.1553504219853099e-08
1.0885489720710717e-08
1.129517174715941e-08
1.1220527904190631e-08
1.1259010073913369e-08
1.1038602455901742e-08
1.1077280581182393e-08
1.1309756788323618e-08
1.1788093805339115e-08
1.1054987927433546e-08
1.0773368595346097e-08
1.1291675958535053e-08
1.1575547463906803e-08
1.187677329967741e-08
1.2186625470123573e-08
1.1492976149965464e-08
1.112521391137189e-08
1.1217825710135198e-08
1.1332789286741317e-08
1.1413119157455331e-08
1.1421712589862884e-08
1.203937178567409e-08
1.2805716368024468e-08
1.2637438026779201e-08
1.3332576225531714e-08
1.3276037623859935e-08
1.2997690564613143e-08
1.216598532573472e-08
1.1914242455548336e-08
1.1923026006087414e-08
1.2000408852083955e-08
1.2175199530318633e-08
1.2224624232254736e-08
1.2012733934508256e-08
1.2314734831136489e-08
1.2561596926631703e-08
1.2767942891670879e-08
1.2644981325173249e-08
1.2770182537016759e-08
1.2581726170975983e-08
1.2599069778126195e-08
1.2410106123406027e-08
1.226853111088087e-08
1.2454957201421852e-08
1.2694799799260202e-08
1.2873777641641189e-08
1.254276505062939e-08
1.2492944775131919e-08
1.2240458262567797e-08
1.2519166917099099e-08
1.2478430155400282e-08
1.2149116109392893e-08
1.2081320699553187e-08
1.2187652264367021e-08
1.231197166562733e-08
1.2430879984912936e-08
1.2329625067010004e-08
1.195802146809146e-08
1.169439320344597e-08
1.163449183433333e-08
1.2127992840921118e-08
1.2184521681794608e-08
1.242543941851147e-08
1.2993124625011769e-08
1.2880565466428197e-08
1.2503837877584742e-08
1.1812125103039368e-08
1.1781494424500276e-08
1.1894468209692951e-08
1.2151881528712781e-08
1.2035996927239579e-08
1.2306848204092011e-08
1.2501308548484531e-08
1.2375189270447377e-08
1.2378852850329171e-08
1.2640684212261772e-08
1.2398989139758417e-08
1.260736473366527e-08
1.3011384606190641e-08
1.3251744636972151e-08
1.3470981531722053e-08
1.3538497866500777e-08
1.3629344675283117e-08
1.3028096710438063e-08
1.3515513361192887e-08
1.3153205883499669e-08
1.341572470425527e-08
1.359897517823162e-08
1.3366886373728332e-08
1.2860576794927546e-08
1.3135800230166971e-08
1.2975523388615355e-08
1.2690947437585816e-08
1.3467389565513213e-08
1.3550334776203784e-08
1.3147145551386472e-08
1.264190514739511e-08
1.2880041592677235e-08
1.2565354281022663e-08
1.281448719308206e-08
1.2729156302691501e-08
1.3309534946240237e-08
1.374592439715496e-08
1.3671485122598547e-08
1.3437725988206422e-08
1.3855871999130791e-08
1.4156497460785688e-08
1.3683259840826451e-08
1.3933210281007631e-08
1.3572882205853605e-08
1.3523882855070985e-08
1.3529302989093197e-08
1.3611915824358531e-08
1.3483571879475987e-08
1.3089755848242672e-08
1.3177821264574698e-08
1.2996961070716069e-08
1.298562833155477e-08
1.2698203740443925e-08
1.2534261339015504e-08
1.2195937778062787e-08
1.1822588606594635e-08
1.2013816734106528e-08
1.2010992036363192e-08
1.2385353564758036e-08
1.2425745833740925e-08
1.2139815236535374e-08
1.2422762938617544e-08
1.2350958896532041e-08
1.2185567982378388e-08
1.2681062227044878e-08
1.2597504445219394e-08
1.2594457274678596e-08
1.2430037129481503e-08
1.2746718993251126e-08
1.2753938245755745e-08
1.247036288665917e-08
1.2345382903353544e-08
1.2508361111522427e-08
1.2536510188141047e-08
1.2375757012277982e-08
1.2923194887291689e-08
1.2919302257315702e-08
1.2652006595150938e-08
1.2539882034055868e-08
1.2608712351099952e-08
1.2690006586151349e-08
1.2140533968988122e-08
1.2020161043677677e-08
1.2484850404260985e-08
1.3150815549533586e-08
1.2968596199174463e-08
1.2630528916276078e-08
1.2079933202370829e-08
1.2189009566939724e-08
1.1994090141634437e-08
1.2255277225149113e-08
1.269944059313864e-08
1.3093752295864674e-08
1.3390149796722994e-08
1.3143786064015708e-08
1.2810028747305529e-08
1.274501612426583e-08
1.2542805989527278e-08
1.25476915925294e-08
1.2369380567019964e-08
1.2285470812920828e-08
1.2247333073372776e-08
1.2554948543119432e-08
1.2269075006650376e-08
1.1869267902677456e-08
1.267564834138165e-08
1.2685398859010804e-08
1.1954452311248076e-08
1.18121353536242e-08
1.1938697940466996e-08
1.2642073633347965e-08
1.2520082107745405e-08
1.2357494597260905e-08
1.197687044645478e-08
1.1830551269295313e-08
1.2255165622329017e-08
1.255451507972666e-08
1.2949453793956535e-08
1.3035596060015964e-08
1.3007502644190935e-08
1.3026150442762234e-08
1.3179438198570204e-08
1.3527164954262557e-08
1.346880440011177e-08
1.3553125628575619e-08
1.3523404706867774e-08
1.3354594180138933e-08
1.3324791607073569e-08
1.3285354098539955e-08
1.3388714081850956e-08
1.3771884416776841e-08
1.3603029303024777e-08
1.3570498497373923e-08
1.3270166029196659e-08
1.2769405175099281e-08
1.2764296817738871e-08
1.2435817232177328e-08
1.2493123685348422e-08
1.2797118958944573e-08
1.3094802412361032e-08
1.3243373460995502e-08
1.2562561131810185e-08
1.3044746040123797e-08
1.353876923014357e-08
1.4013053030488585e-08
1.343658944290724e-08
1.2937572082221537e-08
1.305647735968545e-08
1.2622748891919217e-08
1.2415762364221213e-08
1.2364139814085108e-08
1.2524496539009794e-08
1.1939032759226847e-08
1.2548637878574769e-08
1.2418221751292724e-08
1.2457780054366048e-08
1.2746778043568561e-08
1.2654103712217456e-08
1.2502685857038347e-08
1.2133018002647328e-08
1.2372575772305745e-08
1.24272597306683e-08
1.247064798871451e-08
1.2145583023637617e-08
1.230434001449433e-08
1.1929600019225138e-08
1.1769516262483804e-08
1.2297612544525385e-08
1.2327082285796842e-08
1.2540555939409315e-08
1.2832666153562943e-08
1.2515916794415627e-08
1.2769716124092224e-08
1.2511354411380709e-08
1.306438215614878e-08
1.3281628174139566e-08
1.3966637987822268e-08
1.3487397441958321e-08
1.3726744701082145e-08
1.3493735147700455e-08
1.2978573309628943e-08
1.231977076352413e-08
1.229428411759584e-08
1.2422313156488648e-08
1.2206421100687503e-08
1.2051506607611551e-08
1.2558562640126578e-08
1.2513184349172008e-08
1.2042785742102173e-08
1.2382768582559297e-08
1.2769038451289358e-08
1.246736332255606e-08
1.2059219971434445e-08
1.2166354861758478e-08
1.2662700237668777e-08
1.2785251325844981e-08
1.2979849908114645e-08
1.3038803623018715e-08
1.3138613294180656e-08
1.2449061218819688e-08
1.2693663748975226e-08
1.2061271502257396e-08
1.1991899062853536e-08
1.2504250238887039e-08
1.2757796711169116e-08
1.2674280620954189e-08
1.2552445973323624e-08
1.2520641748929988e-08
1.2285915445314078e-08
1.2663748146123784e-08
1.2322646632727922e-08
1.269038737752526e-08
1.295081697076921e-08
1.3056267572124222e-08
1.284215322579445e-08
1.2223028453012586e-08
1.2179241914169189e-08
1.2740526192206052e-08
1.2526880344872702e-08
1.2802907950630171e-08
1.2924968031925067e-08
1.3304657497301584e-08
1.2702253424557538e-08
1.2846665873571715e-08
1.2257064667222471e-08
1.2195575364313108e-08
1.1880224776255246e-08
1.2221353113605003e-08
1.2021424399244501e-08
1.2111974260937581e-08
1.248570208220274e-08
1.2358905338886533e-08
1.2293094098335385e-08
1.274762527618238e-08
1.2802843489134435e-08
1.291146531781144e-08
1.222835918251975e-08
1.2264606277184302e-08
1.2364039427934316e-08
1.2104665487684026e-08
1.2090889359692321e-08
1.2273872691423244e-08
1.203802985247082e-08
1.2092193467693266e-08
1.2062815399725511e-08
1.1678797703144228e-08
1.1789357217836155e-08
1.2223863864251683e-08
1.2177754956261878e-08
1.195921403127754e-08
1.168340547725909e-08
1.2544765377472602e-08
1.1898109619013365e-08
1.1922039897625957e-08
1.1779366441572925e-08
1.2074359355809967e-08
1.2562384968436494e-08
1.3060435083144341e-08
1.3299051939963065e-08
1.3181718244828677e-08
1.3316649708053806e-08
1.3276247771333575e-08
1.3113249246360596e-08
1.2649461632618395e-08
1.2749046759393498e-08
1.2624090157310737e-08
1.250788475709669e-08
1.289391289897602e-08
1.2746339225778678e-08
1.3115128808684103e-08
1.2909383275755518e-08
1.305749831341985e-08
1.3472208856981553e-08
1.3467636796576465e-08
1.3364375907358909e-08
1.3593161576693098e-08
1.3457579645880169e-08
1.3220328507251284e-08
1.3207237776124644e-08
1.289682674773178e-08
1.2799277560439497e-08
1.2406136826249436e-08
1.2897633885437806e-08
1.3292869668727845e-08
1.3356064618126422e-08
1.2760434270419443e-08
1.3195520441739633e-08
1.3002144315025684e-08
1.2694533998396763e-08
1.2109879534974469e-08
1.227138604494445e-08
1.2244516811513302e-08
1.2344814182354814e-08
1.2503833310250332e-08
1.2883486789598889e-08
1.3120501677768011e-08
1.3168696549074241e-08
1.2701387982401627e-08
1.2181181624486874e-08
1.1879597882828685e-08
1.2085304054379131e-08
1.1957426115320918e-08
1.184435413670954e-08
1.2378581849821942e-08
1.2465885392979093e-08
1.2938648841393582e-08
1.2944431086421935e-08
1.1983644187776419e-08
1.2067899504679548e-08
1.1823699012684413e-08
1.1884988957974584e-08
1.2217571634544376e-08
1.1952749019733061e-08
1.21682288691042e-08
1.1616368360240015e-08
1.1717531475109421e-08
1.163267965975099e-08
1.1709600984338861e-08
1.2495430975016946e-08
1.2617866921933058e-08
1.3209172754134246e-08
1.3379484633703573e-08
1.3545217976401402e-08
1.266920566618832e-08
1.254708145643035e-08
1.284083793526131e-08
1.2746076152754236e-08
1.2747169946898083e-08
1.2532834928020822e-08
1.2635859336927531e-08
1.206742772307586e-08
1.1850127541187122e-08
1.2151787007399285e-08
1.2089906376635304e-08
1.2676885634699049e-08
1.216712127170819e-08
1.2126523416537733e-08
1.217039551537472e-08
1.2293537225775357e-08
1.2510694501194145e-08
1.2162617851802065e-08
1.2117700373174958e-08
1.2995680742474892e-08
1.307547193689598e-08
1.3009130092361802e-08
1.2973548807537936e-08
1.2697676793694482e-08
1.2605802558983203e-08
1.282618517009727e-08
1.2886953113332988e-08
1.2510559021175343e-08
1.2609815618567014e-08
1.2162081684004246e-08
1.27103592522601e-08
1.3206001610603226e-08
1.2617590340901834e-08
1.2213953637044334e-08
1.2755549348455376e-08
1.2148155457245108e-08
1.2460748349942069e-08
1.23491745876889e-08
1.1736587247311523e-08
1.187346827761734e-08
1.1748681730151252e-08
1.2291286651091885e-08
1.1999765366414225e-08
1.2503597486315435e-08
1.2366524153439363e-08
1.2168318603537144e-08
1.2198938987690385e-08
1.1951036202363027e-08
1.1517723489642051e-08
1.1759703434614599e-08
1.1842356671602225e-08
1.1781447699042244e-08
1.1988662517067572e-08
1.24273656899479e-08
1.2582593162641996e-08
1.3230449363720503e-08
1.2816393056648081e-08
1.2995113397121153e-08
1.2818784307573753e-08
1.2336220619131853e-08
1.2390140811722698e-08
1.2664621240047034e-08
1.2605943604041584e-08
1.2480005402379271e-08
1.300499861932349e-08
1.369742239497839e-08
1.414843626526583e-08
1.3597272939704554e-08
1.419225323096303e-08
1.3513449987640189e-08
1.323381710588337e-08
1.3175520376700265e-08
1.3653741808415757e-08
1.3503108229557041e-08
1.3450250530647899e-08
1.2852741328460581e-08
1.2598828402470629e-08
1.2920647165085456e-08
1.3004802942807687e-08
1.269548947414079e-08
1.2114770132885876e-08
1.1787915748337352e-08
1.1617477605250616e-08
1.2193806674567122e-08
1.1834824759344202e-08
1.2059562421139037e-08
1.16523075543089e-08
1.2137322904876767e-08
1.1871327279269541e-08
1.2097110922171094e-08
1.1828550717619832e-08
1.1215848800941951e-08
1.2163346696242943e-08
1.2279089064093842e-08
1.2569243356282666e-08
1.2433951511653671e-08
1.2444493107057863e-08
1.2731680339963484e-08
1.2452561133608739e-08
1.2747706869394728e-08
1.2564469725946194e-08
1.2568347722674237e-08
1.2518924139918117e-08
1.2577311286381608e-08
1.3375991929204512e-08
1.294566422102659e-08
1.3192885316067695e-08
1.346214509306753e-08
1.35233844262211e-08
1.3698305053561163e-08
1.3817191924528748e-08
1.4192425478733101e-08
1.4202845740203097e-08
1.4229147818367672e-08
1.4044844740554748e-08
