1.3419859049415198e-06
1.2751935643070054e-06
1.2276038213836018e-06
1.1613111464530425e-06
1.0794858182618156e-06
1.0110846366060077e-06
9.744037477635632e-07
9.63047352334392e-07
9.079213966803386e-07
8.452259874963968e-07
7.972117351355804e-07
7.423980569890009e-07
7.057241721500934e-07
6.566501489377644e-07
6.286909394130902e-07
6.082175038296763e-07
5.586679999807381e-07
5.318449982939586e-07
5.012915813961085e-07
4.918832814680448e-07
4.546304249838238e-07
4.348866507153097e-07
4.042814098705162e-07
3.74964505151446e-07
3.6519806112770527e-07
3.450400069308981e-07
3.154080580922072e-07
2.9636369695138196e-07
2.8195239760513624e-07
2.7385063089136405e-07
2.6159326340103006e-07
2.5510319535258726e-07
2.466673972189376e-07
2.4159270596639895e-07
2.3093785636063045e-07
2.238209595962551e-07
2.2104228455408824e-07
2.0516125776083107e-07
1.9349768570081905e-07
1.7755135217794103e-07
1.677636824912845e-07
1.6509298219791666e-07
1.5817769739792664e-07
1.5047390755597076e-07
1.4426760377660371e-07
1.3680950854413326e-07
1.33386147827514e-07
1.2780679175945759e-07
1.2191608659360115e-07
1.1570440391488654e-07
1.0524520495434351e-07
9.875102220877697e-08
9.506509939600332e-08
8.792826215920773e-08
8.797491673312146e-08
7.857816101638329e-08
7.839736191298446e-08
7.560587324817503e-08
7.126163398478852e-08
6.887637319666296e-08
6.505394882623843e-08
6.363207302145944e-08
6.285578439105195e-08
6.002205771091205e-08
5.830104219408508e-08
5.4569233311611e-08
5.1131992466330126e-08
5.064762099802124e-08
4.859650000188038e-08
4.494316796271289e-08
4.1863520805961434e-08
3.747577928905887e-08
3.630026681136674e-08
3.5623006946610236e-08
3.21044276351107e-08
3.070065260999422e-08
3.031615086589729e-08
2.7299944621961283e-08
2.6748852483828438e-08
2.5327495854805445e-08
2.4170320678353188e-08
2.31681392597843e-08
2.2063761654762366e-08
2.1200331886970055e-08
2.1219367530492682e-08
2.094902466340325e-08
2.022426764131242e-08
1.9292638478932052e-08
1.9282245314837397e-08
1.9001440344579988e-08
1.9016015496549866e-08
1.8132937871386383e-08
1.7981871110297418e-08
1.7137565741453058e-08
1.6756283565556063e-08
1.6225377101874637e-08
1.6433173037066586e-08
1.5195354575811292e-08
1.4645729552798393e-08
1.4648384330220058e-08
1.4731783251571349e-08
1.4734610629723512e-08
1.4756098625423963e-08
1.4962298108341385e-08
1.4933558733091532e-08
1.5192433931938786e-08
1.540853854448564e-08
1.5266086509420272e-08
1.5295413082379984e-08
1.4775811988531592e-08
1.4355126153391692e-08
1.4570769458126676e-08
1.4508244413920929e-08
1.4211412363903072e-08
1.4303807173131149e-08
1.4047916804733172e-08
1.4013761328854692e-08
1.4094770472439948e-08
1.4287139737281413e-08
1.43921937074852e-08
1.4010214206225138e-08
1.3963558814080176e-08
1.3897524492445682e-08
1.3730439927010553e-08
1.3392407518117998e-08
1.2956382963223166e-08
1.3019495034132512e-08
1.3174582303208291e-08
1.3320443444055408e-08
1.3075252065778634e-08
1.3163179183100053e-08
1.3038290389111685e-08
1.300000817375993e-08
1.2560193439724558e-08
1.302136404672132e-08
1.243193902859358e-08
1.2215515643562657e-08
1.2327955097397523e-08
1.2150531680264981e-08
1.1931870055098895e-08
1.1742794837411171e-08
1.1303123716617893e-08
1.1503475488140452e-08
1.2388151867605298e-08
1.2514999838817635e-08
1.1794296917869014e-08
1.1694264703236024e-08
1.1670044651303952e-08
1.1949763902374541e-08
1.2012651294609517e-08
1.1835730738972078e-08
1.1940602053006665e-08
1.1181039136957647e-08
1.2085275739851212e-08
1.1976561102724334e-08
1.2186346120697775e-08
1.1821468502796282e-08
1.138178171515968e-08
1.1265691781910155e-08
1.1378344451509837e-08
1.176234165411487e-08
1.2350685137606942e-08
1.253420789607374e-08
1.3000658763555756e-08
1.3396973193793065e-08
1.3558088797596011e-08
1.3733307448886512e-08
1.4198301205563844e-08
1.4025876096889958e-08
1.409098553138288e-08
1.3959665221638345e-08
1.3625527348188883e-08
1.3422066690174169e-08
1.3658659861929036e-08
1.3726023608677134e-08
1.4095125663914756e-08
1.4026044678156569e-08
1.4295026264062387e-08
1.3649918680341805e-08
1.3827249784528641e-08
1.3211166213111484e-08
1.2878214365044835e-08
1.2298683133845655e-08
1.2414848234386108e-08
1.2226272283420457e-08
1.2288820238642962e-08
1.2122916908803702e-08
1.1918212256535472e-08
1.1960888837765936e-08
1.1741701060477184e-08
1.245764833209249e-08
1.2129814927893942e-08
1.2712557091431696e-08
1.2872464908810055e-08
1.2384192461274334e-08
1.1884021260132562e-08
1.181409441251789e-08
1.1700943103215089e-08
1.1592713818913508e-08
1.177246182912242e-08
1.1991411776593092e-08
1.246675288331549e-08
1.261270710076798e-08
1.2707466661306805e-08
1.2993119031629506e-08
1.2986138369319313e-08
1.271139659808851e-08
1.2513303765872209e-08
1.2131939617082403e-08
1.2004488372700128e-08
1.2084053111264641e-08
1.2726205637601555e-08
1.2790013988787713e-08
1.2533719166021682e-08
1.222347241808561e-08
1.2584308228061223e-08
1.2521933638136856e-08
1.2611800068092093e-08
1.2395333071463946e-08
1.2264458236881395e-08
1.2531045125769857e-08
1.2922921938073551e-08
1.234146107630609e-08
1.2056417234830588e-08
1.215939397987919e-08
1.2097759938431496e-08
1.2486505017605132e-08
1.2222906105783142e-08
1.1892502138774077e-08
1.1795289785876614e-08
1.2286167678520502e-08
1.232733730149014e-08
1.2394648731880808e-08
1.2245343924397562e-08
1.1858324498408081e-08
1.2168215848841299e-08
1.2393596911673508e-08
1.2137897562368938e-08
1.2182871536271907e-08
1.264214553835732e-08
1.259295386651335e-08
1.2514220650175598e-08
1.2525610097913553e-08
1.2378313031030192e-08
1.2211021715530572e-08
1.2405186592340495e-08
1.2720691343296965e-08
1.2889509650999191e-08
1.3494787334611226e-08
1.3647174871055247e-08
1.3227697331255622e-08
1.2850500851317399e-08
1.3065432678969279e-08
1.284602548413418e-08
1.2620113678429866e-08
1.3089148635421934e-08
1.3084356846590405e-08
1.2798057124387198e-08
1.287384522646356e-08
1.2834886303535419e-08
1.2584494759790265e-08
1.2884844937915494e-08
1.3048587477003806e-08
1.2631755812676546e-08
1.2658426521988403e-08
1.2354041303970015e-08
1.2466833924227022e-08
1.273832953111548e-08
1.2421625377100425e-08
1.2790997247910466e-08
1.344342219752188e-08
1.3290436910442848e-08
1.3054816215180638e-08
1.2767680022342373e-08
1.2447784143307071e-08
1.2068205543533647e-08
1.2248353824693277e-08
1.1724846399698387e-08
1.1234566845223227e-08
1.1843260702622524e-08
1.2237450092518691e-08
1.2198972245838819e-08
1.229945198735391e-08
1.2102234134559621e-08
1.2527941105426034e-08
1.1922630080557081e-08
1.2169737626625322e-08
1.2067313817424678e-08
1.2851044629231552e-08
1.2844458162075135e-08
1.280012795580907e-08
1.328206010335905e-08
1.2927498362427047e-08
1.2728770464916272e-08
1.2569397267368416e-08
1.2445029447144245e-08
1.2859331466238603e-08
1.2655927820604989e-08
1.2492439183453132e-08
1.2588331328810727e-08
1.2663557891773422e-08
1.2736942576520932e-08
1.2014783276983492e-08
1.2126740996105669e-08
1.2097831521090382e-08
1.2392469118170417e-08
1.3507601141164289e-08
1.354642621938483e-08
1.3152301064077238e-08
1.3366987664487364e-08
1.3545942479051965e-08
1.3458313890210552e-08
1.318206648175533e-08
1.3227001497650359e-08
1.3381330141281766e-08
1.329522562710402e-08
1.3684866287044026e-08
1.3058870618495494e-08
1.31586800392378e-08
1.3490881648913668e-08
1.3245252902114677e-08
1.3228291868829293e-08
1.3429703034289932e-08
1.4026835989216185e-08
1.3693467001190133e-08
1.3431855514356409e-08
1.3230238838416638e-08
1.343113301285897e-08
1.346392042334101e-08
1.376773719032342e-08
1.4200952388855307e-08
1.4022445013079541e-08
1.4134939548892784e-08
1.3779712001897105e-08
1.4283839069228253e-08
1.4311482453043215e-08
1.41899350116701e-08
1.4300315397244422e-08
1.4115794039201824e-08
1.363079221923793e-08
1.3214920006511922e-08
1.3163420250788923e-08
1.2653474056738283e-08
1.2995824171736208e-08
1.326656001770489e-08
1.3339058261593129e-08
1.3737556966746894e-08
1.3918133331151505e-08
1.3586313179667077e-08
1.283012040166763e-08
1.3042474638773513e-08
1.2732511990677558e-08
1.2734270971442442e-08
1.2847169420577192e-08
1.2442920529226015e-08
1.2452652377827684e-08
1.2633149509128813e-08
1.240690071102429e-08
1.255153819015228e-08
1.2328235889058638e-08
1.2407408270231134e-08
1.2539875608180365e-08
1.2863029276326202e-08
1.2699193025660346e-08
1.2541349062498884e-08
1.3140925551318983e-08
1.2775795143286963e-08
1.289169196655025e-08
1.2761939316786434e-08
1.2920373468215056e-08
1.2592612342965896e-08
1.2794589117842232e-08
1.2519519267121853e-08
1.28212869459774e-08
1.2851395406429666e-08
1.2577148656494949e-08
1.2530185588378968e-08
1.2340153275997182e-08
1.2968332415392968e-08
1.2797766326222962e-08
1.3079680880551746e-08
1.3309309610054774e-08
1.3867433176865082e-08
1.3664887079870522e-08
1.371105310501689e-08
1.421343116785669e-08
1.3919088969380504e-08
1.3942232219532971e-08
1.3580316040110684e-08
1.3056747397149902e-08
1.2813568593639553e-08
1.2957186958011395e-08
1.3510318718871006e-08
1.3765286311372663e-08
1.3750480657597873e-08
1.3491528470489567e-08
1.3491497480419804e-08
1.318326068141945e-08
1.3186520031034162e-08
1.2917654070065587e-08
1.3237252869962863e-08
1.299157302125304e-08
1.2456280139931261e-08
1.2404298328690672e-08
1.248959086894064e-08
1.2189720360680754e-08
1.261196212435917e-08
1.2703198895426264e-08
1.2696854969422888e-08
1.2912850680003577e-08
1.321271791781716e-08
1.3352431250168466e-08
1.3236429043302604e-08
1.2888810236470207e-08
1.2870766904858811e-08
1.2588334071182628e-08
1.2641197577981326e-08
1.2385782055537657e-08
1.2961409571908798e-08
1.3001532381992421e-08
1.3023144480017353e-08
1.2902267781064323e-08
1.2720319367503688e-08
1.309784965310734e-08
1.3115791828731425e-08
1.3673474646678707e-08
1.3480094986890562e-08
1.3487155671623784e-08
1.3288240287991927e-08
1.2529106731271705e-08
1.288416946352725e-08
1.265602820790974e-08
1.1993370993124266e-08
1.153318485290568e-08
1.169421056863973e-08
1.1817133732415253e-08
1.2313346780913398e-08
1.244375754597118e-08
1.3237014687511566e-08
1.3412741436838336e-08
1.3351070352105764e-08
1.3464572615909765e-08
1.350492421736702e-08
1.3579347651217715e-08
1.3686857788381282e-08
1.3413571052668887e-08
1.2983411229353111e-08
1.2948301806120132e-08
1.304626059875815e-08
1.3742335172407995e-08
1.3607853676310351e-08
1.324110543099744e-08
1.352761726643657e-08
1.2994657413212005e-08
1.2963355401076722e-08
1.2925277924052572e-08
1.3301740018136903e-08
1.3400493363387048e-08
1.2748091242244232e-08
1.3312726090943823e-08
1.3008654530374453e-08
1.3046012998265621e-08
1.2821972663692823e-08
1.2888408021174295e-08
1.2992120201465205e-08
1.3102844561972631e-08
1.3089926535117966e-08
1.3356414118492278e-08
1.3149379098375637e-08
1.2848352965112758e-08
1.2964059672908125e-08
1.273912619396867e-08
1.3352129440495543e-08
1.342019161604553e-08
1.337180738934962e-08
1.3464132248205604e-08
1.3595186359482406e-08
1.3529497104825331e-08
1.3583021340502325e-08
1.3774734354391333e-08
1.2862659249670468e-08
1.3009577649707602e-08
1.2982909556163696e-08
1.311829144091386e-08
1.3253862757897207e-08
1.3025307749581457e-08
1.3264309420202718e-08
1.349498727792871e-08
1.3371030651885768e-08
1.295988925933051e-08
1.2509456956764048e-08
1.2333749102326235e-08
1.2531540026514156e-08
1.283055001276767e-08
1.3093643361356728e-08
1.3050761612243074e-08
1.3129039364856164e-08
1.3722235754426287e-08
1.3728781692597064e-08
1.3635957955768772e-08
1.3493600834510184e-08
1.3286319643831617e-08
1.3931289644557246e-08
1.3226044306895612e-08
1.380568197456623e-08
1.396192648941347e-08
1.3639324259103583e-08
1.3236947403043829e-08
1.3479649622630445e-08
1.3631747988230168e-08
1.3452754740664438e-08
1.3620048187588717e-08
1.3454910503923835e-08
1.3209336282848318e-08
1.3056134661496415e-08
1.2398790212267093e-08
1.2424746847267516e-08
1.2419481618630916e-08
1.2213396542396021e-08
1.2213345672316585e-08
1.2469248506744904e-08
1.2200190510258167e-08
1.2279605056243004e-08
1.2017577559264443e-08
1.2322026685103504e-08
1.2119594551112137e-08
1.2295684967580443e-08
1.2241691758830816e-08
1.2523766568561357e-08
1.258492942495423e-08
1.2366069746999835e-08
1.1560037384841762e-08
1.1552632502089398e-08
1.164403310432904e-08
1.2131063568250371e-08
1.2083863344615302e-08
1.2280998892872235e-08
1.2215676135771135e-08
1.3151353420148182e-08
1.3063039484311076e-08
1.3280302012840312e-08
1.3476224638231411e-08
1.3320036242156189e-08
1.2822134502322355e-08
1.3186059130035051e-08
1.3127265195482731e-08
1.3039213850378953e-08
1.330915652320214e-08
1.3201326060022017e-08
1.2869804300192198e-08
1.3141382534687685e-08
1.3399746692900315e-08
1.3150213774554884e-08
1.3277895372621992e-08
1.3469786802331032e-08
1.3806144074319287e-08
1.3764904042673697e-08
1.3375292031654635e-08
1.351214624284366e-08
1.2726473292235718e-08
1.2570571578695568e-08
1.2258198897414877e-08
1.1764736753053413e-08
1.1938931229430507e-08
1.2325649052450819e-08
1.2088534712132773e-08
1.2792285533306642e-08
1.2759090333871403e-08
1.2901776153704126e-08
1.2274198154363815e-08
1.2889860080113944e-08
1.3051557551093662e-08
1.3150756792181107e-08
1.3043598292954795e-08
1.2987853700299335e-08
1.2902780688730643e-08
1.2619086375512683e-08
1.273349733637422e-08
1.2466665867021895e-08
1.3170265905175848e-08
1.3478446462998365e-08
1.347498276089687e-08
1.3600596742780748e-08
1.4013504461318645e-08
1.4027271035965873e-08
1.4012653208548703e-08
1.3890690589033649e-08
1.381905813429245e-08
1.3626099246962778e-08
1.351664925254684e-08
1.2566032219625806e-08
1.2560654700243029e-08
1.2216047356033026e-08
1.2642544497991908e-08
1.251560559854686e-08
1.2361283821041508e-08
1.2116421951256999e-08
1.2331478384761371e-08
1.2545803059855334e-08
1.2695798006406074e-08
1.2811391802212244e-08
1.2884665034277455e-08
1.3031454136363818e-08
1.2655503208163816e-08
1.2736920687129339e-08
1.3274368889869486e-08
1.3051007323300855e-08
1.3391717034819641e-08
1.2853474935249711e-08
1.25531756345094e-08
1.2744179833900397e-08
1.221085451429415e-08
1.2262012006197505e-08
1.2253170720455272e-08
1.237089591664697e-08
1.232332128579511e-08
1.211564926564981e-08
1.2636048416945182e-08
1.31804420546817e-08
1.2391615970169856e-08
1.227111828893707e-08
1.2543372656218468e-08
1.2126587549425156e-08
1.1652824587060204e-08
1.226782798589616e-08
1.2114846797604535e-08
1.2598348746097166e-08
1.2630645198580653e-08
1.2291453223169233e-08
1.2497255350156386e-08
1.2893304282926126e-08
1.3420711718862316e-08
1.3260207108473255e-08
1.2948142013280555e-08
1.3325676164903554e-08
1.3288409864015994e-08
1.358627497405933e-08
1.3055161921977006e-08
1.3092277028442428e-08
1.2929696052440526e-08
1.2832609620971761e-08
1.3049764044262443e-08
1.3009548901504121e-08
1.3241724850719266e-08
1.2856000642881994e-08
1.3268748656099466e-08
1.2951397655169048e-08
1.3281204876965537e-08
1.266673595002161e-08
1.2631679711936058e-08
1.2775925096542233e-08
1.3091996227212705e-08
1.3182028944350158e-08
1.3260874051947902e-08
1.3171711105441994e-08
1.268266073123987e-08
1.2863471529678733e-08
1.2582000866548358e-08
1.1541980421112735e-08
1.1946216660086445e-08
1.2139255840717885e-08
1.1722174473904816e-08
1.153495536827942e-08
1.1891566223837159e-08
1.2016048481219179e-08
1.1491664958242188e-08
1.153225018147298e-08
1.1413140343663681e-08
1.200405685004752e-08
1.239333900206614e-08
1.2767050996241977e-08
1.306253523978698e-08
1.3028966333018302e-08
1.3175191870829772e-08
1.3408471475181792e-08
1.276932379952263e-08
1.263849642761955e-08
1.233189840034225e-08
1.2253203464140772e-08
1.2420376018287584e-08
1.2217696794987497e-08
1.2553860715622751e-08
1.2848214751083785e-08
1.245513899984162e-08
1.2040180289741953e-08
1.1978963546077443e-08
1.181679853082018e-08
1.1754907687672324e-08
1.2102842918828305e-08
1.20017528632139e-08
1.1695180233754027e-08
1.1739302035879052e-08
1.1617160123212032e-08
1.2368048049071017e-08
1.2485459053556027e-08
1.2634428750043724e-08
1.2928216688743415e-08
1.2740755290309054e-08
1.2676378414233443e-08
1.2747960565523976e-08
1.2676832739144937e-08
1.2920416038743821e-08
1.2699208026417196e-08
1.2072030604466255e-08
1.2491581439697464e-08
1.3088494799562125e-08
1.2914893658308169e-08
1.2650122805785968e-08
1.25625015828524e-08
1.3110788674393348e-08
1.377974964653346e-08
1.4230634451109092e-08
1.3876470307696403e-08
1.3861183399581087e-08
1.3072674254991011e-08
1.2925215852098491e-08
1.2874252402842515e-08
1.3222437943014302e-08
1.2839937177409748e-08
1.3212447480244644e-08
1.2560924912605812e-08
1.238881405436952e-08
1.2244953899688636e-08
1.208040121047699e-08
1.2074550077884029e-08
1.2330842344086137e-08
1.2404483571662116e-08
1.2801532464375881e-08
1.2984632729985033e-08
1.3169316290725451e-08
1.3071578603272382e-08
1.299418870514957e-08
1.3470735745675728e-08
1.3679081533820216e-08
1.3523906010779708e-08
1.3597989141657234e-08
1.296607864676853e-08
1.332333230567123e-08
1.2995785353251903e-08
1.2729516209913667e-08
1.2836934060317924e-08
1.2885318467663582e-08
1.2877558231725423e-08
1.3302527170987616e-08
1.3045531366215849e-08
1.2744299803143185e-08
1.2814949294502812e-08
1.2993532145107193e-08
1.3300035382138813e-08
1.3177718608862028e-08
1.263493186860272e-08
1.2810421279470097e-08
1.2677775483859983e-08
1.2626426619245401e-08
1.2623434120880541e-08
1.3181097691235509e-08
1.3048774811422564e-08
1.277356595458406e-08
1.2651342878951e-08
1.298874127691605e-08
1.3033497228417894e-08
1.3291651958183655e-08
1.2847904902688304e-08
1.2917433650742005e-08
1.258750603112719e-08
1.3212361326469151e-08
1.2939812277079871e-08
1.2684805143063808e-08
1.2684776154342885e-08
1.2373529936793599e-08
1.2091402389203466e-08
1.2670081818036106e-08
1.2391680228585636e-08
1.218373343786891e-08
1.2560340832058424e-08
1.236449363082865e-08
1.18627894668307e-08
1.2211483415596047e-08
1.247469312084874e-08
1.2636744873098196e-08
1.2861112155937154e-08
1.2800085581609599e-08
1.2367559917836577e-08
1.2757261678788165e-08
1.2856675188303621e-08
1.2750847746785056e-08
1.2229518633519178e-08
1.2985908410710856e-08
1.2772362670011872e-08
1.2921775298412711e-08
1.2632411507317414e-08
1.2370339168048053e-08
1.2900793188999715e-08
1.3222437418581262e-08
1.3348370446753216e-08
1.2801430608475979e-08
1.3199627128916976e-08
1.2755217326206757e-08
1.346601038322417e-08
1.3627126050636338e-08
1.3380785001885641e-08
1.3779334621353555e-08
1.3159032333055809e-08
1.276892074728194e-08
1.293882914825749e-08
1.2982366789998175e-08
1.342961589059785e-08
1.3006762487835812e-08
1.2597618178070877e-08
1.2450637440510863e-08
1.272411185852568e-08
1.286540027316893e-08
1.3033937412368919e-08
1.2787081438146169e-08
1.2385485625479243e-08
1.2418857791539255e-08
1.237851135033907e-08
1.282101543721298e-08
1.3280428774310295e-08
1.3295509539185062e-08
1.3017028661735999e-08
1.2659850754553522e-08
1.2991387030350044e-08
1.2901703023541587e-08
1.3339548513680747e-08
1.3595992854705003e-08
1.3582414880800984e-08
1.3480029507101175e-08
1.3292401963032461e-08
1.3812756637470252e-08
1.3835554746659272e-08
1.3266947437083353e-08
1.3209877805821331e-08
1.3445505628750654e-08
1.313716990114131e-08
1.3022909705885696e-08
1.293780108976097e-08
1.3151884092674932e-08
1.2654645528452251e-08
1.2298527851391416e-08
1.2739348467966638e-08
1.2460012035843505e-08
1.245098260181179e-08
1.2665952059676995e-08
1.2363574825217302e-08
1.2122502895363412e-08
1.225016617223991e-08
1.2693693894753562e-08
1.2965527334422691e-08
1.2805312482785271e-08
1.304409420572225e-08
1.3322299702953125e-08
1.3463807190291703e-08
1.3191196288824611e-08
1.3160533992386309e-08
1.2935917643946817e-08
1.2613703115578547e-08
1.2565651131395206e-08
1.2602276041445191e-08
1.244189749239671e-08
1.2129954389749049e-08
1.214313764838177e-08
1.226813083288277e-08
1.2649729446951768e-08
1.2990548502533059e-08
1.3452376458843775e-08
1.3115474041823723e-08
1.3310986527865678e-08
1.3163978569422036e-08
1.3218356140077705e-08
1.291964232499618e-08
1.230437909669806e-08
1.314205964929889e-08
1.328666251040751e-08
1.2724174973894292e-08
1.2323226080992129e-08
1.275689852728127e-08
1.2921295506248562e-08
1.2930551300179117e-08
1.2910613870571635e-08
1.2531353347876656e-08
1.2544357104754877e-08
1.2947851143004715e-08
1.2931984250229909e-08
1.2464978078154063e-08
1.251465127871423e-08
1.2690427946494678e-08
1.258758718095488e-08
1.2389658895642908e-08
1.3162968544825791e-08
1.3287163363013518e-08
1.3249522037500289e-08
1.3412442700637814e-08
1.3293111020098463e-08
1.3011650093578387e-08
1.2778274160991716e-08
1.3442435291471037e-08
1.3127611318706026e-08
1.3279218673352255e-08
1.2729837550512067e-08
1.2921636729900104e-08
1.2690590865720899e-08
1.3012927426910288e-08
1.3116126230155121e-08
1.3082021024057361e-08
1.3185373185815009e-08
1.3206948659850121e-08
1.376822908245484e-08
1.379847479848805e-08
1.340993237805086e-08
1.3306916115539122e-08
1.3571274290131204e-08
1.3655914513330862e-08
1.3469199618361938e-08
1.3982661895657474e-08
1.3812460716944627e-08
1.4311423388362147e-08
1.4515821977635664e-08
1.4300969147776037e-08
1.3901017911407248e-08
1.3772360152961608e-08
1.3775620384984262e-08
1.3935051178235988e-08
1.4136632883334807e-08
1.3103507946430708e-08
1.2966906180557103e-08
1.333120691384397e-08
1.3013102788156792e-08
1.3669350504012404e-08
1.3822533155228455e-08
1.3829241617620056e-08
1.3459436633302173e-08
1.3811678758081038e-08
1.34856926224853e-08
1.298837841993869e-08
1.2611301618911476e-08
1.2527049475689421e-08
1.2640586401656572e-08
1.3083979968873333e-08
1.3312919399150064e-08
1.355088426175616e-08
1.2880695195040336e-08
1.2743782175862707e-08
1.2925150500658738e-08
1.2649086042741736e-08
1.2825964524340548e-08
1.2826448540289487e-08
1.3078895030004061e-08
1.336353539136227e-08
1.3299545319272295e-08
1.3395039792736168e-08
1.2985808765013038e-08
1.3244153171551916e-08
1.3125702107764216e-08
1.337913787326092e-08
1.3065731328130717e-08
1.2377982774253598e-08
1.2414793325331054e-08
1.2840152216471386e-08
1.253238257153738e-08
1.2359903631456834e-08
1.2543267197220712e-08
1.2205766311008952e-08
1.2359374058368442e-08
1.3033375232376037e-08
1.3204267517640428e-08
1.3216575667511546e-08
1.4160479689960277e-08
1.416786847500654e-08
1.4223412366310004e-08
1.4134804921018766e-08
1.4392735999852304e-08
1.4199867811413513e-08
1.3878205938671717e-08
1.4351241386182055e-08
1.4204056697889028e-08
1.4076294499423628e-08
1.3670724575218012e-08
1.3150850346013202e-08
1.2904811727522746e-08
1.2792931137562872e-08
1.3037831610046226e-08
1.3564424374573354e-08
1.3624312102202152e-08
1.3188102816690836e-08
1.2961038518440063e-08
1.251576286598168e-08
1.285412028698048e-08
1.2514973658514652e-08
1.3058718628362335e-08
1.2752949825776057e-08
1.2971151938586389e-08
1.2885052592391301e-08
1.3334323807089935e-08
1.3372047490364599e-08
1.336821033903315e-08
1.3779858057671693e-08
1.3168986686325481e-08
1.2788418341996457e-08
1.2939487714908487e-08
1.2668935785540977e-08
1.2795032682781726e-08
1.2684956193020683e-08
1.2392301183670812e-08
1.2022481097847522e-08
1.1743864212974643e-08
1.1763004803410569e-08
1.1663240995029555e-08
1.1824018632128396e-08
1.2167266620691977e-08
1.1805848056968625e-08
1.1762451271035609e-08
1.1821980242379309e-08
1.1637542634374079e-08
1.2147713914287223e-08
1.2055205174107571e-08
1.2585823296508086e-08
1.2792618153731262e-08
1.2192458790964383e-08
1.2330592926457693e-08
1.238643926478582e-08
1.2811773758158278e-08
1.2461537144995423e-08
1.191287598213324e-08
1.2749929806150883e-08
1.283495154551029e-08
1.2443216467718776e-08
1.2417124209521965e-08
1.2055005515458543e-08
1.188515442026239e-08
1.2330169902374432e-08
1.2761201902435948e-08
1.2939799919248044e-08
1.2866788164110508e-08
1.2603160728204388e-08
1.3046565520082853e-08
1.2535697366360616e-08
1.310389072609973e-08
1.3205370033634984e-08
1.2954539085236546e-08
1.292427704803113e-08
1.253355190123281e-08
1.3395915928837205e-08
1.4192406915956999e-08
1.4047024771030507e-08
1.4872659255601105e-08
1.4177767772702893e-08
1.4628518200066628e-08
1.3663114398042798e-08
1.3690221609500464e-08
1.320884127018596e-08
1.3029523747298459e-08
1.278646650521419e-08
1.2792948498461038e-08
1.2989646183168536e-08
1.3206894394523654e-08
1.3108878504548229e-08
1.274125695102027e-08
1.293045359912614e-08
1.3211679686477547e-08
1.3268375078883064e-08
1.3266612979373488e-08
1.3414121902446237e-08
1.3302116528253024e-08
1.2990359791156928e-08
1.3009420461819738e-08
1.256616528254822e-08
1.223341729533199e-08
1.1619547070257683e-08
1.1732196190931637e-08
1.1839676029758333e-08
1.2252796551460862e-08
1.2092457664966883e-08
1.2728469209520072e-08
1.3143384821955853e-08
1.3257028300183009e-08
1.3434540460071034e-08
1.3258678213342345e-08
1.3004276397958598e-08
1.3025543018036511e-08
1.2687617814250682e-08
1.2320450006845995e-08
1.2394238140761523e-08
1.280243686563548e-08
1.284785064540473e-08
1.2849816977828179e-08
1.2862494175074127e-08
1.2377253610201534e-08
1.2910255632423448e-08
1.2842355679652822e-08
1.2787397438878991e-08
1.2921745593516287e-08
1.2961873384056416e-08
1.2762595068714006e-08
1.2924347569776598e-08
1.2362208375560407e-08
1.3095006391681074e-08
1.3095897028107012e-08
1.3015537667964528e-08
1.2609707496018134e-08
1.2496225321604494e-08
1.2871969567922012e-08
1.2501632822226256e-08
1.2943644998551712e-08
1.262092480473566e-08
1.315235567730282e-08
1.3316486362620976e-08
1.3551185434931671e-08
1.302342255295003e-08
1.291564876272287e-08
1.2955506791804533e-08
1.2949266584562966e-08
1.26901034269186e-08
1.3370594273391974e-08
1.3315872953183646e-08
1.3526437903832786e-08
1.3175654512580936e-08
1.3252476239551254e-08
1.3389383545085699e-08
1.3001299980189328e-08
1.2136450729342034e-08
1.217698524137149e-08
1.173639782921008e-08
1.1490570697675997e-08
1.1850475715108172e-08
1.2198167516903183e-08
1.2475317751411546e-08
1.2217622573678368e-08
1.2035114390977833e-08
1.2344925322187985e-08
1.2869751708824445e-08
1.2858147891925211e-08
1.2752514059311595e-08
1.287325654801444e-08
1.3021857480551793e-08
1.3005098189990092e-08
1.290898132307336e-08
1.2670636027809233e-08
1.2373960892686633e-08
1.2253837214632738e-08
1.2313043898337092e-08
1.2751492343242274e-08
1.2914579031347164e-08
1.2304150226692694e-08
1.2255295836233743e-08
1.2865991305886904e-08
1.3037932684347523e-08
1.24663390371394e-08
1.1971504488446484e-08
1.1685345520495623e-08
1.145274947288371e-08
1.1665432749042244e-08
1.2316385530853365e-08
1.2359987751989007e-08
1.1769241291457281e-08
1.1692391158603374e-08
1.216772313452178e-08
1.2194957565550213e-08
1.2552863452099545e-08
1.2685340914987279e-08
1.278783165978843e-08
1.294058916852995e-08
1.36472994351481e-08
1.3607807031648746e-08
1.3714911575981372e-08
1.346870395511308e-08
1.3943329380954231e-08
1.4018881370223625e-08
1.3817168947691808e-08
1.3742472971096599e-08
1.3556511485910067e-08
1.4294147735884231e-08
1.4602751070445166e-08
1.4616044009637527e-08
1.385757809990454e-08
1.3825361199690379e-08
1.3863102694381559e-08
1.424048980746338e-08
1.4302642787446612e-08
1.3990346568006336e-08
1.4083172469250259e-08
1.4237873465748659e-08
1.4352049982237322e-08
1.4206785983210087e-08
1.404851014982935e-08
1.3448835077810725e-08
1.3595726762535819e-08
1.3097986063653654e-08
1.307655192935886e-08
1.3243056759886926e-08
1.3499696976032565e-08
1.3131260063918493e-08
1.3578194394116228e-08
1.3773794513415503e-08
1.3408183836081386e-08
1.340976048487121e-08
1.3036702412677654e-08
1.3264581596954068e-08
1.3675264956869926e-08
1.3664036715879968e-08
1.3582913132103624e-08
1.3491131327279067e-08
1.3453980238775697e-08
1.3306180127315242e-08
1.3194601715721134e-08
1.2848450221045572e-08
1.2503105043146268e-08
1.2304967478981127e-08
1.2550839166581822e-08
1.2401622254497846e-08
1.2620549981933192e-08
1.2834609263443175e-08
1.2944091315205513e-08
1.2895143008745703e-08
1.2681711336230726e-08
1.2810679135505504e-08
1.3028148004347888e-08
1.2722570737247024e-08
1.2101919700507392e-08
1.2323578705295901e-08
1.226269050151659e-08
1.2786129980487768e-08
1.2595188304550572e-08
1.270386131855224e-08
1.2844053677070439e-08
1.2063392530041936e-08
1.1850241936558335e-08
1.2189169732827323e-08
1.2967890800123633e-08
1.2794364621652365e-08
1.2463586850878992e-08
1.2984886535754335e-08
1.2803397861914525e-08
1.2971557881638346e-08
1.2456324582541357e-08
1.2787470930743766e-08
1.2770529461169902e-08
1.2939689492384357e-08
1.3041637929030672e-08
1.3157752397822063e-08
1.2764912059911797e-08
1.283566795276209e-08
1.3186548425508382e-08
1.3948943099782599e-08
1.378441012879296e-08
1.3078841926432828e-08
1.3394773412263339e-08
1.3363005325055331e-08
1.3326159404638767e-08
1.31481583494477e-08
1.3423239220063453e-08
1.3429756283909886e-08
1.3174280937877798e-08
1.282776334474883e-08
1.270823671150467e-08
1.2703286748145124e-08
1.2344084541578495e-08
1.2024790186383015e-08
1.2008526402368933e-08
1.188196029420824e-08
1.2063282016257956e-08
1.2529702693280908e-08
1.2064592708379267e-08
1.261624691605105e-08
1.2721840292116898e-08
1.2473317235025622e-08
1.2780768620514085e-08
1.3271101691680543e-08
1.279850097187259e-08
1.2812791295800478e-08
1.3110177707264821e-08
1.2746250624908464e-08
1.2469219754602404e-08
1.2762031634671421e-08
1.2762617798542002e-08
1.2354149082030312e-08
1.2156540128791302e-08
1.1939181874722143e-08
1.2183066520774086e-08
1.2151978831378152e-08
1.2754207018687993e-08
1.3134079823910246e-08
1.3124839339736258e-08
1.2831856516914751e-08
1.320044300207962e-08
1.2694677717729608e-08
1.2646499983541731e-08
1.205925235139082e-08
1.1756525953777708e-08
1.1842227199596792e-08
1.1352358304131805e-08
1.1713488685502327e-08
1.1848294036206856e-08
1.212134960626777e-08
1.226796557437328e-08
1.2047511504527943e-08
1.2267557434458719e-08
1.2251665237790316e-08
1.2421445563012032e-08
1.2306629260667739e-08
1.2189859051345956e-08
1.1508682924929126e-08
1.1845669592333546e-08
1.2190155554412593e-08
1.2459275067585288e-08
1.2662684747870164e-08
1.1905133537587148e-08
1.1846623054314668e-08
1.2384062064695498e-08
1.1674221180554802e-08
1.210103078036751e-08
1.210640881522289e-08
1.2098728721315052e-08
1.2222170108166622e-08
1.2233095712187395e-08
1.2351349089002056e-08
1.257291084543139e-08
1.274908753442201e-08
1.3210649357731645e-08
1.3080787662069903e-08
1.2531125282558536e-08
1.2969821304949729e-08
1.339912135611092e-08
1.3598906947781921e-08
1.3314039130708616e-08
1.3063744378868947e-08
1.267743892325028e-08
1.2923759815044837e-08
1.3233603234507367e-08
1.3055211644564542e-08
1.2825200294497313e-08
1.2930716039868556e-08
1.258408139020282e-08
1.2801827285588622e-08
1.2664319962631033e-08
1.2702657339170999e-08
1.2512611946228689e-08
1.1867384209742966e-08
1.2137315858982426e-08
1.2720299378148774e-08
1.2899810994108412e-08
1.2822742335835165e-08
1.2649240669862097e-08
1.2678783006159932e-08
1.2837715127225612e-08
1.3425891779027336e-08
1.3197927831962188e-08
1.3069985307123981e-08
1.2871841324334382e-08
1.244032304291574e-08
1.1914862452486339e-08
1.2133136809999786e-08
1.2167261257757724e-08
1.2047869331599068e-08
1.2375196909924695e-08
1.213258333312567e-08
1.2065631030660019e-08
1.2076649019142128e-08
1.2454920633047681e-08
1.2270322498340221e-08
1.2539733277049275e-08
1.2938234730202077e-08
1.284563596906712e-08
1.3184520286206152e-08
1.352200766953679e-08
1.3108358806325957e-08
1.278772141866116e-08
1.243854247590484e-08
1.2063463163522242e-08
1.2471257082714192e-08
1.2805233372171435e-08
1.2573595840189191e-08
1.2802982861855623e-08
1.224876886203108e-08
1.2453375823149362e-08
1.2506228270935202e-08
1.2850466157841804e-08
1.3178455285249676e-08
1.3553869047504597e-08
1.334740494102629e-08
1.3755856465753017e-08
1.3723630974467367e-08
1.3314226785560936e-08
1.3201223053130746e-08
1.3055397052260913e-08
1.3166097995484732e-08
1.2933361924998444e-08
1.2970771559517146e-08
1.3046822515072652e-08
1.3092024320498022e-08
1.321980062614393e-08
1.3351347392778073e-08
1.3154274692142183e-08
1.3341411486248315e-08
1.3662620646484673e-08
1.3601833170681643e-08
1.3233925378067363e-08
1.2894919492266508e-08
1.2962432530158702e-08
1.27682362738944e-08
1.2566212230181458e-08
1.2783114700812048e-08
1.3022639193768552e-08
1.2954403123010966e-08
1.2406010218299131e-08
1.2187192871177383e-08
1.2028040556158528e-08
1.24485672440743e-08
1.2472831198987592e-08
1.2167860267223903e-08
1.1960366812365283e-08
1.1671617567798551e-08
1.1562944021820232e-08
1.1434334831777664e-08
1.1401328410027917e-08
1.1450074033499037e-08
1.0955072742140626e-08
1.0594650927428738e-08
1.0871221374129076e-08
1.0656900692267754e-08
1.0587416304446365e-08
1.1153701681933895e-08
1.1009329191023344e-08
1.129683937040186e-08
1.1814796845131851e-08
1.1739371072857267e-08
1.1713611328771967e-08
1.182721013551939e-08
1.1585910704316142e-08
1.1910134152341834e-08
1.1771256733797403e-08
1.2421050532638992e-08
1.2439940708023148e-08
1.3042520535492319e-08
1.3077801274021264e-08
1.3247738548425233e-08
1.2960934448982979e-08
1.2661586086883662e-08
1.3000945160896563e-08
1.3283177178724656e-08
1.3415293433830923e-08
1.3790402029342451e-08
1.3301600905192008e-08
1.2666199928463306e-08
1.3516822588380325e-08
1.3673948936499807e-08
1.3687975450772935e-08
1.365230454683154e-08
1.4018188051777204e-08
1.3724557297806547e-08
1.3785227498768024e-08
1.4073405113652396e-08
1.4548230186977197e-08
1.4613343341332452e-08
1.4089074176599868e-08
1.3684045813812042e-08
1.3558397276394125e-08
1.3308621933136419e-08
1.3193809770290536e-08
1.3095522382865437e-08
1.2657293744058225e-08
1.2932462337597843e-08
1.3604294786002205e-08
1.356743416705225e-08
1.3542965488568074e-08
1.2990095983722798e-08
1.3488411506961129e-08
1.3360264965273841e-08
1.3074254819629861e-08
1.3236005899115425e-08
1.278016413386936e-08
1.268772055265835e-08
1.2574589136241618e-08
1.2885245491064423e-08
1.2686557027439985e-08
1.2481260823928404e-08
1.2551736152854958e-08
1.2639085399511053e-08
1.259942992291499e-08
1.271918003682484e-08
1.23715437741192e-08
1.212641143167838e-08
1.2156013012690602e-08
1.1670595059746112e-08
1.1471552161229333e-08
1.1658414853442552e-08
1.1940548000185069e-08
1.206523035819707e-08
1.1899631108109506e-08
1.1442297579525159e-08
1.156316020580177e-08
1.1899569053497053e-08
1.2141072868315491e-08
1.211427139118399e-08
1.2156738493134646e-08
1.2073070014708667e-08
1.2408122821824799e-08
1.2067366364192168e-08
1.2007770122559391e-08
