1.3358677352898362e-06
1.2691329607961578e-06
1.2250227250938717e-06
1.1600484088837973e-06
1.0762388221544922e-06
1.0083263000493984e-06
9.71791959977483e-07
9.6256184961563e-07
9.087989987312768e-07
8.448462881337957e-07
7.964674503087596e-07
7.41393094369971e-07
7.041306911157142e-07
6.547218294021141e-07
6.285832676821147e-07
6.08366027203365e-07
5.5709427562987e-07
5.319375046165029e-07
5.01582086000001e-07
4.925945910615885e-07
4.5512532564302915e-07
4.34023895453357e-07
4.034497914783266e-07
3.7438360077826745e-07
3.650377151727071e-07
3.453794724413427e-07
3.157049585200334e-07
2.968413901648615e-07
2.826631594870656e-07
2.745286753813959e-07
2.619528463682527e-07
2.56435305457429e-07
2.47859886493994e-07
2.426955447277457e-07
2.316401506100623e-07
2.249112392028662e-07
2.2185370685817515e-07
2.0629045742337327e-07
1.945544982552779e-07
1.7840893242328593e-07
1.6843025736327966e-07
1.6571093014319736e-07
1.5862784967947653e-07
1.502410460938858e-07
1.4379143589096744e-07
1.3625549611119075e-07
1.333808227117493e-07
1.2697812123436423e-07
1.2109405151779207e-07
1.1451579739182032e-07
1.0411977691932036e-07
9.717189371230112e-08
9.338998276796781e-08
8.658485125282595e-08
8.676848169948951e-08
7.767165735435205e-08
7.749467006704524e-08
7.482412079168454e-08
6.997327774844682e-08
6.714782992484357e-08
6.31748027051845e-08
6.164795992320405e-08
6.080306029275613e-08
5.781008319582486e-08
5.6654222559874766e-08
5.305515669797528e-08
4.990069099893421e-08
4.8816634887429684e-08
4.65972813984448e-08
4.295753104488872e-08
3.9263826082682086e-08
3.472371310804962e-08
3.396846903234184e-08
3.352311765360963e-08
3.02851550108228e-08
2.8881534888526372e-08
2.8400083500218526e-08
2.5537888183898795e-08
2.470476400630829e-08
2.32899257432288e-08
2.2111384832486472e-08
2.1054043241987825e-08
2.024312943124004e-08
1.9429458150110823e-08
1.930243036800375e-08
1.9013279609716003e-08
1.81341126952961e-08
1.7404113622902058e-08
1.7368761279898025e-08
1.693654514324415e-08
1.7225457629320397e-08
1.625851492143717e-08
1.6346951421639808e-08
1.498937462351588e-08
1.4255841882003337e-08
1.3932209182473308e-08
1.4319808763904588e-08
1.3054387873517004e-08
1.2799719017344337e-08
1.206417291185793e-08
1.2029382223957874e-08
1.1985358625027706e-08
1.159233641437572e-08
1.1812444345282603e-08
1.151580649711523e-08
1.1749710629169409e-08
1.1805549060526005e-08
1.1503656130998004e-08
1.1178563718422037e-08
1.0781030749506548e-08
1.0404771496769434e-08
1.0874263033399463e-08
1.103884387886046e-08
1.0575807856998061e-08
1.054010983412276e-08
1.0289233133503295e-08
1.0448509249362344e-08
1.0356256335637974e-08
1.0484327089307082e-08
1.0317378967307229e-08
1.0304608615327051e-08
1.037422119183179e-08
1.0095286360066133e-08
9.8915938633085e-09
9.857939345887438e-09
9.557625099578583e-09
9.199202668759202e-09
9.603113358859929e-09
9.352620812839407e-09
9.061332980905428e-09
9.038878740001308e-09
8.655952396447482e-09
8.817810328945945e-09
8.615369234361035e-09
8.954924057433777e-09
8.323986735639571e-09
8.655929815597975e-09
8.736734320866038e-09
8.63738950326179e-09
8.525187008575901e-09
8.173739915135894e-09
8.488478177776724e-09
8.665239535910462e-09
9.020486128513869e-09
9.001762012296707e-09
8.33563420165571e-09
8.132280721432698e-09
8.45829793211165e-09
8.440025514453772e-09
8.453866186128336e-09
8.458031313943835e-09
8.622996661206954e-09
8.589005868412067e-09
8.778999954709751e-09
8.642090274604155e-09
8.506136744872605e-09
8.732786513974044e-09
8.728135842442775e-09
8.723459522270527e-09
8.96177100420456e-09
9.182245003868048e-09
9.171819095162366e-09
9.061230054746216e-09
9.113998842633638e-09
9.363418694623217e-09
9.192891051246598e-09
9.180516802268867e-09
8.932951983783765e-09
9.007765659882058e-09
8.982719057644051e-09
9.165022992402512e-09
8.951676149415964e-09
8.886248945748264e-09
8.872961188133709e-09
9.077853468777896e-09
9.127901919159949e-09
9.015163965068364e-09
9.255794398097459e-09
9.312429144221705e-09
9.439659938879444e-09
9.41047688452205e-09
9.50576351588907e-09
9.127331238222525e-09
9.477016207014238e-09
9.349218899261971e-09
9.098850425409251e-09
9.168214993591273e-09
9.231731741237569e-09
9.327364559121484e-09
9.666322776145889e-09
9.736871112468009e-09
9.414992821596974e-09
9.347896963036341e-09
9.029858532568513e-09
8.909801068128277e-09
9.35592850743134e-09
9.29567882627495e-09
9.368327555017953e-09
8.773719521400406e-09
8.616123714001424e-09
8.80913206414331e-09
9.054263411120016e-09
9.075947868169787e-09
8.930452837608888e-09
9.00543707599073e-09
8.768282487145658e-09
8.712665908280529e-09
8.655772495551006e-09
8.792320540660475e-09
8.801085976106332e-09
8.972000428340268e-09
9.410186018678791e-09
9.611574881899725e-09
9.354229387900302e-09
9.160599743583036e-09
8.990508001467112e-09
8.868212316531235e-09
8.791601921629262e-09
9.175402850557941e-09
9.27457771477245e-09
9.245577413733372e-09
9.54671316500142e-09
9.404546826121042e-09
9.388374394956997e-09
9.332599066368512e-09
9.026155055790946e-09
8.758061314417481e-09
8.677416542709477e-09
8.764344584498499e-09
8.238993299327768e-09
8.496310816658002e-09
8.508148755078026e-09
8.707740431268856e-09
8.535213283299735e-09
8.566868746465922e-09
9.235178133341303e-09
9.317564973051896e-09
9.284888302155925e-09
8.964242105446038e-09
9.065446195265007e-09
9.172776190143511e-09
9.02001994663635e-09
8.940694802870913e-09
8.82429189352556e-09
9.078769330847266e-09
8.796100832505576e-09
9.049441952871114e-09
9.107866877337407e-09
9.274010493128803e-09
8.895722596534644e-09
8.824729983811842e-09
8.963450473844673e-09
8.797416768050817e-09
8.816764682859337e-09
8.866685575248481e-09
9.040856706876646e-09
8.810855734382077e-09
8.556828738015123e-09
8.807213816697485e-09
8.911121424602863e-09
8.812259372316799e-09
8.960904375321236e-09
8.855045963151963e-09
8.966640219839829e-09
8.976382061322047e-09
8.762305586056795e-09
8.701786893444022e-09
8.528688545111593e-09
8.573560687710184e-09
8.780137653871275e-09
9.189930882094361e-09
9.193030426114753e-09
9.117901667110435e-09
9.166441822218425e-09
8.488712698193745e-09
8.648942884698254e-09
9.021445521299828e-09
8.932596076944534e-09
8.623758775713684e-09
8.316673661421302e-09
8.41748670270338e-09
8.617260878827375e-09
8.700912571387533e-09
8.892137289404884e-09
9.082978243088233e-09
8.808364214424283e-09
8.92970709114224e-09
9.100784980735208e-09
9.222920413616364e-09
9.240414176178626e-09
9.069006165209173e-09
9.591540600972437e-09
9.41857154057095e-09
9.300410469833946e-09
8.890821893081975e-09
8.907241548705947e-09
8.65105006642802e-09
8.664966507865999e-09
8.61438419826383e-09
8.458498576132935e-09
8.655199925892905e-09
8.781774362849509e-09
8.53670789008863e-09
8.42069950854144e-09
8.36008388037302e-09
8.587551888848345e-09
8.974996814058576e-09
9.031363474786931e-09
8.637564344524457e-09
8.631789063696899e-09
8.91169708577939e-09
8.950465380271354e-09
9.18894715656659e-09
9.277511413529153e-09
9.504936076364953e-09
9.567219038603384e-09
9.579650263403293e-09
9.407647127567343e-09
9.534759734940869e-09
9.313069569844725e-09
8.723534366345422e-09
8.670008638729798e-09
8.98849332625959e-09
9.392021343297936e-09
9.209355656641966e-09
9.066273581272341e-09
9.475818164321937e-09
9.224171363822391e-09
9.055630626772326e-09
9.294751066818096e-09
9.783660465082613e-09
9.74610562161203e-09
9.915211243817483e-09
1.0054512740542272e-08
1.0228580195724257e-08
1.0237876851210005e-08
1.0196060515987117e-08
1.0027389863331239e-08
1.0058324895118318e-08
1.0084429430401582e-08
9.597646639277921e-09
9.346955774722643e-09
9.414752729280196e-09
9.231754802982844e-09
9.593102438190123e-09
9.264677455039664e-09
9.179303137046178e-09
8.796803605923923e-09
9.167140784659297e-09
8.848245175551016e-09
8.75245419789352e-09
8.491721198293933e-09
8.701523026839173e-09
8.75945277742886e-09
8.941542156326145e-09
8.663445701587844e-09
8.41398883933631e-09
8.353196911267979e-09
8.33194295030571e-09
8.416990250542829e-09
8.568966771750085e-09
8.71837538207396e-09
8.880948533158012e-09
9.121819891797006e-09
8.900560823306529e-09
8.888181708055277e-09
8.867159276102628e-09
8.830037504929193e-09
8.491224628665374e-09
8.510833738571876e-09
8.488312941061032e-09
8.774399727775487e-09
9.032957147048655e-09
9.168513642084827e-09
8.92071174494194e-09
8.8817153328845e-09
8.815186442286963e-09
9.143381111299843e-09
9.22888189382355e-09
8.908597562917681e-09
8.726868932413819e-09
8.668670512760244e-09
8.747399535963253e-09
8.803051832860993e-09
9.01334853070614e-09
9.462506755785152e-09
9.514808050398149e-09
9.485407214807434e-09
9.357754007400177e-09
9.323660670834352e-09
9.475387533375684e-09
9.78991969142095e-09
1.0120831496216052e-08
1.0056722918904104e-08
9.574176751853913e-09
9.256007009390767e-09
9.293727665755609e-09
9.316840447230918e-09
9.21738338715389e-09
9.255987147338906e-09
9.2400430504369e-09
9.087150203423031e-09
8.88849151866913e-09
8.919629561716593e-09
8.764112054376029e-09
8.87441310955705e-09
9.530131375366959e-09
8.936844843778512e-09
8.894137102230991e-09
9.185546139938756e-09
9.323274641666823e-09
9.48968358119785e-09
9.328407923590156e-09
9.098875998672793e-09
8.878963709022224e-09
8.939992686381985e-09
9.1202097876235e-09
9.286398665716435e-09
9.58312828346619e-09
9.38926389954818e-09
9.113133102342545e-09
8.955099255115398e-09
8.744542480574652e-09
8.889505040962186e-09
9.03124920973837e-09
9.434733335183114e-09
9.438636397657687e-09
8.978080634858703e-09
8.828641309109387e-09
8.76635459687873e-09
8.66009245729361e-09
8.756077107851753e-09
8.959886054126165e-09
8.798325636645092e-09
9.041213289882898e-09
9.341747399462223e-09
9.413616339677262e-09
9.246311463814105e-09
9.700643530359897e-09
9.605587228621062e-09
9.765219836068065e-09
9.701586451937915e-09
9.509952029402054e-09
9.734882394406867e-09
9.732364102044841e-09
9.539862808251764e-09
9.516998146312176e-09
9.765295990603758e-09
9.609706988560968e-09
9.593387628795952e-09
9.493442100407168e-09
9.23416967560062e-09
9.332651572780933e-09
9.09472223123412e-09
9.302579837336492e-09
9.00021016488625e-09
9.070793774398498e-09
9.572363244301816e-09
9.416914347871945e-09
9.524423516012823e-09
9.560797755800956e-09
9.479060175226536e-09
9.38278140994139e-09
9.356952901725501e-09
9.029626562057674e-09
8.894746344878561e-09
8.638280131357255e-09
9.082417758955036e-09
8.899900216090833e-09
8.48470171607048e-09
8.422696888082011e-09
8.317133347235976e-09
8.864963460293847e-09
9.076282113431695e-09
8.80063438305719e-09
9.161644458997528e-09
9.478654842372412e-09
9.560135370746446e-09
9.864724476877502e-09
9.818749353499494e-09
9.334325452210615e-09
9.40927170052417e-09
9.414773051019852e-09
9.84462973695813e-09
9.68970167683516e-09
9.703485951057194e-09
9.723824095933661e-09
9.51268798554171e-09
9.474162704640822e-09
9.331825736130453e-09
9.148432623293041e-09
8.897659732809395e-09
9.105478806852149e-09
9.107184756137174e-09
9.342554783976102e-09
9.265363149553742e-09
9.531466325704696e-09
9.629583454369156e-09
9.769996458957543e-09
9.714674486820978e-09
9.575637315328604e-09
9.378592620186648e-09
9.68288826062878e-09
9.466193441582603e-09
9.494949674912982e-09
9.873338230073205e-09
9.584511992905055e-09
9.530327519459168e-09
9.68765283556636e-09
9.825805598884976e-09
9.603353849450128e-09
9.413057483142464e-09
9.43963664151282e-09
9.275910276176691e-09
9.336442829173642e-09
9.052505217850001e-09
9.22875640449773e-09
9.51600604918829e-09
9.59827083220172e-09
9.29258344620613e-09
9.394296022679515e-09
8.752237703447906e-09
8.663030515785246e-09
8.34974155455757e-09
8.454977850081883e-09
8.435676139195814e-09
8.530865314031293e-09
8.727882457799625e-09
9.070848091661404e-09
8.959358732961428e-09
8.855440174333021e-09
8.762622293410434e-09
8.590420258004222e-09
8.559704159222319e-09
8.677405487132995e-09
8.571988077989988e-09
8.831262259537817e-09
8.810805474208923e-09
8.965726832211005e-09
9.230542375585245e-09
9.11634615122742e-09
9.536993795304954e-09
9.438376257646765e-09
9.625082789452187e-09
9.185077608497665e-09
8.810974504305932e-09
8.890889016647557e-09
8.981311845806607e-09
8.941338135383475e-09
8.639513292426035e-09
9.170688081664589e-09
8.739294701404335e-09
8.98216955027004e-09
8.88736003049304e-09
8.747664387731675e-09
8.799846971566307e-09
8.740099584654831e-09
8.523256941452852e-09
8.91006587729221e-09
8.56777259310592e-09
8.104050164935513e-09
8.00029202529115e-09
7.83623207988648e-09
8.238929976049678e-09
8.717143112417035e-09
8.570857826177006e-09
8.909364969895985e-09
9.068060290585606e-09
8.961330771849773e-09
8.295190369517104e-09
8.529731959918497e-09
8.68413965111572e-09
8.974290003758124e-09
8.9924785297475e-09
8.933716397544334e-09
8.9342442459893e-09
8.967553338896522e-09
9.026787474557478e-09
9.16444657127673e-09
9.262380738697476e-09
9.334770501385195e-09
9.3616799575847e-09
9.238161600545987e-09
9.370159086094697e-09
9.332469273741373e-09
9.52761684794552e-09
9.255437721726468e-09
9.29840471799976e-09
9.14595373571733e-09
9.422773854088379e-09
8.942561185336224e-09
8.850355452881447e-09
8.847921319089286e-09
9.076323182512032e-09
8.936944563655072e-09
8.642559837874672e-09
8.72020181881641e-09
8.847073659892203e-09
8.75664738398427e-09
9.104215248064528e-09
9.05606181453822e-09
9.24107435080075e-09
8.953897890392415e-09
8.84618175705194e-09
9.15620322980344e-09
9.076136512735187e-09
8.781152045995709e-09
8.996307228629615e-09
8.853921818914533e-09
8.70888000802882e-09
8.629037062212845e-09
8.529402297152905e-09
8.671534042267095e-09
8.786335042595638e-09
9.11367021026388e-09
9.197676693504174e-09
9.24163379762995e-09
9.345759995242922e-09
9.847710309336168e-09
9.239955817673349e-09
8.920728293102667e-09
8.873149876460664e-09
8.646416411446374e-09
8.57458771991546e-09
8.838943273330818e-09
8.676629966128762e-09
9.08534836614272e-09
8.610359518141357e-09
8.581436934264246e-09
8.551376860891221e-09
8.560179998787394e-09
8.926271035337082e-09
9.08619100104423e-09
8.94198304522323e-09
9.37210115427784e-09
9.124517028384055e-09
9.39850440165045e-09
9.197270693869207e-09
9.14891567832885e-09
8.96804209784067e-09
9.079175136793491e-09
9.011551589899995e-09
9.122698474935628e-09
9.222061666440414e-09
9.187771258619432e-09
9.109121375094045e-09
8.979209357341354e-09
8.82440594776964e-09
8.809806207034157e-09
8.842676433811465e-09
8.683165270645088e-09
8.79398472655437e-09
8.989641392254573e-09
8.939551429500407e-09
9.091458478573561e-09
9.364078781171347e-09
9.301636060684953e-09
9.166706881003112e-09
8.693144815560206e-09
8.68276824747606e-09
8.864872543544686e-09
8.906994069029896e-09
8.471661467498561e-09
8.479452206848415e-09
8.361463768503752e-09
8.485072283900107e-09
8.557556990173816e-09
8.439744248808946e-09
8.723301994221091e-09
9.189381382116535e-09
9.334107954692405e-09
9.208118764459477e-09
8.991955472379825e-09
9.011646761344659e-09
9.279660247267694e-09
9.211168835418977e-09
8.849068421352649e-09
9.015101529106617e-09
8.981817484719129e-09
9.310916947930171e-09
8.737525093671456e-09
8.811321930183771e-09
8.633176832021128e-09
8.699188911136516e-09
8.389488299363705e-09
8.567102482401229e-09
8.521590652332669e-09
8.607570257197707e-09
8.724922308802507e-09
8.54382131448809e-09
8.557483226302282e-09
8.867973043817941e-09
8.702093010603976e-09
8.96577677263482e-09
8.927652739300976e-09
8.716660523320068e-09
9.00570296821723e-09
8.689093778128884e-09
8.27482272156049e-09
8.418484943564677e-09
8.074164869072918e-09
8.618752750950775e-09
8.484749971702117e-09
8.422812610574811e-09
8.76495887058453e-09
9.007085665010068e-09
9.162644023996422e-09
9.075742835171244e-09
9.129035556549638e-09
8.954195721044055e-09
9.126728282520703e-09
9.683501912921578e-09
9.197029705496882e-09
9.329279319437173e-09
8.795639210151939e-09
8.717378851586437e-09
8.975393445034215e-09
9.024772602347822e-09
8.628344852458642e-09
8.901939290113206e-09
9.13175013234089e-09
8.657079160779641e-09
8.72277356591047e-09
8.65516593053584e-09
8.574192191718764e-09
8.747182893241618e-09
8.513776884477388e-09
8.998617662004521e-09
9.022064247252021e-09
8.787103979659316e-09
8.759160013034274e-09
8.221194694540777e-09
8.437873306210917e-09
8.448882764875869e-09
8.726553949461487e-09
8.860084612873991e-09
9.011877126450335e-09
8.937569220124069e-09
8.916597495721321e-09
9.020515041353764e-09
9.632022926364741e-09
9.48564599930924e-09
9.147470529728312e-09
9.396437880595204e-09
9.202936530163665e-09
8.703299258287146e-09
8.61017165086228e-09
8.566364645137803e-09
8.451806369429917e-09
8.695009061001887e-09
8.68916004727719e-09
8.426763516198639e-09
8.556534987116137e-09
8.68077326315817e-09
8.852356124677062e-09
9.002029959075757e-09
9.211780592049533e-09
9.12479006602052e-09
9.265415800121982e-09
9.498241062385575e-09
9.112009905803791e-09
9.239453658257755e-09
8.976076588590521e-09
8.671580436264602e-09
8.439160497450613e-09
8.671733660247198e-09
8.961543295793205e-09
9.23165338637438e-09
9.144058109610152e-09
8.748114505948067e-09
8.808509749184694e-09
9.330436749828429e-09
9.093047443504735e-09
9.048865444620669e-09
9.054405229180791e-09
8.893051075742497e-09
8.686229781967073e-09
8.777211880059e-09
9.160798771802929e-09
8.75075239669662e-09
8.861015718259679e-09
8.846694145401843e-09
8.50255378243721e-09
8.68472254772911e-09
8.933649731287399e-09
9.061536803896045e-09
9.037149477051654e-09
9.10351814449082e-09
9.342134332478871e-09
9.380668580086557e-09
9.000503865346337e-09
8.869196701784491e-09
8.952126051926872e-09
9.49278738502259e-09
9.669226500420203e-09
9.193050278781116e-09
9.458269454809291e-09
9.34295605413014e-09
9.33345835061152e-09
9.474204341244107e-09
9.549595560996943e-09
9.798979773897886e-09
9.695085709354769e-09
9.584522506661283e-09
9.44402430391585e-09
9.222007415148172e-09
9.181883412201027e-09
9.065993283197366e-09
8.911132377109539e-09
9.114379421159598e-09
9.043949755770825e-09
9.241377554718887e-09
9.177790302773109e-09
9.244079517777937e-09
9.032129697719696e-09
9.331776133447925e-09
9.349707496896708e-09
9.27154368914281e-09
9.208977115993543e-09
9.465705728531149e-09
9.37746812607677e-09
8.793926216176657e-09
8.977645467211203e-09
8.70493222355977e-09
8.731260005982017e-09
9.410252066088702e-09
9.215393144354716e-09
9.945906098312287e-09
9.958246332050378e-09
1.0349236915493346e-08
1.0304116055457457e-08
9.999696673483337e-09
9.990623281948155e-09
9.95947407510533e-09
9.550758163219177e-09
9.226125720865899e-09
9.577991007880922e-09
9.815012737598442e-09
9.83436755304203e-09
9.2912531388816e-09
9.317941929501131e-09
9.105172654584762e-09
9.290662764188293e-09
9.592931652732787e-09
9.306932682378461e-09
9.073603161013658e-09
9.113472314059678e-09
9.625382632573054e-09
9.396404372238068e-09
9.795815863202849e-09
9.745208064723616e-09
9.909753160428101e-09
9.665154533876096e-09
9.326333527722253e-09
9.132566705952609e-09
8.821701325651491e-09
8.503471648925594e-09
8.450517528761572e-09
8.506159313864974e-09
8.543430842415645e-09
8.180403873398804e-09
8.28439661396939e-09
8.31029195130274e-09
8.51447425355773e-09
8.812863541424203e-09
9.050937506416431e-09
9.05471252977287e-09
9.343377433417332e-09
9.281793547316846e-09
9.205079474853642e-09
9.089927643761998e-09
8.98775661345216e-09
8.918275470609827e-09
9.054082624636163e-09
9.074608068215705e-09
9.034906872361692e-09
9.002920442595668e-09
9.387788418917776e-09
9.660188631072456e-09
9.87485786199833e-09
9.714001587615314e-09
9.773402523421321e-09
1.0083304511045886e-08
9.947763014785264e-09
9.432705732514102e-09
9.460392767172809e-09
9.551974434367727e-09
9.82555562352415e-09
9.53704157757393e-09
1.0012353246477694e-08
9.597359359939789e-09
9.3801692378522e-09
9.360971132492777e-09
9.294933629100254e-09
9.243171909856728e-09
9.199711788071101e-09
9.5771585083828e-09
9.28856786980847e-09
9.09016841666065e-09
9.007225759008307e-09
8.846765958147253e-09
8.785058158254872e-09
9.094639410881267e-09
8.973744826581822e-09
9.235511401450073e-09
8.979914558311069e-09
8.956840494007779e-09
8.933466693679048e-09
8.663340584195115e-09
8.301746802947896e-09
8.61078898512932e-09
8.414934704919758e-09
8.490415335325473e-09
8.695450999547912e-09
9.103182292331884e-09
9.257685153456861e-09
9.72779622132959e-09
9.760700851041158e-09
9.860539407343384e-09
9.827518417671148e-09
9.802417647165754e-09
9.966737651000896e-09
9.944842605393911e-09
9.599200318268176e-09
9.121861986372497e-09
9.194033229020684e-09
9.093128857524526e-09
9.228145596039797e-09
9.217379481377955e-09
9.112476744749213e-09
8.741516110126677e-09
8.716824334431689e-09
8.723161884021865e-09
9.121967723930014e-09
8.907008371262349e-09
8.773447390830857e-09
8.88835560910111e-09
8.746716552997465e-09
8.741267563657386e-09
8.609899295795845e-09
8.67634056654292e-09
8.504179694243145e-09
8.652164470195071e-09
8.819672035470023e-09
8.953406037814705e-09
9.046166594081568e-09
8.961146035864565e-09
9.03206422407821e-09
9.090610351678102e-09
8.85355252143646e-09
8.86044384241032e-09
8.355455040153405e-09
8.580469443806114e-09
8.641108581036866e-09
8.727789753494536e-09
8.713840144329365e-09
8.308043511674446e-09
8.345859045374326e-09
8.553886681251528e-09
8.493625310257327e-09
8.037316009689022e-09
8.262403059497223e-09
8.374488848424882e-09
8.284060992222017e-09
8.670402648351405e-09
8.472522913970208e-09
8.165825069262596e-09
8.53721876018044e-09
8.569338845254377e-09
8.837308625853956e-09
8.982011949320595e-09
9.165309878331394e-09
9.196007650644796e-09
9.040627515642493e-09
9.249013851628935e-09
9.367844463903047e-09
9.275082375741994e-09
8.882549510193718e-09
8.981267778567843e-09
8.59722347162166e-09
8.425841486250595e-09
8.596547423388074e-09
8.991199231252864e-09
9.250368496134276e-09
9.156118661625418e-09
8.833574587486757e-09
8.151725122459066e-09
8.367701228596241e-09
8.578899111196013e-09
8.536456312504391e-09
8.694478622431597e-09
8.885135332713003e-09
8.965088685662773e-09
9.202840452542675e-09
9.100087988085739e-09
9.070325491860853e-09
8.948278614267126e-09
8.49426957279056e-09
8.528294839211882e-09
8.513365198029119e-09
8.396405667654596e-09
8.266422586702518e-09
8.63237090909625e-09
8.90195395204628e-09
8.758215075698354e-09
8.461517425865107e-09
8.52130021873566e-09
8.80035553441171e-09
8.805478042037188e-09
9.071952646230292e-09
8.942350775427749e-09
8.696483500466645e-09
8.222783893417934e-09
8.430127116669222e-09
8.476941223667976e-09
8.419685809058095e-09
8.778985062648546e-09
8.870751498503327e-09
8.559716313426586e-09
8.96075979379243e-09
9.101160111105159e-09
9.041298992808095e-09
8.680036001307398e-09
8.340478128193085e-09
8.60118966528611e-09
8.643967443569086e-09
8.697840216160565e-09
8.63961914102763e-09
8.590006703558566e-09
8.400120754398257e-09
8.536296503585086e-09
8.678193027905062e-09
8.499038364226142e-09
8.676040417098468e-09
8.402807957757978e-09
8.732808410121744e-09
8.309012104521496e-09
8.457793236102432e-09
8.59613971169635e-09
8.819953438141141e-09
8.99072527901509e-09
8.615057921948432e-09
8.59430615712647e-09
8.807247475834714e-09
8.753318706470787e-09
9.128869078183492e-09
9.15114168955741e-09
9.421998766781981e-09
9.046263271703973e-09
9.269817745743258e-09
9.238872269663325e-09
9.052418019851797e-09
8.956743963889448e-09
8.948259831088708e-09
8.896250284266357e-09
9.228871396698734e-09
9.30022618073648e-09
9.069172381100727e-09
9.085743362676205e-09
9.151045192215893e-09
9.190041222328809e-09
9.147100470217181e-09
9.252822965266476e-09
9.466729075432457e-09
9.265090210441191e-09
9.176517471215442e-09
9.136293629462654e-09
9.001431954433147e-09
8.581339383537114e-09
8.48734649408552e-09
8.7014010240627e-09
9.038227550955677e-09
8.830508506065742e-09
9.297753251849184e-09
9.259524267477843e-09
9.326384129260712e-09
9.480921529830052e-09
9.57627064173472e-09
9.183100387933752e-09
9.271005468957709e-09
9.260454607221923e-09
9.26909822588444e-09
9.273145773930705e-09
9.2332303118505e-09
9.137423562391048e-09
9.389672180752703e-09
9.199741640681912e-09
8.868516579630412e-09
9.39599792373873e-09
9.368654687638633e-09
9.346091360640133e-09
9.200785217163887e-09
9.226782906183675e-09
9.107092334148518e-09
8.954527520239008e-09
8.807014971242137e-09
9.151799042780614e-09
9.51726360997738e-09
9.240993474017949e-09
9.401989303110034e-09
9.64781997097341e-09
9.786476162606492e-09
9.518007159110974e-09
9.759462078473078e-09
9.623074258835918e-09
9.75457637440284e-09
9.798912935740627e-09
9.636450572080615e-09
9.102485009825142e-09
8.644504925242942e-09
8.972589555807436e-09
8.935767876480776e-09
9.248401289787557e-09
9.50416634092766e-09
9.522503180831991e-09
9.256428888315797e-09
8.926316757966589e-09
9.030683054192663e-09
8.953496188462933e-09
8.920044595158129e-09
8.71803301204129e-09
8.839442940919898e-09
8.860589388501464e-09
8.81060968698643e-09
8.987814816471907e-09
9.139662958393544e-09
9.433012108340429e-09
9.283815101055183e-09
9.183304875686695e-09
9.451004709352104e-09
9.61798850448046e-09
9.586894632526612e-09
9.286266567344314e-09
9.211753466759063e-09
9.160606949354521e-09
9.125618928256514e-09
9.104990298429981e-09
8.909601731061529e-09
8.8023472129334e-09
8.7092998653967e-09
9.111638436320796e-09
9.492249172591266e-09
9.288076402523162e-09
8.905594972708427e-09
8.837591833108428e-09
9.041191538671777e-09
9.384657415304507e-09
9.248270766032197e-09
8.962479886573128e-09
8.80610094914208e-09
8.695048061859651e-09
8.841268104795767e-09
8.954773479717176e-09
9.249692306544917e-09
9.496476843395224e-09
9.108658565866818e-09
8.85268686143683e-09
8.901392597761377e-09
8.749757168220005e-09
9.025395268887557e-09
8.887842775106669e-09
8.933243816052488e-09
9.438457541941996e-09
9.559185023929194e-09
9.723649524391201e-09
9.096892807784632e-09
9.771346757941853e-09
9.836881062863244e-09
9.535698509801468e-09
9.233002107750647e-09
9.144486078419058e-09
9.46700712639945e-09
9.453377328495484e-09
9.219390963315326e-09
8.776832763174096e-09
8.84529319618977e-09
8.899940848436292e-09
9.151301649224973e-09
9.254879983473346e-09
9.186763846279575e-09
9.380641448285698e-09
9.51013516288362e-09
9.547485879418086e-09
9.67406488980957e-09
9.386177241432229e-09
9.432400991149765e-09
9.305234484358999e-09
9.221062835253063e-09
9.274965447499898e-09
9.601689632245835e-09
9.497008429399723e-09
9.268667653509862e-09
9.455321406348422e-09
9.565475051258148e-09
9.340017074070778e-09
9.043555776259804e-09
8.95167377754481e-09
9.223338381741774e-09
9.925326425258863e-09
1.0060164656890018e-08
1.004278644890554e-08
1.0019568420260788e-08
9.825418355828437e-09
9.819116896368609e-09
1.026856227399867e-08
1.0537591280382866e-08
1.0185682236808563e-08
9.991211987219895e-09
1.026591308699836e-08
9.736370662743723e-09
9.733400434863364e-09
9.74329077368161e-09
9.59121246318801e-09
9.213441514582266e-09
8.880056251931906e-09
8.931149233697988e-09
8.697397389030943e-09
8.471088714379124e-09
8.339961179855282e-09
8.58276830057767e-09
8.743839681999708e-09
9.184228417955254e-09
9.01790267283082e-09
8.738721364229016e-09
8.531254404192005e-09
8.465514414692129e-09
8.483882111575386e-09
8.543340003323842e-09
8.687396956259948e-09
8.961729135606707e-09
8.869752113202237e-09
9.537370019510352e-09
9.016680607209906e-09
9.073620852404195e-09
8.618987728741172e-09
8.608257294550275e-09
8.811260678223601e-09
9.137437953330796e-09
8.980406276408492e-09
9.234703132058357e-09
9.094977170396067e-09
9.079624611928476e-09
9.175659375824048e-09
9.109991550068428e-09
9.014888774635551e-09
9.026357557464256e-09
9.365978743896443e-09
9.389714292413081e-09
8.911827563789405e-09
8.546582520257008e-09
9.23930385014043e-09
9.476446257480585e-09
9.106729383847364e-09
8.974418890404744e-09
8.783207090786857e-09
9.005806871970303e-09
9.206374074779726e-09
8.921637244284182e-09
8.681178764700012e-09
8.368708959404016e-09
8.557960825180108e-09
8.763470999763643e-09
8.343002150529069e-09
8.489147744667571e-09
8.716718526729603e-09
8.822580896689495e-09
8.854600442755908e-09
9.295446371131653e-09
9.086964942966136e-09
8.985167470230223e-09
8.967408167330511e-09
8.886455207664122e-09
9.006603206014804e-09
9.055256865769112e-09
9.395304857197463e-09
9.223311021468957e-09
8.938386441714867e-09
8.981117766441703e-09
9.182520070263158e-09
9.02175993188677e-09
9.277690597571369e-09
9.487371032704333e-09
9.175738722348208e-09
8.853344459920021e-09
8.963116507052963e-09
8.486868731604837e-09
8.354325832541141e-09
8.0556991982418e-09
8.258447546885686e-09
8.223528181328641e-09
8.335231079465184e-09
8.670267619952101e-09
8.741468997832071e-09
8.350517583385023e-09
8.793552705766957e-09
8.772530386934698e-09
8.92210941419304e-09
8.556873098505296e-09
8.739878735225351e-09
8.89678593011925e-09
8.94295840196706e-09
8.566114603400074e-09
8.771458195024418e-09
8.715179120843252e-09
8.777098190616453e-09
8.887856876846754e-09
8.666998765139952e-09
8.9122062668819e-09
9.012018160616044e-09
8.952006231088301e-09
8.765758734047445e-09
8.486804049763565e-09
8.600421238632833e-09
8.463459252890802e-09
8.471817404251931e-09
8.272263192884309e-09
8.363941240342542e-09
8.577815027503039e-09
8.616361497192706e-09
8.741441122823296e-09
8.823767898622383e-09
8.922963100340343e-09
9.08029242148477e-09
9.223266673566492e-09
9.253033915702094e-09
9.11323106965485e-09
9.224136116337533e-09
9.317485573086489e-09
9.171843166804392e-09
8.82458849918939e-09
8.51867204164227e-09
8.638449402092785e-09
8.751113145762313e-09
9.200655363053249e-09
9.241732460178812e-09
9.253012135028782e-09
9.096206938096457e-09
8.796654777281385e-09
9.080303531302169e-09
9.216402840236134e-09
9.409306238702107e-09
9.206124886559357e-09
9.056103814827727e-09
8.98167423040681e-09
9.35051458471843e-09
9.577689438209901e-09
9.300189489652328e-09
9.517611890634272e-09
9.242377734842512e-09
9.01932219696735e-09
8.741396747034215e-09
8.862842113664247e-09
9.092432166714706e-09
9.120609443677301e-09
9.21046583150766e-09
9.349352770254805e-09
9.372381890779587e-09
8.93075323639846e-09
9.054940264076363e-09
9.019083564249783e-09
8.586983085857968e-09
8.914018080973533e-09
8.863796988669075e-09
9.190055982927816e-09
9.298023703524563e-09
9.164498754145026e-09
9.263569549586599e-09
9.562251939621868e-09
8.864531074931012e-09
9.168339236479357e-09
9.122238690421118e-09
9.025318321792087e-09
9.121065232937427e-09
8.681551737723455e-09
8.523242751232155e-09
8.686252761552465e-09
8.68446469415801e-09
8.635701074727666e-09
8.618257598244528e-09
8.915839198869837e-09
9.079880602880972e-09
9.147380382419033e-09
9.224458770962653e-09
9.49076236499982e-09
9.237640746969331e-09
9.055060448926223e-09
8.909523920516128e-09
9.051525471713755e-09
9.231243251948891e-09
9.104880159502133e-09
8.932573108774417e-09
8.707452113063635e-09
8.486134676402257e-09
8.843731106877224e-09
9.152611908959745e-09
9.387383927996715e-09
9.036675881306912e-09
8.723770722442559e-09
8.946590145478818e-09
8.989715046517425e-09
9.297811709317256e-09
9.424365221038035e-09
9.364575700949911e-09
9.569443490730183e-09
9.06705202518589e-09
9.082854574576919e-09
9.231489199156149e-09
8.77284692370141e-09
8.751427359821309e-09
8.811088382918021e-09
8.647263189748194e-09
8.734383178844707e-09
9.024618722113938e-09
8.743084143559306e-09
8.570229721641641e-09
9.06755923657891e-09
8.72351725525993e-09
8.735340126959794e-09
8.85106823509684e-09
8.688479636735037e-09
8.778963816408393e-09
8.63325087197607e-09
8.127547264386e-09
7.97655630452736e-09
8.11646995612338e-09
8.257622470046535e-09
8.292776973751889e-09
8.605435803039541e-09
8.49107321329392e-09
8.511191551397163e-09
8.605329831925142e-09
8.351254865867811e-09
7.812048024149263e-09
8.186951015168866e-09
8.020397222609989e-09
8.337905453980397e-09
8.257007264214635e-09
8.454374587278264e-09
8.734103380792116e-09
8.89724497968673e-09
9.070198272366064e-09
9.193141510535155e-09
8.959190331322427e-09
8.528888278993613e-09
8.853691622380025e-09
9.184091320916521e-09
8.928830547455349e-09
8.878638873593664e-09
8.753699327722565e-09
9.010147694346768e-09
9.498234879456333e-09
9.493544162784361e-09
9.817085985873714e-09
9.592310769495317e-09
9.053394863471192e-09
9.090079524520043e-09
9.705451228166592e-09
9.827707598275672e-09
9.805957580381875e-09
9.408235303829765e-09
9.384175737533004e-09
9.591340355253836e-09
9.535039667406652e-09
9.350681213412603e-09
9.277663679536074e-09
9.018859983510149e-09
8.97567353740484e-09
9.260602266780127e-09
9.023661179496115e-09
8.969961668443271e-09
8.813014503473262e-09
9.004657481617064e-09
8.679778351406985e-09
8.916491973467272e-09
8.960239438892291e-09
8.675594972498815e-09
8.811483127885414e-09
9.135634072382245e-09
9.072970775003489e-09
8.973680384234539e-09
9.066277492857673e-09
9.159230886795992e-09
8.952656779393757e-09
8.896710526815022e-09
8.62229532411686e-09
8.806414296434039e-09
8.671491393758892e-09
8.669769947242384e-09
8.770755918459923e-09
8.493318285846881e-09
8.667706331510039e-09
8.86649932658057e-09
8.794631895781341e-09
8.747823192861703e-09
8.875159255177962e-09
9.244529498666605e-09
9.219323545145033e-09
9.029654785031788e-09
9.088652117099446e-09
