0.4 0.4 2.5708093112320003 0.006962371807260309
0.4630231647082618 0.46302316 2.776918633130667 0.007448821957197088
0.5359761276411354 0.53597613 2.9774880221866664 0.008653378536747868
0.6204234070711945 0.62042341 3.1588821456213334 0.008460209149503998
0.7181760235029666 0.71817602 3.3362814129493334 0.0093010510939757
0.8313303380498466 0.83133034 3.490582866602667 0.009678478696951683
0.9623130101045728 0.96231301 3.5817996506453333 0.009218993247008637
1.113933038446382 1.113933 3.6446623061333336 0.010523376792183684
1.2894420018363342 1.289442 3.672168180394667 0.009923975834353884
1.4926037909950396 1.4926038 3.6751998757546667 0.010401347446110404
1.7277753274051804 1.7277753 3.6589171944106664 0.009642034258044833
2.0 2.0 3.6477810551466665 0.010025845253504657
2.299513990795472 2.299514 3.5907147967146664 0.00916769996664309
2.643882296932058 2.6438823 3.5673981146453335 0.009594741633839636
3.0398221659058677 3.0398222 3.535675763370667 0.009646550004992028
3.4950568000153672 3.4950568 3.4890264958293336 0.009651252541717706
4.018466005130093 4.018466 3.4531939669333336 0.010032407489949258
4.620259400166318 4.6202594 3.385287529813333 0.008649188946699495
5.31217556589337 5.3121756 3.325465001984 0.008350439191181086
6.107711017666828 6.107711 3.2588555441493328 0.0086081252129669
7.022383468430259 7.0223835 3.1629022986239996 0.008694065285573045
8.074034517193105 8.0740345 3.0873919160320002 0.008405353494193652
9.283177667225557 9.2831777 2.9780875455146667 0.008579150599462092
10.673398462412615 10.673398 2.87345803264 0.007986704880743843
12.271814546826342 12.271815 2.7721080285866666 0.007342763200246126
14.109604621437288 14.109605 2.6487434117119997 0.0070809258040114495
16.22261661579374 16.222617 2.504247410688 0.006730868137732961
18.652066937664397 18.652067 2.365738385408 0.00651380592885101
21.445344440206465 21.445344 2.2116323601066665 0.005883701322355549
24.65693478884132 24.656935 2.0609185000106667 0.006139519824728809
28.349483258536097 28.349483 1.8903494601386666 0.004886517594534689
32.59501669241287 32.595017 1.719444635648 0.004620621272809715
37.47634845720766 37.476348 1.5462421845333332 0.004214575836156995
43.08869380063765 43.088694 1.380737482752 0.0038051264616423483
49.541527119834186 49.541527 1.2074855519573333 0.003392899582399985
56.960717368716 56.960717 1.041876189184 0.0028871738498281933
65.49098325755452 65.490983 0.8843923073706667 0.002464236222709229
75.2987161358493 75.298716 0.7341833803093333 0.0019291391280801824
86.57522562166109 86.575226 0.5950650515456001 0.001536489558135265
99.54047128664222 99.540471 0.4701965145429334 0.0012215315200330024
114.44735318700434 114.44735 0.3565736077994666 0.0009967083661226162
131.58664493151358 131.58664 0.26059453235200003 0.0007335296149574083
151.29266551092573 151.29267 0.18025447424 0.0005012824943643999
173.9498005235566 173.9498 0.1167512961024 0.0003431334953142241
200.0 200.0 0.0708616912896 0.00019599195989295517
