0.0 188636.788024 0.9853707389919631
0.02 182924.05490133332 0.982485417947497
0.04 177449.396752 0.9796076665105387
0.06 172201.33144799998 0.9768370488272509
0.08 167169.24067199999 0.9743167074726692
0.1 162342.24843733333 0.9714431124982601
0.12 157712.13329866668 0.9684415013402154
0.14 153268.9637946667 0.9657985257633478
0.16 149003.884056 0.9629807355076159
0.18 144909.65853333334 0.9602536224366183
0.2 140978.12468266668 0.9576758129599063
0.22 137202.05968266667 0.9551234659113667
0.24 133574.29590666667 0.9525878604035497
0.26 130088.78846666668 0.9500227220608698
0.28 126738.37133066665 0.9478037567836862
0.3 123517.99018666666 0.9455426391750554
0.32 120421.567416 0.9431612411207732
0.34 117444.15617066665 0.9411857830908603
0.36 114580.732392 0.9389537287547134
0.38 111826.01179733334 0.9371033173424278
0.4 109175.64658133333 0.9355101261784268
0.42 106625.33077066665 0.9336792251549095
0.44 104171.03723466667 0.9316587435147445
0.46 101808.13373333332 0.9301615889389483
0.48 99533.42982666666 0.9285411318833298
0.5 97343.23006666666 0.9266645582703422
0.52 95233.78265066666 0.9253262774232542
0.54 93202.09488533332 0.923920441798478
0.56 91245.085496 0.9224712448925269
0.58 89359.50822933333 0.9211612956813686
0.6 87542.62955466667 0.9202808277500257
0.62 85792.109248 0.918973703053404
0.64 84104.436624 0.9178060448844316
0.66 82478.04473866666 0.9168513083972852
0.68 80910.06361333333 0.9156810763933592
0.7 79398.34362133333 0.9146630476626717
0.72 77940.78988266666 0.9138703905253582
0.74 76535.256032 0.9131068294091437
0.76 75179.79533600001 0.9123231027967698
0.78 73872.04246666667 0.9115414736328404
0.8 72610.55084266666 0.9108424042756992
0.82 71393.83061866666 0.9101661073350301
0.84 70219.5208 0.909267506622621
0.86 69086.628952 0.9085390908153337
0.88 67993.58580266667 0.9076523080285859
0.9 66938.40416533334 0.9070421445890458
0.92 65919.70808266666 0.9067564867460535
0.94 64936.72233333333 0.9060871394040503
0.96 63987.464336000005 0.9054744643467914
0.98 63071.01343733333 0.9049464090430654
1.0 62186.27174933333 0.9046353494586987
1.02 61331.78638666666 0.9044625914307897
1.04 60507.003474666664 0.9039823509647767
1.06 59710.120383999994 0.9036553816824654
1.08 58940.301504 0.9034288044051836
1.1 58197.26713866666 0.9027860043712738
1.12 57479.103928 0.9026064129943497
1.14 56785.40242133333 0.9023882442540366
1.16 56114.77367466666 0.9021112479903426
1.18 55467.49604 0.9018866888957934
1.2 54841.682962666666 0.9017470792987929
1.22 54237.31650666666 0.9013500942628354
1.24 53652.98638933334 0.9011732698376806
1.26 53088.289992 0.9008628431640099
1.28 52542.24328533333 0.9005395358079727
1.3 52014.730698666666 0.9003564475615149
1.32 51504.665216 0.9003109334294517
1.34 51011.424869333336 0.9001128812626317
1.36 50534.75155733334 0.899764502279837
1.38 50073.77664533333 0.899930990387608
1.4 49628.16380533333 0.8997543037877865
1.42 49197.22276266667 0.8998116113837469
1.44 48780.18037066667 0.8997552454350527
1.46 48377.22279733333 0.8996561407499487
1.48 47987.65576266666 0.8996645932024768
1.5 47610.66950933333 0.8995570394552166
1.52 47246.066528 0.8991387999990866
1.54 46893.665968 0.8991935038595376
1.56 46552.372272 0.8991769256368745
1.58 46222.719602666664 0.8991249204604995
1.6 45903.658509333334 0.8989740382277116
1.62 45594.430517333334 0.8989221147243817
1.64 45295.55798666667 0.8992042045112058
1.66 45006.68755733334 0.8991690149546446
1.68 44726.8398 0.8989037324682488
1.7 44455.72334933333 0.8989493696432059
1.72 44193.357714666665 0.8990695662051817
1.74 43940.007970666666 0.8989383682920864
1.76 43694.25992 0.8989736337326373
1.78 43456.732077333334 0.8990328809930963
1.8 43226.351496 0.8988944704304233
1.82 43003.921901333335 0.8988327860141997
1.84 42788.395597333336 0.8987385701201233
1.86 42579.682304 0.8989074457490404
1.88 42378.02541066666 0.8985028969220965
1.9 42182.22342933333 0.8981261884519408
1.92 41992.890456 0.8979874260645674
1.94 41809.508429333335 0.8980791171230891
1.96 41632.044466666666 0.8978005036415303
1.98 41460.079551999996 0.897852301261127
2.0 41293.662888 0.8979315303006976
2.02 41132.775232 0.8978327229558305
2.04 40976.46668 0.8975108849610773
2.06 40825.44605333333 0.8975337689962227
2.08 40679.082424 0.8978032075836796
2.1 40537.565890666665 0.8978967534224549
2.12 40400.097384 0.8977862710670754
2.14 40266.84135733333 0.897917383870989
2.16 40137.72633333334 0.8980044653468419
2.18 40013.048632000005 0.8979450102360385
2.2 39891.767325333334 0.8975632045313731
2.22 39774.330405333334 0.8976432491946872
2.24 39660.71532533334 0.8976470558801672
2.26 39550.308944000004 0.8976231672463433
2.28 39443.309274666666 0.8976878236908781
2.3 39339.80690133333 0.897558355988892
2.32 39239.41726933334 0.8972727582169934
2.34 39142.008632 0.8972041772579653
2.36 39047.776895999996 0.8973575181056358
2.38 38956.286968 0.897113479003451
2.4 38867.57496533333 0.8971990009097874
2.42 38781.727717333335 0.8972462290227141
2.44 38698.281176000004 0.8972719852704238
2.46 38617.523576 0.8974627207665522
2.48 38539.112901333334 0.8971672811798075
2.5 38463.61468 0.8972368749666029
2.52 38389.90026933333 0.8972274874735285
2.54 38318.54841333334 0.8974011150825748
2.56 38249.77202133334 0.8974880353899671
2.58 38182.95801333333 0.8975870267508904
2.6 38117.58476 0.8975919189585361
2.62 38054.29184266667 0.8974431670070425
2.64 37992.995328000005 0.8972206372702796
2.66 37933.56741066667 0.8973012623837519
2.68 37876.041016 0.8972963297484599
2.7 37819.66599466666 0.8971999012643954
2.72 37765.05956266666 0.8970913033052174
2.74 37712.8588 0.8969551291087026
2.76 37661.986288 0.8971032175317898
2.78 37613.035024 0.8971010527548595
2.8 37564.97593066667 0.8969954777451266
2.82 37518.295816 0.8970657750537758
2.84 37473.23968 0.8966960837762594
2.86 37429.11887466667 0.896474892283169
2.88 37386.81382933333 0.8968245663935268
2.9 37345.63521066666 0.8969291658456414
2.92 37305.296808 0.8966843886255376
2.94 37266.155920000005 0.8967742230020187
2.96 37228.570056 0.897093162485592
2.98 37191.99424 0.8971392972421001
3.0 37156.708376 0.8972732746177045
3.02 37122.11834933334 0.8974125472822819
3.04 37088.63889066667 0.8976179655302507
3.06 37056.126368 0.8977143513824106
3.08 37024.51276533333 0.8976660504290196
3.1 36993.68360266667 0.8976798801973727
3.12 36963.897959999995 0.8978555372155363
3.14 36935.312869333335 0.8978968091656252
3.16 36907.183928 0.8980286500003325
3.18 36879.79432 0.8978202871327166
3.2 36853.07131466667 0.8976629816151137
3.22 36827.520864000006 0.897689578007661
3.24 36802.55487466666 0.897715517058418
3.26 36778.358682666665 0.8976624253265285
3.28 36754.47464266667 0.8975239785608236
3.3 36731.54779733333 0.897501453773713
3.32 36709.559698666664 0.8973800272590697
3.34 36687.72666666667 0.8973376194155794
3.36 36666.901192000005 0.8970144243444889
3.38 36646.356104000006 0.8969146587276977
3.4 36626.44273333333 0.8970701409555898
3.42 36607.240373333334 0.8972459942403994
3.44 36588.659544 0.8973729540755168
3.46 36570.58541866667 0.897375215505813
3.48 36552.80431466667 0.8973070109449216
3.5 36535.363328 0.8974655767766544
3.52 36518.44168266667 0.897330282170533
3.54 36502.091159999996 0.8974046172926188
3.56 36486.05918933333 0.8973074201625777
3.58 36471.04708533333 0.8973371627608663
3.6 36455.860773333334 0.8973507433549384
3.62 36441.504304 0.8971370444774283
3.64 36427.435258666665 0.8969692350188381
3.66 36413.48671733333 0.8972690706351473
3.68 36400.038565333336 0.8969459106455194
3.7 36387.212325333334 0.8969539475287259
3.72 36374.57948266667 0.8967260163930946
3.74 36362.447325333334 0.8967630613209266
3.76 36350.714168 0.8969452065610571
3.78 36339.454258666665 0.896771744865226
3.8 36328.154064 0.896816080279734
3.82 36317.507224 0.8969058462497828
3.84 36306.497330666665 0.8971007527059351
3.86 36296.137304 0.8970104250446399
3.88 36286.16919466667 0.8970612690650857
3.9 36276.57465333334 0.8968955244430374
3.92 36266.86029866667 0.8968097982460655
3.94 36257.35863733334 0.8969223062448849
3.96 36248.336229333334 0.8967180127467319
3.98 36239.75252533333 0.8969228080098698
4.0 36231.363216 0.896950765978482
4.02 36223.257632 0.8970359442085483
4.04 36215.08019466666 0.897209984378207
4.06 36207.26725866666 0.8969833635774306
4.08 36199.80056266667 0.8970905380328706
4.1 36193.008608000004 0.8972154132090211
4.12 36185.949173333334 0.8969323072338545
4.14 36179.12144 0.8970264204058629
4.16 36171.95519466667 0.8969100172043944
4.18 36165.70652533333 0.8968425062426006
4.2 36159.135256 0.8969266936424334
4.22 36152.71876799999 0.8970344269630871
4.24 36146.631557333334 0.89676303848408
4.26 36140.547618666664 0.8968265872530622
4.28 36134.62870933334 0.8967158149708045
4.3 36128.820848 0.8966686044562002
4.32 36122.79857333333 0.8967281413025722
4.34 36117.485664 0.8966809836862877
4.36 36112.12621066667 0.8967059143666879
4.38 36107.05950933333 0.8966721365762335
4.4 36101.89230933333 0.8970323471586312
4.42 36096.841104 0.896889162973584
4.44 36092.226568 0.8968960723687799
4.46 36087.636904 0.8970689801888625
4.48 36083.30802933333 0.8968695958693067
4.5 36078.975 0.8969525809973028
4.52 36075.11727733334 0.8969377418046512
4.54 36071.16554666666 0.8971648431714211
4.56 36067.016650666665 0.8970830913616089
4.58 36063.321776 0.8972439159956901
4.6 36059.59694933334 0.897501257543373
4.62 36055.72290933333 0.8973933204882344
4.64 36052.18150666666 0.8975216386501481
4.66 36048.56481066666 0.8976732303041247
4.68 36044.980864 0.8974810721702128
4.7 36041.85291466667 0.8974755018040466
4.72 36038.83817866667 0.8978774736088687
4.74 36035.52273866667 0.8980334930927724
4.76 36032.410992 0.8980053886113843
4.78 36029.201632 0.8980104914723227
4.8 36026.44462133333 0.8978639904238329
4.82 36023.763640000005 0.8980449296059104
4.84 36021.197624 0.8979998818189526
4.86 36018.082802666664 0.897713685328141
4.88 36015.268792 0.8974346150867594
4.9 36012.68201333334 0.8976004693254941
4.92 36010.251944 0.8976748772411971
4.94 36007.352997333335 0.8975760362700275
4.96 36005.00416533333 0.8977051162480743
4.98 36002.862554666666 0.8977088210864658
5.0 36000.468112 0.8976230487268972
5.02 35998.233285333336 0.8976337243277832
5.04 35996.005952 0.8974558614877481
5.06 35993.916928 0.8976777433603458
5.08 35991.842224 0.8975043262658642
5.1 35990.08617333333 0.8972985417998736
5.12 35988.23640266667 0.8974798570542072
5.14 35986.141015999994 0.8974566139779209
5.16 35984.118264000004 0.8978699394587873
5.18 35981.94907733334 0.8979812017308331
5.2 35980.084336 0.8978975317244529
5.22 35978.165629333336 0.8977660056820027
5.24 35976.58043733334 0.897785588165103
5.26 35974.87381066667 0.8978770773607397
5.28 35973.489752 0.8979007002458018
5.3 35972.02797066666 0.8980475689679046
5.32 35970.138746666664 0.8983022529205241
5.34 35968.35316 0.8984760181907165
5.36 35967.247359999994 0.8986804537319197
5.38 35965.71583466667 0.8987900537058605
5.4 35964.02927466667 0.8987352302969489
5.42 35963.02804533333 0.8985767891991102
5.44 35961.76946933333 0.8985137352550997
5.46 35960.17885066666 0.898544870120962
5.48 35958.59308 0.8987188842849875
5.5 35957.168842666666 0.898258070283107
5.52 35956.40068266667 0.8980822751062015
5.54 35955.39443466667 0.89805312258389
5.56 35954.02976266667 0.8979259960694822
5.58 35953.211696 0.8981700914358388
5.6 35951.892783999996 0.8977658858795027
5.62 35950.911325333334 0.898003194097916
5.64 35949.95345866667 0.8976846209039901
5.66 35949.019239999994 0.8977084741417621
5.68 35948.13343733334 0.8978985660836544
5.7 35947.209352 0.8978343977474446
5.72 35946.335783999995 0.8980731894254431
5.74 35945.21168266667 0.8980680355480878
5.76 35944.45554133333 0.8979761428741022
5.78 35943.52013066667 0.8980693169633884
5.8 35942.566864 0.8976556805739796
5.82 35941.50197333333 0.897840286636046
5.84 35940.61114666666 0.8979725069406242
5.86 35940.028373333334 0.8983405278245962
5.88 35939.53933866667 0.8982383982675025
5.9 35938.570197333334 0.8980980289047584
5.92 35937.91696266667 0.8981999812342043
5.94 35937.183592 0.8978350743458694
5.96 35936.404405333335 0.8976534236999247
5.98 35935.948765333334 0.8975097708710839
6.0 35935.262304 0.897850386400399
6.02 35934.442039999994 0.8979794784388062
6.04 35933.93623466667 0.8979313044287062
6.06 35933.607125333336 0.8978790906000907
6.08 35933.159157333335 0.897708059122045
6.1 35932.658568 0.897882757302012
6.12 35932.254992 0.8982842397568401
6.14 35932.16496533333 0.89836932741742
6.16 35931.33258933334 0.8987234919326869
6.18 35930.9632 0.8989020548964062
6.2 35930.358888 0.8991736868950657
6.22 35930.00519733333 0.8993425335070221
6.24 35929.383352000004 0.8994171962513271
6.26 35928.73868533333 0.8992199280938294
6.28 35928.21185066667 0.8992768804487141
6.3 35927.836104 0.8989890471622775
6.32 35927.18819466667 0.8990160391016478
6.34 35926.79186133333 0.8989079992745734
6.36 35926.32993066667 0.8986419539967033
6.38 35925.875232 0.898349567295834
6.4 35925.77368533333 0.8984604619348799
6.42 35925.681802666666 0.8983300816946577
6.44 35925.78442133333 0.8982089007309074
6.46 35925.36731466667 0.8981767789663985
6.48 35925.034376 0.8981669441051318
6.5 35924.481653333336 0.8984128296835847
6.52 35924.220938666665 0.8983408692333738
6.54 35923.94652533333 0.89844328374595
6.56 35923.90958666666 0.8984901503223597
6.58 35923.417400000006 0.898546212123897
6.6 35923.697408 0.8986644658273303
6.62 35923.73785866666 0.8989060859129019
6.64 35923.905781333335 0.8987736872046883
6.66 35924.085448 0.8988384640010814
6.68 35924.00177866667 0.8988761757899003
6.7 35923.69916533333 0.8990553000897125
6.72 35923.504464 0.8992773107116938
6.74 35923.103381333334 0.8991332765073191
6.76 35922.92913333334 0.899014774273179
6.78 35922.40813333333 0.898861200722376
6.8 35921.87815466667 0.8987476834903108
6.82 35921.579992 0.8984199145650534
6.84 35921.572312000004 0.8981809267588383
6.86 35921.18103466667 0.8980649621511502
6.88 35921.20004533333 0.8980722359248633
6.9 35920.86053333333 0.8977961851860584
6.92 35920.56664266667 0.8977198855034858
6.94 35920.43985066666 0.8977192247690622
6.96 35920.35694133333 0.8977090020359736
6.98 35920.42796 0.8975932409801334
7.0 35920.498208000005 0.8978199958297467
7.02 35920.30736266667 0.8979393555685481
7.04 35920.45314666667 0.8979261001181694
7.06 35920.30574133333 0.8977621471542464
7.08 35920.06069333333 0.8977634586147983
7.1 35919.74407733334 0.8975075357679009
7.12 35919.534368 0.8975182862810731
7.14 35919.53609066666 0.8974796093370186
7.16 35919.004608 0.8974785456640502
7.18 35918.57752 0.8976567598548376
7.2 35918.203760000004 0.8976028581436196
7.22 35917.756746666666 0.897378138249434
7.24 35917.179381333335 0.8973865485868987
7.26 35916.978773333336 0.8973518283018892
7.28 35917.021984000006 0.8975388692872545
7.3 35916.67273333333 0.8973374146676983
7.32 35916.80472 0.8970775191401743
7.34 35916.89602666667 0.8973071166840489
7.36 35916.939472 0.8971217279330246
7.38 35916.599856 0.897177048368318
7.4 35916.231816 0.8970805839551781
7.42 35915.96546133333 0.8973911285292646
7.44 35915.618941333334 0.8973026473077469
7.46 35915.63025333334 0.8974787840937352
7.48 35915.55391733334 0.8976560676345063
7.5 35914.98287733333 0.8973984886583641
7.52 35915.31276266667 0.8974021294479776
7.54 35915.11261333333 0.8975502947132872
7.56 35915.389037333334 0.8975887210994965
7.58 35915.468645333334 0.8975182358325425
7.6 35915.413064 0.8971519406569188
7.62 35915.40813066666 0.8973121692407249
7.64 35915.171674666664 0.8972238367301134
7.66 35914.668154666666 0.8974033469684235
7.68 35914.23931733333 0.8975790858141328
7.7 35914.276 0.8977127036927793
7.72 35914.36486933334 0.8979361254267628
7.74 35914.05358133333 0.8977137470880032
7.76 35913.457296 0.8978091961162893
7.78 35913.50628 0.8977757115754111
7.8 35913.342015999995 0.8977309538831164
7.82 35913.463872 0.8976477431769216
7.84 35913.242928 0.8973201495152853
7.86 35913.53146133333 0.8972135252534048
7.88 35913.359432 0.897326022962916
7.9 35913.285648000005 0.8972563450167858
7.92 35913.121631999995 0.8973929624164544
7.94 35913.07089333334 0.897369017468027
7.96 35912.92011733333 0.8971741352494293
7.98 35912.66090666667 0.8972162252964236
8.0 35912.64900799999 0.8970793711015677
8.02 35912.69693333333 0.8968912148023388
8.04 35912.24680533333 0.8969524949010184
8.06 35912.389981333334 0.8968169111278675
8.08 35912.68439466666 0.8970662014793744
8.1 35912.59092533334 0.8972072842092845
8.12 35912.509288 0.8973819087419156
8.14 35912.482432000004 0.8975016937512174
8.16 35912.686277333334 0.8975337853814673
8.18 35912.491376 0.8973366818990361
8.2 35912.44206933333 0.8970655826781826
8.22 35912.249888 0.897138753016133
8.24 35912.292290666664 0.8972131588035229
8.26 35912.253639999995 0.897147156058142
8.28 35912.20528 0.8974692822207277
8.3 35912.44445333333 0.897624545401981
8.32 35912.548016 0.8976336933829157
8.34 35912.54206666666 0.8974842931089354
8.36 35912.672066666666 0.897426896232637
8.38 35912.77335466667 0.8974143303515597
8.4 35912.94417333334 0.8974731452396619
8.42 35912.85818933333 0.8977972654006021
8.44 35912.910128 0.8979785469940067
8.46 35912.70266933333 0.8979328628114756
8.48 35912.381224 0.8979741715348581
8.5 35912.48302666667 0.897942196392117
8.52 35912.432872000005 0.8981818543058305
8.54 35912.116735999996 0.8982694546888806
8.56 35912.21954133334 0.8981697919036224
8.58 35912.080928 0.8980754826878783
8.6 35911.93709866666 0.8979291375055383
8.62 35911.97639733333 0.8978938960906007
8.64 35911.799104 0.8978749828321038
8.66 35912.37673066667 0.8978017649618949
8.68 35912.455365333335 0.8976832627169102
8.7 35912.536288 0.8975054858970175
8.72 35912.443338666664 0.8976458421235664
8.74 35912.570298666666 0.8976179720386361
8.76 35912.64192533333 0.8976499027216585
8.78 35912.698704 0.89751518898267
8.8 35912.77962933334 0.897400598628463
8.82 35912.761757333334 0.8974574581770585
8.84 35913.020888 0.8974459637022545
8.86 35913.263007999994 0.8974894377551293
8.88 35913.03283733333 0.8975664752043864
8.9 35913.570106666666 0.8974036952587323
8.92 35913.29010666667 0.8972401194775026
8.94 35913.176472 0.897088529104143
8.96 35913.232954666666 0.8974169029720057
8.98 35913.302901333336 0.8975548439568491
9.0 35913.092253333336 0.8973928409284739
9.02 35913.33412 0.8973387389887844
9.04 35913.06212533333 0.8974254769568556
9.06 35912.709552 0.8972491862753286
9.08 35912.82768533333 0.8972173809949556
9.1 35912.89140266667 0.8973756339481336
9.12 35912.946101333335 0.8975756946879625
9.14 35912.960501333335 0.8976071738613863
9.16 35912.724912000005 0.8977967625676849
9.18 35912.50437333334 0.8979604527669938
9.2 35912.10764533334 0.898137754689807
9.22 35911.97959733333 0.8982446870342944
9.24 35911.75846133333 0.8982153805318592
9.26 35912.088370666665 0.8983732888413366
9.28 35912.23701866667 0.8986370657929053
9.3 35912.171912 0.898516439187877
9.32 35912.443199999994 0.8981909640136768
9.34 35912.78988 0.8983295070298624
9.36 35912.504583999995 0.8980426391743377
9.38 35912.508901333335 0.8979631184821264
9.4 35912.40410133333 0.8980527250930148
9.42 35912.54907733333 0.8980613213340319
9.44 35912.582368 0.8980769794706355
9.46 35912.65662933333 0.8981326198444817
9.48 35912.840293333335 0.8980047888432602
9.5 35912.77061333333 0.897947082789842
9.52 35912.7716 0.8976526562694055
9.54 35912.64462666666 0.8975726881261521
9.56 35912.749562666664 0.8973334318774373
9.58 35912.83788000001 0.8971726636630017
9.6 35912.973154666666 0.8970445877445904
9.62 35913.007304 0.897206640644864
9.64 35912.88984 0.8975428067884069
9.66 35912.739557333334 0.8974879906682434
9.68 35912.832698666665 0.8973829655819876
9.7 35912.68648533334 0.8973814085543464
9.72 35912.83741866666 0.8974170516834147
9.74 35912.64826666667 0.8975686388432538
9.76 35912.54208266667 0.8972986478417345
9.78 35912.61316533333 0.8974391675237655
9.8 35912.43486933333 0.8974682951223906
9.82 35912.332471999995 0.8977102820277154
9.84 35912.49687466667 0.8979424333539529
9.86 35912.492912 0.8977513116176811
9.88 35912.60597333333 0.8980011060697783
9.9 35912.91722133334 0.8981005937560456
9.92 35912.93394933333 0.8978793719243165
9.94 35912.918616 0.8977998689452129
9.96 35912.937336 0.8978218476226766
9.98 35912.94155466667 0.8981618711111392
10.0 35913.111224 0.8983429125570813
10.02 35913.042088 0.8980456552525486
10.04 35913.10094933333 0.8982683209411466
10.06 35913.343773333334 0.8983143088070493
10.08 35913.55013866667 0.8981708532605295
10.1 35913.56139733334 0.8985412003995482
10.12 35913.78033066666 0.8986058310661775
10.14 35913.81892 0.8985547456993841
10.16 35913.79262933333 0.8988609952799054
10.18 35913.63209866667 0.8990310432749901
10.2 35913.4474 0.8990487059856352
10.22 35913.51624 0.8990530918060253
10.24 35913.63821866667 0.8987754441609118
10.26 35913.59380533334 0.8987553153981042
10.28 35913.598181333335 0.8988371083238795
10.3 35913.60040266666 0.8986152230850107
10.32 35913.47359466666 0.8986203119513253
10.34 35913.20452266667 0.8988546510713893
10.36 35913.044559999995 0.898883428296754
10.38 35912.94721333333 0.898803798879815
10.4 35912.96442133333 0.8987273919735116
10.42 35912.64374133333 0.898365072300924
10.44 35912.779272 0.8984476606304362
10.46 35912.472352 0.8980660482625558
10.48 35912.737488 0.8980731067878963
10.5 35913.20195466667 0.89813622683197
10.52 35912.90708 0.898055587916775
10.54 35913.29082133333 0.8981240507711636
10.56 35913.248351999995 0.8978789373524959
10.58 35913.37802933333 0.8979531105037323
10.6 35913.577872 0.8980734534567257
10.62 35913.60726933333 0.8980664583312862
10.64 35913.205557333335 0.8980547291539623
10.66 35913.19019733333 0.8975996371452777
10.68 35913.005509333336 0.8974634816889409
10.7 35912.936890666664 0.8976241276528741
10.72 35913.028626666666 0.8976830423874597
10.74 35912.94588266667 0.8975416122715663
10.76 35912.75128 0.8974447706527723
10.78 35912.93843466666 0.8971191624609449
10.8 35913.020752 0.8973226737023859
10.82 35912.86179733333 0.8973788824371715
10.84 35912.805605333335 0.8970287578625602
10.86 35912.88862133333 0.8972435005026672
10.88 35913.07701866666 0.8970838892408225
10.9 35913.201216 0.897079930046019
10.92 35913.21877066667 0.8971042757341852
10.94 35913.16913066666 0.8971352660257252
10.96 35913.32700533334 0.8970204804168097
10.98 35913.414808 0.8970350694410631
11.0 35913.50548266667 0.8965770386533495
11.02 35913.45939733333 0.8962432621105919
11.04 35913.448336 0.8963730801197419
11.06 35913.258967999995 0.8964916317828848
11.08 35913.09976 0.8965181791352411
11.1 35912.881989333335 0.8967867455015757
11.12 35912.58062666666 0.8968104194226407
11.14 35912.395056 0.8968486067815286
11.16 35912.43044533333 0.896716903817605
11.18 35912.281623999996 0.896826778570819
11.2 35912.11012533333 0.8966651334897787
11.22 35911.93004 0.8965261250719103
11.24 35911.842013333335 0.896880274629957
11.26 35911.98106666667 0.8968516737014091
11.28 35912.09850666666 0.8968840878363517
11.3 35912.122495999996 0.8971129235939402
11.32 35912.141264000005 0.8970657595363276
11.34 35912.431416 0.8972119013241235
11.36 35912.375005333335 0.897421351395101
11.38 35912.06815466667 0.8975563630210823
11.4 35912.30275733334 0.8975158358364573
11.42 35912.473653333334 0.8976707182526895
11.44 35912.69265866667 0.8976591732091687
11.46 35912.382917333336 0.8974865717512417
11.48 35912.13439733333 0.8975705940035836
11.5 35912.40073066667 0.8977475622442258
11.52 35912.56432266667 0.8975890528568087
11.54 35912.65845333334 0.8976930900833783
11.56 35912.717008 0.8978889212918193
11.58 35912.80645066667 0.8981357669551434
11.6 35912.89257066666 0.8985186154759215
11.62 35913.191146666664 0.8985959436440388
11.64 35913.228242666664 0.8983763426352777
11.66 35912.965050666666 0.8984758389536431
11.68 35912.86730133333 0.8982383164854503
11.7 35912.812567999994 0.8983550975370903
11.72 35912.59341866667 0.8984807693163603
11.74 35911.912218666665 0.8985243150847884
11.76 35911.94542933333 0.8985422723370597
11.78 35912.145165333335 0.8992282492366019
11.8 35912.25174666666 0.899006139160482
11.82 35912.174304 0.8989819044107591
11.84 35912.47126133333 0.899195977071672
11.86 35912.367584 0.8994144282834563
11.88 35912.35716 0.899509086982975
11.9 35912.403333333335 0.8992175415149789
11.92 35912.057338666666 0.8987722048666814
11.94 35911.81567733333 0.8986319723498146
11.96 35911.607472 0.8988041616199655
11.98 35911.637709333336 0.8988341581067505
12.0 35911.50655466667 0.8987942088980195
12.02 35911.396768 0.8985066434584316
12.04 35911.327549333335 0.8984966508831013
12.06 35911.312858666664 0.8985091536673819
12.08 35911.48101066667 0.8983100062453642
12.1 35911.683808 0.8983561790532973
12.12 35911.272101333336 0.8982467844557095
12.14 35910.983712 0.8983365301759498
12.16 35910.876458666666 0.8984138147739098
12.18 35911.03874933333 0.8982951578784328
12.2 35911.13959466666 0.8982910448771735
12.22 35910.959832 0.8983639928579437
12.24 35911.111536 0.8982348892155795
12.26 35910.89601333333 0.8982100026016279
12.28 35910.920360000004 0.8981690947130996
12.3 35911.266482666666 0.8980272017224951
12.32 35911.75793333333 0.8977549123653754
12.34 35912.06061866667 0.8975805656423791
12.36 35911.76245066666 0.897570600648713
12.38 35911.52912266667 0.8975581110810326
12.4 35911.733896000005 0.8977670166847844
12.42 35911.790208000006 0.8976132506763276
12.44 35911.73638666667 0.8977821021317834
12.46 35912.043392 0.8979790432651614
12.48 35912.109255999996 0.8978538295636022
12.5 35911.84312266667 0.8978675685234018
12.52 35911.750568 0.8978742034647327
12.54 35911.83484266666 0.8977372980096783
12.56 35911.65983733333 0.8976170888544035
12.58 35911.38594666666 0.8973383737435873
12.6 35911.590853333335 0.8974812947048452
12.62 35911.935656 0.8973116378547289
12.64 35911.76785333333 0.8973507145227121
12.66 35912.09449333334 0.8972639452813845
12.68 35912.000706666666 0.8971063827447258
12.7 35912.04077066667 0.8971672130518089
12.72 35911.76823733334 0.8975308122597216
12.74 35912.012480000005 0.8975075033416835
12.76 35911.87153333333 0.8976834664560354
12.78 35911.686645333335 0.8978377378676865
12.8 35911.821423999994 0.8977788211396068
12.82 35911.63698133333 0.8976575976825364
12.84 35911.88249333334 0.8976050535145753
12.86 35911.959488 0.8975227962802897
12.88 35911.90703733334 0.8979053357258305
12.9 35911.670832 0.8979306933880825
12.92 35911.386005333334 0.897912237864236
12.94 35911.72648533333 0.8977351953644902
12.96 35912.177493333336 0.8976350959993536
12.98 35912.30632533334 0.8977771678905784
13.0 35912.384322666665 0.8977021023492175
13.02 35912.40079466667 0.8975191663437189
13.04 35912.28040533334 0.8975556748834687
13.06 35912.165272 0.8976688261067622
13.08 35912.13077333334 0.8981997093040822
13.1 35912.09775466667 0.8981645695510543
13.12 35912.29386133333 0.898282965347469
13.14 35912.415274666666 0.8983727595963839
13.16 35912.174712 0.8981096410424585
13.18 35912.124448 0.8982445418672967
13.2 35912.155565333334 0.8983739949179685
13.22 35912.34947733334 0.8985893600591878
13.24 35912.34266933333 0.8981686420410327
13.26 35912.271408 0.8982429989579452
13.28 35911.730125333335 0.8981295950507524
13.3 35911.62450133334 0.8981129041923505
13.32 35911.30505066666 0.897877719673959
13.34 35911.23061866667 0.8979363222826846
13.36 35911.215410666664 0.8978491254518018
13.38 35911.412738666666 0.8976287689772768
13.4 35911.67021066666 0.8979478958055154
13.42 35911.755336 0.8982348478142543
13.44 35911.953746666666 0.8983274227189871
13.46 35912.051338666664 0.8983924691701225
13.48 35911.59257333333 0.8982925146454727
13.5 35911.716896 0.8982114308186289
13.52 35912.022333333334 0.8977189912062656
13.54 35911.79626666667 0.897981426936543
13.56 35911.867346666666 0.8981109678079312
13.58 35911.85852533333 0.8982395263918665
13.6 35911.79381333334 0.897999908542374
13.62 35911.99469866667 0.8981723066869072
13.64 35911.93630666667 0.898238320104057
13.66 35911.768224 0.8984518487238558
13.68 35911.67659466667 0.8983726536269809
13.7 35911.674338666664 0.8984067399316961
13.72 35911.99169333333 0.8982586516210429
13.74 35912.10051733333 0.8978648708399871
13.76 35912.197816 0.8976872513190791
13.78 35912.06614933333 0.8974880581424686
13.8 35912.03657066666 0.8974992885282349
13.82 35911.86666133333 0.8973562104323695
13.84 35911.98914666667 0.8973805113871328
13.86 35911.72654133334 0.8974984019016924
13.88 35911.79788533333 0.8973748717807731
13.9 35911.83595733334 0.8973446138634383
13.92 35911.990282666666 0.8976265934973822
13.94 35911.96296533333 0.8974055117328736
13.96 35911.614424 0.8975008946672889
13.98 35911.687904 0.8974390402895938
14.0 35911.676432 0.8976203871552642
14.02 35911.79318666666 0.8978772746077762
14.04 35911.73786666666 0.898079135558324
14.06 35911.99851733333 0.8980365081291463
14.08 35912.10597066667 0.8983436714259806
14.1 35912.125232 0.8984397125779536
14.12 35912.41226133333 0.8980407117274348
14.14 35912.84658666667 0.8980950999505461
14.16 35912.88588 0.8980568433235658
14.18 35912.81150133333 0.8977665935113702
14.2 35912.85481066667 0.8977373159391959
14.22 35912.746576000005 0.8978303526674388
14.24 35912.880573333336 0.8979348167204438
14.26 35912.964285333335 0.8979540179202546
14.28 35913.418613333335 0.8977903423764165
14.3 35913.42512266667 0.897860266460965
14.32 35913.519770666666 0.8975991223246899
14.34 35913.735136 0.897405322119455
14.36 35914.179319999996 0.8974575483105757
14.38 35913.81151466667 0.8973598367990769
14.4 35913.92293866667 0.8971139084992997
14.42 35913.75405066667 0.8972456453112533
14.44 35914.01861866667 0.897102681740277
14.46 35913.99870933333 0.8974844509698151
14.48 35913.88518666667 0.8973375836142586
14.5 35913.70604533333 0.8975078009486906
14.52 35913.77754133333 0.8975126371071571
14.54 35914.110248 0.8973932443717142
14.56 35914.065856 0.8975033579129791
14.58 35913.311176 0.8976431839588299
14.6 35913.80328 0.8977236942172415
14.62 35913.793584 0.89759053991633
14.64 35913.579512 0.8974311803299432
14.66 35913.614493333334 0.8974886597060022
14.68 35913.42179466667 0.8974751986973444
14.7 35913.216581333334 0.8974910065414461
14.72 35913.19320266666 0.897461131509185
14.74 35912.87800533333 0.8975817764600639
14.76 35912.864824000004 0.8974873634406522
14.78 35912.79704 0.8973814128819513
14.8 35912.76030666666 0.8970564559561064
14.82 35912.59496 0.8971353757331485
14.84 35912.349608000004 0.8971652680322209
14.86 35912.59564266667 0.89728236789068
14.88 35912.47931466666 0.8973559392797902
14.9 35912.139762666666 0.8971147877991054
14.92 35911.962938666664 0.8970361477597547
14.94 35912.016877333335 0.897220245110234
14.96 35912.17889333333 0.8972058474695461
14.98 35912.37394666667 0.897183929668123
15.0 35912.56884266667 0.8971606665793292
15.02 35912.78046666666 0.8973966328875077
15.04 35912.99442133334 0.8969801730706553
15.06 35913.07351466667 0.8971272728512595
15.08 35912.981986666666 0.8973116754662218
15.1 35913.022664000004 0.8976776403795433
15.12 35913.09634133334 0.8979715718087553
15.14 35913.18966933333 0.8979714976471823
15.16 35913.421248 0.8976554065286574
15.18 35913.682837333334 0.8974010632350606
15.2 35913.65010666667 0.8973171092341653
15.22 35913.904032 0.897332910553393
15.24 35913.734752000004 0.8971004707268493
15.26 35913.72711466667 0.8970946604939931
15.28 35913.56732 0.8970088870469392
15.3 35913.28071466667 0.8972297877715398
15.32 35913.33394133333 0.897510846592656
15.34 35913.11249866667 0.897880620164966
15.36 35912.918562666666 0.8979591453535498
15.38 35913.05530666666 0.898236095142952
15.4 35913.224064 0.8984790829552796
15.42 35913.27455466667 0.8985887743573859
15.44 35913.440063999995 0.8982693147413702
15.46 35913.064312 0.8982205430370002
15.48 35912.835104 0.897824292520366
15.5 35912.6454 0.8976812061227806
15.52 35912.44297333334 0.8977406404087663
15.54 35912.3638 0.8977805746694593
15.56 35912.750808 0.8976533986330414
15.58 35912.67158933333 0.8975716192039812
15.6 35912.94016533333 0.8973089351642213
15.62 35912.90785333334 0.8971362347415225
15.64 35913.28630133333 0.8972633500503086
15.66 35912.911552000005 0.8972797451215008
15.68 35912.620856 0.8971642525988939
15.7 35912.320058666664 0.8970317425806984
15.72 35912.687362666664 0.8973037744391128
15.74 35913.07205333334 0.89739001346351
15.76 35913.308752 0.8974364269750383
15.78 35913.682301333334 0.8974814028894619
15.8 35913.85996 0.8972371793301382
15.82 35913.528416 0.8970130086173415
15.84 35913.79753333333 0.8970752183867508
15.86 35913.61856266667 0.8971619653959084
15.88 35913.762608 0.8973245485441647
15.9 35913.98768 0.8975405080101724
15.92 35914.09233866667 0.8979599292448017
15.94 35914.06603466667 0.8975056672729
15.96 35914.111117333334 0.8973768873782519
15.98 35914.038799999995 0.8974349493432257
16.0 35913.763424000004 0.8976179093015683
16.02 35913.80347466667 0.8977842208502055
16.04 35913.814736 0.8976621406644971
16.06 35913.635368 0.8975491489848347
16.08 35913.54089333334 0.8973332825936259
16.1 35913.404570666666 0.8975903869795997
16.12 35913.45819733333 0.8975728390381927
16.14 35913.633848 0.8977224977913731
16.16 35913.95094133333 0.8975782938638595
16.18 35913.97624533333 0.8977157172904504
16.2 35913.43514666667 0.897252006393053
16.22 35913.12546133333 0.8974410260854923
16.24 35913.122648 0.8974909355761375
16.26 35913.225399999996 0.897218544536973
16.28 35913.50783466667 0.8972110831071707
16.3 35913.63229066666 0.8968311514385171
16.32 35913.45928533333 0.8969613443764018
16.34 35913.53926666667 0.8968085568545864
16.36 35913.60624 0.8970138513462013
16.38 35913.748296 0.8969382131243142
16.4 35913.79226666667 0.8971169369060605
16.42 35913.66952266666 0.8969898491282724
16.44 35913.61893866667 0.8971946590849733
16.46 35913.56388 0.897194370103419
16.48 35913.27991733333 0.897118020467052
16.5 35912.94762933333 0.8971965051126805
16.52 35912.917528000005 0.897177814736078
16.54 35912.75631733333 0.8973497261307117
16.56 35913.10246666666 0.8971769603800385
16.58 35913.00381333333 0.8970693536949896
16.6 35913.127976 0.896966936346804
16.62 35912.905024 0.8969476857873608
16.64 35913.280528 0.8969987010726808
16.66 35913.38737333333 0.897274801382647
16.68 35913.32545333334 0.8971419504689999
16.7 35913.74361333334 0.8972483881410585
16.72 35913.56409866667 0.8973548462571096
16.74 35913.60753066667 0.8974805791786638
16.76 35913.150901333334 0.8972641461485905
16.78 35913.354408 0.8970946432212749
16.8 35913.56116533333 0.8973390351704826
16.82 35913.82317066667 0.8974661927252348
16.84 35913.652016 0.8976047421399654
16.86 35913.673888000005 0.8973948184519119
16.88 35913.76926666667 0.8974533931138572
16.9 35913.69656533333 0.8974916861496308
16.92 35914.109240000005 0.897554468793493
16.94 35913.75861066667 0.89754854942349
16.96 35913.60738933334 0.8974863895223014
16.98 35913.68563466667 0.8974773730014786
17.0 35913.692903999996 0.8975079060227308
17.02 35914.055928 0.8976450721557403
17.04 35913.891776000004 0.8977278392643673
17.06 35913.77488 0.8975796256629633
17.08 35913.54509066667 0.8976535257484358
17.1 35913.45270133333 0.8975739733825372
17.12 35913.27181333333 0.8976739972026132
17.14 35913.48681333334 0.8976677255073807
17.16 35913.51189333333 0.8978348647945424
17.18 35913.321776 0.8981982938299026
17.2 35913.085072 0.8984026647916449
17.22 35913.38659466666 0.8984259587973561
17.24 35913.104909333335 0.8983873477657369
17.26 35913.03650666667 0.8982718056624328
17.28 35913.34706933334 0.8984645977744392
17.3 35913.334392 0.8982725026432247
17.32 35913.49710133333 0.8980782772025202
17.34 35913.318256 0.8980601690280487
17.36 35912.98855733333 0.8979545078112219
17.38 35912.684530666666 0.8979052353523926
17.4 35912.74302933333 0.8977333965465217
17.42 35912.722698666665 0.8977506816143961
17.44 35912.93007466667 0.8976160107060227
17.46 35913.26025866667 0.8976242584836384
17.48 35913.27751466667 0.8975854522834356
17.5 35913.215304 0.897465371618362
17.52 35913.289256000004 0.8973274899751671
17.54 35913.165274666666 0.8974067698516951
17.56 35913.23744 0.8974665167309204
17.58 35912.96305866667 0.8976203286003925
17.6 35912.824925333334 0.8974715095284709
17.62 35912.84548266667 0.8974637381220565
17.64 35912.85635466667 0.8976004471923756
17.66 35912.94854666667 0.8977559265348609
17.68 35913.088890666666 0.8975314975901371
17.7 35912.738496000005 0.8973482193397809
17.72 35912.367392 0.8976655088003079
17.74 35912.12190133333 0.8976498482005011
17.76 35912.18140533334 0.8978459512683986
17.78 35912.606887999995 0.8980939259221633
17.8 35912.46902133333 0.8981396520428759
17.82 35912.741010666665 0.898005058259033
17.84 35912.62599466667 0.8981349790638977
17.86 35912.615104 0.8980802426212587
17.88 35912.69853066666 0.8980749917990054
17.9 35913.227898666664 0.897965427042349
17.92 35913.4298 0.8980493888384095
17.94 35912.869677333336 0.8978210354818164
17.96 35912.72572 0.8977731534527843
17.98 35912.58805866667 0.8979449479484666
18.0 35912.706248 0.897892447536594
18.02 35913.052232 0.8979609288840338
18.04 35913.218082666666 0.8979072151891108
18.06 35913.200488 0.8980391359549933
18.08 35913.265018666665 0.8977791579546284
18.1 35913.090970666664 0.8975879615239793
18.12 35913.575525333334 0.8976954499158317
18.14 35913.73114133334 0.8977821530265188
18.16 35913.65617866667 0.8979544765827169
18.18 35913.443536 0.8977835688417108
18.2 35913.687632 0.8978041928785462
18.22 35913.45989866667 0.8978453939771486
18.24 35913.44313066667 0.8978477317518133
18.26 35913.35599733333 0.8979748246508735
18.28 35913.17813866667 0.8979253655679192
18.3 35913.3538 0.8979617550359058
18.32 35913.37920266666 0.8978890804168818
18.34 35913.04057333333 0.8977975441269657
18.36 35913.115576 0.8979703146520033
18.38 35912.976621333335 0.8979455983138434
18.4 35912.661088 0.8975486828419239
18.42 35912.846231999996 0.8977530987086949
18.44 35912.71274133334 0.8978671019909293
18.46 35912.603037333334 0.8981083553359628
18.48 35912.54424 0.8983217073799099
18.5 35912.48608266667 0.8981687038936561
18.52 35912.43364 0.8980780714476533
18.54 35912.30693866666 0.8980817463951888
18.56 35912.448738666666 0.8980265212466733
18.58 35912.237429333334 0.8979820917059245
18.6 35912.335912 0.8979591229453346
18.62 35912.30617333333 0.8980408138797485
18.64 35912.295042666665 0.8979472507651513
18.66 35912.344957333335 0.8982236573291549
18.68 35912.78144266667 0.8985445181806293
18.7 35913.25085333333 0.8985607800624517
18.72 35913.29704533333 0.898568587592891
18.74 35913.18801333333 0.8982706635951127
18.76 35913.188384 0.898089186997742
18.78 35913.14010133334 0.898325618567511
18.8 35913.13609066667 0.8981137341756489
18.82 35913.12629866667 0.8983818021664082
18.84 35912.79005333333 0.8982291860019012
18.86 35913.14418933333 0.8984835173134573
18.88 35913.24156533333 0.8983675790442415
18.9 35912.996298666665 0.8983760304375367
18.92 35912.60082666667 0.898082557366403
18.94 35912.871208 0.898152068226869
18.96 35912.640168 0.8983039950452217
18.98 35912.249690666664 0.8979266527557545
19.0 35912.28872533333 0.8978410232374656
19.02 35912.28320266667 0.8982592328138026
19.04 35912.38875466667 0.898278169294578
19.06 35912.4896 0.8983585172500917
19.08 35912.70274666666 0.8982304002489548
19.1 35912.735592 0.8983901423842419
19.12 35912.47559733334 0.8983720918955311
19.14 35912.66767733333 0.8983847169307361
19.16 35912.545269333335 0.8983062426659606
19.18 35912.998680000004 0.898489687843301
19.2 35913.093456 0.8982846727278027
19.22 35912.867082666664 0.8981473652215778
19.24 35913.113632 0.8983109982556364
19.26 35913.347616 0.8985306457043105
19.28 35913.51425066667 0.8983447307055565
19.3 35913.363090666666 0.8984788852704365
19.32 35912.99486666667 0.8985989451073307
19.34 35912.918472000005 0.8984155846278126
19.36 35912.656226666666 0.8983796352831825
19.38 35912.862418666664 0.8984738181931917
19.4 35913.303128 0.8984191205036296
19.42 35913.435816 0.8985523587646154
19.44 35913.57787733333 0.8985510725955266
19.46 35913.578978666665 0.8985765469547884
19.48 35913.618768 0.8987363716071008
19.5 35914.17709333333 0.8986030519307724
19.52 35914.08071466666 0.8986644616491585
19.54 35914.141352 0.8984330323989603
19.56 35913.87170933333 0.8984571591037595
19.58 35913.912736 0.8983369931450965
19.6 35913.72701866667 0.8982210839653344
19.62 35913.843261333335 0.8977979191212575
19.64 35913.849696000005 0.8978012092310362
19.66 35914.09506133333 0.8977993034847364
19.68 35913.97214133333 0.8977575097187193
19.7 35913.81841066667 0.897416615499168
19.72 35913.755575999996 0.8972924181549699
19.74 35913.785690666664 0.8973545966769475
19.76 35913.949536 0.8974295045680982
19.78 35913.77017333334 0.8973397414407306
19.8 35913.985770666666 0.8975997296398013
19.82 35913.619730666665 0.8975973930767293
19.84 35913.585576 0.89759655565388
19.86 35913.56382933333 0.8974519982734455
19.88 35913.759112 0.8975454006651292
19.9 35914.04466666667 0.8974056711117293
19.92 35913.728176 0.8975576356066945
19.94 35913.441730666666 0.8973881922478096
19.96 35913.67891466667 0.8973861946424578
19.98 35913.448344000004 0.8974653804253028
20.0 35913.300616 0.8974398408578671
20.02 35913.543498666666 0.8975151966536916
20.04 35913.47769866667 0.8972526039712694
20.06 35913.48133066666 0.8972305757968365
20.08 35913.56097333333 0.8969054110820329
20.1 35913.3908 0.8968329154661232
20.12 35913.26537066667 0.8966744088407476
20.14 35913.04657333333 0.8969858102513989
20.16 35912.757026666666 0.8968206869923282
20.18 35912.185357333336 0.8967613243288373
20.2 35912.618725333334 0.8970273174843316
20.22 35912.892541333335 0.8968210946075635
20.24 35912.88564266667 0.8968174512303341
20.26 35913.018392 0.8967046724897748
20.28 35912.94432266666 0.8965413711677095
20.3 35912.877448 0.8964180355268676
20.32 35913.42025333333 0.8966620647601182
20.34 35913.41258666667 0.8966589963901821
20.36 35913.505498666666 0.8968196272164524
20.38 35913.275746666666 0.896930694764685
20.4 35913.39368533333 0.8970758666440559
20.42 35913.65660266667 0.896809046578446
20.44 35913.65167466667 0.8968598859402991
20.46 35913.12355466667 0.8971295163950879
20.48 35913.10828266667 0.8971403900676945
20.5 35913.224319999994 0.8972970682407504
20.52 35913.16671733333 0.8974309896925576
20.54 35913.278736 0.8977337170948322
20.56 35913.35218933333 0.8976644309006221
20.58 35913.413221333336 0.897226531785907
20.6 35913.47457333333 0.8972658823176293
20.62 35913.67620533334 0.8975367252545526
20.64 35913.405672 0.8975969661902808
20.66 35913.60790933334 0.8974457660534336
20.68 35913.090229333335 0.8974602570157323
20.7 35913.226312 0.897545357917271
20.72 35913.31479733333 0.8977126164280256
20.74 35913.53071466667 0.8977506932853375
20.76 35913.36001066667 0.8976722420147968
20.78 35913.74538666666 0.8975655097076698
20.8 35913.31205066666 0.8973899897991544
20.82 35913.31576 0.8975994682625957
20.84 35913.58069333334 0.8976710159881571
20.86 35913.38661866667 0.8974971825900797
20.88 35913.410866666665 0.8971793165155865
20.9 35913.792477333336 0.8971132637009006
20.92 35913.80410666666 0.8973284444808672
20.94 35913.92474933333 0.8971826123674077
20.96 35913.785848 0.897266352981242
20.98 35913.812437333334 0.8975744554548897
21.0 35913.99016266667 0.8976171853858889
21.02 35913.85861066666 0.8975112633789483
21.04 35913.58942133334 0.8976102671831018
21.06 35913.540991999995 0.897580357362242
21.08 35913.585208000004 0.8975510866887499
21.1 35913.715248 0.8976727743824923
21.12 35913.92074933334 0.8975808144472561
21.14 35913.834848 0.8977715121448692
21.16 35914.25402666666 0.8978230762577112
21.18 35913.980202666666 0.8975156248733311
21.2 35913.61445333333 0.8976470250160656
21.22 35913.44168533334 0.8976024515554434
21.24 35913.519176 0.8978137909094385
21.26 35913.820181333336 0.8977439204634567
21.28 35913.936528000006 0.897688834530086
21.3 35913.94412 0.8978944571549023
21.32 35913.86549066666 0.8975220397590058
21.34 35913.929893333334 0.8975456090400261
21.36 35914.04467733333 0.8975578370949285
21.38 35913.843962666666 0.8975493125637469
21.4 35913.805223999996 0.8977121430027081
21.42 35913.53735466667 0.8978248261065664
21.44 35913.503983999995 0.8978061098676412
21.46 35913.486586666666 0.8975858991164329
21.48 35913.242264 0.8978427171440377
21.5 35913.08473066667 0.8976522118543516
21.52 35912.99002666667 0.8979038358187499
21.54 35912.985 0.8980398680212741
21.56 35913.218693333336 0.8980329527101147
21.58 35912.948208 0.8980849355730839
21.6 35913.25273066667 0.8979826234883406
21.62 35913.39879466667 0.897974787042419
21.64 35913.54752 0.8978932386007452
21.66 35913.456104 0.8980833705835527
21.68 35913.482282666664 0.8979743697117964
21.7 35913.39390133333 0.8978994572130439
21.72 35913.56157333333 0.8978462711294904
21.74 35913.825408000004 0.8977934088083536
21.76 35913.313112 0.8979265385112323
21.78 35913.36582666666 0.8977043185502213
21.8 35913.270191999996 0.8974385508982424
21.82 35913.16607466666 0.8975225989675604
21.84 35912.574733333335 0.8977199755317138
21.86 35912.71825866667 0.8975193411105239
21.88 35912.378586666666 0.8978423851179514
21.9 35912.376037333335 0.8978663305448611
21.92 35912.693781333335 0.898289743902209
21.94 35912.60193066667 0.8979513321563413
21.96 35912.60457333333 0.8982132798205289
21.98 35912.547194666666 0.8981507092730111
22.0 35912.740562666666 0.898264006713037
22.02 35912.604768000005 0.8981219192375136
22.04 35912.811504 0.8980055758543738
22.06 35912.99302133333 0.8980481882425867
22.08 35912.971026666666 0.8982593483075832
22.1 35912.87797866667 0.898276257321769
22.12 35912.877770666666 0.8982721012985243
22.14 35912.768664 0.8978918297547259
22.16 35912.96905066667 0.8980623019234455
22.18 35913.01829866666 0.898490075254788
22.2 35912.697824 0.8987095540476672
22.22 35912.796904 0.8984961712592952
22.24 35912.674159999995 0.8983786240117301
22.26 35912.618472 0.8985277305912911
22.28 35912.86050933333 0.898551321240457
22.3 35913.01837333333 0.8988697844111802
22.32 35913.019968 0.8989870839197316
22.34 35913.221117333334 0.898905601406296
22.36 35913.130818666665 0.898818638464132
22.38 35913.15610933333 0.8990401823134367
22.4 35913.23949333333 0.8989168390951977
22.42 35912.648208 0.8988510221045671
22.44 35912.80305066667 0.8991226772892446
22.46 35912.975568 0.8991913323503257
22.48 35913.44709866667 0.8990268457743164
22.5 35913.194824 0.8990963235852535
22.52 35913.309722666665 0.8989544417469932
22.54 35913.13557866667 0.8989033071723175
22.56 35912.526184 0.8987969037945062
22.58 35912.405752 0.8988091448595339
22.6 35912.61396266667 0.8987464314829131
22.62 35912.489314666665 0.8985406049535328
22.64 35912.828722666665 0.8985343736054313
22.66 35912.61321333333 0.8983262437144008
22.68 35912.734498666665 0.8981771249217245
22.7 35913.041258666664 0.8983290942179354
22.72 35912.99613066667 0.8985274789195064
22.74 35913.03661066666 0.8984640410785985
22.76 35912.79738133333 0.8983165313033704
22.78 35913.09830133333 0.8982731695290872
22.8 35912.960752 0.8980938311411398
22.82 35912.73176533333 0.8983637560562322
22.84 35912.75096533333 0.8981831531599845
22.86 35912.80036533333 0.8981227722101824
22.88 35913.10469066667 0.897892081535737
22.9 35913.178512 0.8977226489060652
22.92 35913.177496000004 0.8976233164864026
22.94 35913.24572 0.897624590732843
22.96 35913.411157333336 0.8975196435574565
22.98 35913.30636266667 0.8975916322472544
23.0 35913.110400000005 0.897377490919478
23.02 35913.16673866667 0.8977192562554196
23.04 35913.19610666667 0.897537970160374
23.06 35913.60821866667 0.8979660086535176
23.08 35913.44462933333 0.8979985048243425
23.1 35913.33808266667 0.898314387930053
23.12 35913.506607999996 0.8983952193707969
23.14 35913.74914933334 0.8983791451936671
23.16 35913.81721333333 0.89854690196395
23.18 35913.99270933334 0.8983284508388055
23.2 35913.76654133333 0.8983933617237965
23.22 35913.81049333333 0.8982471867498643
23.24 35913.76581333333 0.8982442319023795
23.26 35914.20103733333 0.8980593082944468
23.28 35914.1872 0.897809100119596
23.3 35914.138536 0.8976195248582738
23.32 35913.993768 0.8975526987646582
23.34 35913.898495999994 0.8974073874843567
23.36 35913.64502933333 0.8973736517408231
23.38 35913.53862666667 0.8973490718738135
23.4 35913.57596533334 0.8971982226477971
23.42 35913.34493866666 0.8972795946223006
23.44 35913.717224 0.897325767592959
23.46 35913.780031999995 0.8971898400857579
23.48 35913.787141333334 0.8971598444678958
23.5 35914.00571733333 0.8970411179510713
23.52 35914.06226666666 0.8972798964930574
23.54 35914.08398133334 0.8971537073314397
23.56 35913.91168266667 0.89725061155715
23.58 35913.712450666666 0.8968554473515434
23.6 35913.849061333334 0.8969955524347936
23.62 35913.762192 0.8971751102210683
23.64 35913.495650666664 0.8972456080435165
23.66 35913.62792266667 0.897573982820378
23.68 35913.508816 0.8974430964919389
23.7 35913.331130666666 0.897518192897809
23.72 35912.99464533333 0.8973834914468588
23.74 35913.28811733333 0.8972608873972606
23.76 35913.199872 0.8972376535295821
23.78 35913.287192 0.8975003105303883
23.8 35913.1612 0.8974084548106467
23.82 35913.339629333335 0.8973442117280525
23.84 35913.027597333334 0.8973015236711162
23.86 35913.19148533333 0.897260299033596
23.88 35913.98211733333 0.897556263605604
23.9 35914.25480533333 0.8976275779686624
23.92 35914.385773333335 0.8975621576809484
23.94 35914.42440533334 0.8977933870267615
23.96 35914.04100533333 0.8977172878566027
23.98 35914.058853333336 0.8979119254927094
24.0 35914.33696 0.8981383956418291
24.02 35914.228856 0.8980947052764476
24.04 35914.195311999996 0.8981647578056365
24.06 35914.315816 0.898000373389343
24.08 35914.20460533333 0.897917394265059
24.1 35914.005322666664 0.8979430397232037
24.12 35914.03622666666 0.89815654759608
24.14 35913.920024 0.8979754073709332
24.16 35913.855736 0.8979036860009593
24.18 35913.79476533333 0.8981680755074752
24.2 35913.859272 0.8977980591871462
24.22 35913.898890666664 0.8978615241142763
24.24 35913.74776 0.898181532939444
24.26 35913.73878666667 0.8978947321323428
24.28 35913.85007466667 0.8974897417515177
24.3 35913.50525066667 0.897570107097666
24.32 35913.760034666666 0.8972999065733434
24.34 35913.71878133333 0.8973513809840264
24.36 35913.67565866667 0.8971091080350997
24.38 35913.85753866666 0.8972227959880983
24.4 35913.77534666667 0.8969284945806091
24.42 35913.404552 0.8971265105706737
24.44 35913.457584 0.8976198495706621
24.46 35913.773618666666 0.8978202992246269
24.48 35913.65325333334 0.8981604934946406
24.5 35913.76140266667 0.8982400470375612
24.52 35913.81588 0.8981522064653081
24.54 35913.39893333333 0.898002139891394
24.56 35913.24052266667 0.898090152092774
24.58 35913.231616000005 0.8980691834822054
24.6 35913.11827466667 0.8979589054420903
24.62 35913.17678933333 0.8979204075754649
24.64 35913.227 0.8979879749817803
24.66 35912.92751733333 0.8980362526039397
24.68 35912.538336 0.8976029984387193
24.7 35912.936912000005 0.897508277138
24.72 35912.98697333333 0.8974809414351778
24.74 35913.23706133333 0.8978378552478494
24.76 35913.180656 0.8978123584339056
24.78 35913.45863466666 0.8978449608891739
24.8 35913.41189066667 0.89764138783067
24.82 35913.483018666666 0.8976931677054213
24.84 35913.012824000005 0.8975484122086815
24.86 35913.245664 0.8975341812546783
24.88 35912.779536 0.8980273200872592
24.9 35912.752576 0.8979310857468554
24.92 35912.71184266667 0.8980220682015836
24.94 35912.579639999996 0.8983094694353736
24.96 35912.463981333334 0.898281524410939
24.98 35912.441848 0.8981076831226291
25.0 35912.22238933333 0.8980263914791882
25.02 35912.04845333334 0.8982968292063286
25.04 35911.96989866666 0.8982871198072341
25.06 35912.28137333333 0.8983393930031347
25.08 35912.345984 0.8984735873032662
25.1 35912.632386666664 0.8985203131039943
25.12 35912.846981333336 0.8983608892583951
25.14 35912.742565333334 0.8983069337990787
25.16 35912.94294666666 0.8979390390033061
25.18 35912.9988 0.8977245210984544
25.2 35912.63961333333 0.8975535593004648
25.22 35912.80706933333 0.8973420748070775
25.24 35913.12757333333 0.8974807588762259
25.26 35913.115304 0.897729956957009
25.28 35912.811768 0.8976866613529447
25.3 35913.245144 0.8973945512395961
25.32 35913.538861333334 0.8971557768899077
25.34 35913.05325866667 0.8973195622394369
25.36 35912.92126933333 0.8973334767192094
25.38 35913.07945333333 0.8971090308145266
25.4 35913.23176533333 0.8970305880367117
25.42 35913.03558933333 0.8970409761881611
25.44 35913.47170933333 0.8969950875236379
25.46 35913.14534666667 0.8968226765622931
25.48 35913.564192000005 0.8969944652468443
25.5 35913.399544 0.8974484885969523
25.52 35913.317136 0.8974316209563961
25.54 35913.47949333333 0.8978859496107003
25.56 35913.912266666666 0.8980949817646293
25.58 35913.611896 0.8980770507027271
25.6 35913.81154133333 0.8980033769767156
25.62 35913.39670666667 0.8980052344976074
25.64 35913.125136 0.897926487594691
25.66 35913.174397333336 0.8979092199406641
25.68 35913.29198666666 0.8981387058142226
25.7 35912.924824 0.8977494426722028
25.72 35912.86449866666 0.8979776909405811
25.74 35912.87274133333 0.8980930501684858
25.76 35912.88418133333 0.897947781810546
25.78 35913.39026933334 0.89803523269291
25.8 35913.61417866667 0.898185073807506
25.82 35913.69021066667 0.8982788984063342
25.84 35914.16937333334 0.8979995015473811
25.86 35914.043677333335 0.8976844172716166
25.88 35913.960048 0.8980870391322037
25.9 35914.067509333334 0.8979294701283522
25.92 35913.97365066667 0.8980349373559163
25.94 35913.479042666666 0.8979848784501402
25.96 35913.74190666667 0.897868732481316
25.98 35913.780704000004 0.8976498386157411
26.0 35913.963919999995 0.8976205455050735
26.02 35914.00239466666 0.8975526054416484
26.04 35914.253696 0.8978171570749026
26.06 35914.03151466667 0.8979499080001093
26.08 35914.166552 0.897937259880499
26.1 35914.121024 0.897828107455854
26.12 35914.715189333336 0.8976118709957057
26.14 35914.72979733333 0.8975271123019322
26.16 35914.778016 0.8974621251283509
26.18 35914.503498666665 0.8977514120679104
26.2 35914.105573333334 0.8979958761573588
26.22 35914.22220266667 0.8977984609629287
26.24 35914.487464000005 0.8978357065462363
26.26 35914.108512 0.8977321461282148
26.28 35913.828496 0.8980843070273052
26.3 35914.07357333333 0.898076178884717
26.32 35913.900874666666 0.8981166144913444
26.34 35913.68388533333 0.8983003374891979
26.36 35913.41543466666 0.8984639155098115
26.38 35913.33893333333 0.8984445353563921
26.4 35913.629554666666 0.8985395403886433
26.42 35913.47507466667 0.8986674382607677
26.44 35913.23081866666 0.898380129881591
26.46 35913.36015733333 0.8984368305259202
26.48 35912.765512 0.8981613137792965
26.5 35912.665288000004 0.897878179717998
26.52 35912.62120533333 0.8978433209266571
26.54 35912.48739733333 0.8978484052690536
26.56 35911.98599466667 0.8977779454459337
26.58 35912.12538133333 0.8976042789480728
26.6 35911.93226933334 0.8973774228391717
26.62 35911.519768 0.8971973369491696
26.64 35911.682296 0.897151895574822
26.66 35911.785370666665 0.896905477682896
26.68 35911.550981333334 0.8969765805072102
26.7 35911.19526666666 0.8971448485837942
26.72 35911.250736 0.8971812029433381
26.74 35911.195261333334 0.897023221758955
26.76 35911.34617866667 0.8971162399794176
26.78 35911.7894 0.8971460638210816
26.8 35911.928832000005 0.8970323115460042
26.82 35912.19183733333 0.8972699028270881
26.84 35912.57541333333 0.897654094811455
26.86 35912.645562666665 0.8977979252082312
26.88 35912.583736 0.8978858852573529
26.9 35912.504279999994 0.8978983439622924
26.92 35912.744256 0.8979331381728954
26.94 35912.597792 0.8978505162461277
26.96 35912.36294666667 0.897587978607188
26.98 35912.270626666665 0.8977514587046311
27.0 35912.451466666666 0.8977655574581366
27.02 35912.282490666665 0.8978982028115879
27.04 35912.10354133333 0.8979555766675383
27.06 35912.305992 0.8976215213746733
27.08 35912.50036533333 0.897823272429619
27.1 35912.325906666665 0.8976154086747573
27.12 35912.534224 0.8978548825628991
27.14 35912.771010666664 0.8975969510705509
27.16 35912.74954133333 0.8975030274913007
27.18 35912.800930666664 0.8974156879598248
27.2 35913.267029333336 0.8974308947274359
27.22 35913.425136 0.8975479667338003
27.24 35913.33825866667 0.8974991832872875
27.26 35913.269122666665 0.8974848553531779
27.28 35913.33714933333 0.8976422429252101
27.3 35913.35362933333 0.8975008433760094
27.32 35913.28602133333 0.8972742098230835
27.34 35913.470085333334 0.897245631882112
27.36 35913.42842133333 0.8975732280032082
27.38 35913.567936 0.8971818979386801
27.4 35913.57986666667 0.8970586195590634
27.42 35913.602656 0.8968049486537506
27.44 35913.14357866667 0.8964601010381235
27.46 35912.899602666665 0.8963384287434366
27.48 35913.02630666667 0.896515948272338
27.5 35913.55582666666 0.8965322645966829
27.52 35913.83335466667 0.896292256105463
27.54 35913.65200266667 0.8961892115866523
27.56 35913.56567733333 0.8958249986058731
27.58 35913.830584 0.895981558823154
27.6 35913.71103466667 0.8960866244873632
27.62 35913.48989333333 0.8960570304845937
27.64 35913.48028533333 0.8965661015856261
27.66 35913.59192266667 0.8965603008073822
27.68 35913.618472 0.8968048254228564
27.7 35913.625997333336 0.896803660667479
27.72 35913.940136 0.8968807689500295
27.74 35913.85017866667 0.8969666210665218
27.76 35913.96893866667 0.8968747498939869
27.78 35913.633544 0.8967229428537994
27.8 35913.63180533333 0.8965015943041601
27.82 35913.83464 0.8965252939012945
27.84 35913.80139733333 0.8965731395263794
27.86 35913.663949333335 0.8966746304281394
27.88 35913.483530666665 0.8966718892259172
27.9 35913.498072 0.8964132248845967
27.92 35913.657632 0.896459832686865
27.94 35913.73102133333 0.8967554470238501
27.96 35913.940728 0.8968489021014463
27.98 35913.933496 0.8969804359609204
28.0 35913.74526933333 0.8971274508020572
28.02 35913.48968 0.8976277913246984
28.04 35913.27734933334 0.897959498424788
28.06 35912.87431466667 0.8977546242604688
28.08 35912.85213866667 0.8976528452782438
28.1 35912.82898933333 0.8977547369651371
28.12 35912.849850666666 0.8979670646711809
28.14 35913.44295733333 0.8981954886118828
28.16 35913.37423733334 0.8983437815476535
28.18 35913.403882666666 0.8983101930177568
28.2 35913.376648000005 0.8984494419819506
28.22 35913.45119733333 0.8985047772182321
28.24 35913.23169066667 0.898601339178513
28.26 35912.95724533333 0.8983012632268138
28.28 35912.57717333333 0.8983492177799108
28.3 35912.924528 0.8982871346099676
28.32 35912.789253333336 0.8980929446123356
28.34 35912.67419733333 0.89817348142103
28.36 35912.60916533333 0.8979062184711161
28.38 35912.42965333333 0.8976970996031485
28.4 35912.26839733333 0.897615891305899
28.42 35912.58270666667 0.8975488274530228
28.44 35912.02970666667 0.8973745278847103
28.46 35912.00913333333 0.8973165315723313
28.48 35911.859727999996 0.8976733727312388
28.5 35911.980752 0.8975289760254794
28.52 35911.916650666666 0.8977090928486282
28.54 35912.038552 0.8979854983643722
28.56 35911.77848266667 0.8980171719708446
28.58 35911.65372 0.8977451066205567
28.6 35911.523944 0.897497094302801
28.62 35911.47028 0.8977870633149644
28.64 35911.332621333335 0.897535073291796
28.66 35911.200992 0.8975224459969018
28.68 35911.16516533334 0.8974336484350243
28.7 35911.27482133333 0.8974428145357898
28.72 35911.063991999996 0.897432196697407
28.74 35911.046367999996 0.8973645103259394
28.76 35910.975632 0.8971798776879791
28.78 35911.08512266667 0.8970363194017061
28.8 35911.135522666664 0.8969565656149725
28.82 35910.91409333333 0.8967687060880387
28.84 35910.83952 0.8967650379109592
28.86 35911.031586666664 0.8967291454235325
28.88 35911.178426666665 0.8967751633456124
28.9 35911.176856 0.8968539168847579
28.92 35911.152856 0.8968456933783615
28.94 35910.83499466667 0.8964243386780836
28.96 35910.82124 0.8966101083791821
28.98 35911.247024 0.8969970449786062
29.0 35911.22232266667 0.8970056843324038
29.02 35911.5432 0.8972022256122709
29.04 35911.968173333335 0.8971933406086048
29.06 35912.282986666665 0.8972392381455473
29.08 35912.029056 0.8972165938097978
29.1 35912.155338666664 0.8971162409105005
29.12 35912.15257866667 0.8969819053895672
29.14 35912.082109333336 0.8972072628428784
29.16 35911.843848000004 0.8973542134359674
29.18 35911.45372266667 0.8973311212859539
29.2 35911.54091733333 0.8973408828225877
29.22 35911.415928 0.8971871027575345
29.24 35911.58819733333 0.8971740423904745
29.26 35911.65123466667 0.8968220289121823
29.28 35911.43197866667 0.8971199495026384
29.3 35911.36819466666 0.8971768988638801
29.32 35911.15680533333 0.8971497373655613
29.34 35911.2312 0.8972701301640525
29.36 35910.940085333335 0.897608825881378
29.38 35910.73721866667 0.8976282970743504
29.4 35910.93164266666 0.897695400978084
29.42 35911.05418133333 0.8977625100858014
29.44 35911.273978666664 0.8979478536301605
29.46 35911.064450666665 0.8981969529787133
29.48 35911.19136 0.8980222403133633
29.5 35911.08476533333 0.8979702589450148
29.52 35911.030656 0.8977889864312864
29.54 35911.01505066667 0.8980554422753735
29.56 35911.43033066667 0.8980105195376807
29.58 35911.912818666664 0.8980283634551822
29.6 35912.05428533333 0.897843362497277
29.62 35912.30697333333 0.8975525513083178
29.64 35912.38674933334 0.8974640502386018
29.66 35912.76918133334 0.8978025092629058
29.68 35912.648621333334 0.8979210894078367
29.7 35913.0946 0.8979854988360699
29.72 35912.98197866666 0.8979758995442122
29.74 35912.89948266666 0.8979401529063684
29.76 35912.72582666667 0.8979815506048037
29.78 35912.761448000005 0.8980594234051666
29.8 35912.69208533333 0.8978628974418339
29.82 35912.84836 0.8977091218119407
29.84 35912.751586666665 0.8973464820721933
29.86 35912.93509866667 0.8975710433502191
29.88 35912.71237333333 0.8977302241056128
29.9 35912.62202933333 0.8976255854325765
29.92 35912.945175999994 0.8976913436027875
29.94 35912.91412266667 0.8975470547215925
29.96 35912.83084266666 0.8975222316906474
