0.0 55999.27646933333 0.6765111906779865
0.02 64928.741153333336 0.6809755269457309
0.04 73677.34815466667 0.6848844120837796
0.06 82248.45162133333 0.6883016571834177
0.08 90645.87685066667 0.6911818742058211
0.1 98872.75400533334 0.6936924064394265
0.12 106932.73520266666 0.695949795453277
0.14 114828.86962933333 0.6978089397862502
0.16 122564.433352 0.6991796525763604
0.18 130142.93918666667 0.7001698845264162
0.2 137567.20214666668 0.7008206198017821
0.22 144840.38122933335 0.7011339382165905
0.24 151965.215524 0.7013329471298538
0.26 158945.028324 0.7012552717983196
0.28 165782.72706266667 0.7009404822583477
0.3 172480.73237733333 0.7003117166936191
0.32 179042.287824 0.6995384959810235
0.34 185469.592536 0.6985286255827365
0.36 191765.44504933333 0.6971991451784993
0.38 197932.85222266667 0.6958960951981696
0.4 203973.99462133335 0.6944310935752388
0.42 209891.78751333334 0.6927222621544263
0.44 215688.221148 0.6907603760457596
0.45 218541.702816 0.9754194504259622
0.47000000000000003 211714.416352 0.9732368550025082
0.49 205176.21355733334 0.9709244089351817
0.51 198912.71007733332 0.9682753976826042
0.53 192910.68536799995 0.9655386069095425
0.55 187157.812968 0.9629550102795862
0.5700000000000001 181642.05996266665 0.9602038340409561
0.5900000000000001 176351.65805333335 0.9582094027254258
0.61 171276.40034666666 0.955697073819518
0.63 166405.92573333334 0.9534896650561061
0.65 161731.07819733332 0.9510978336227944
0.67 157242.55215733335 0.9486626789591687
0.69 152932.67082133333 0.9461523283359576
0.71 148792.45328266668 0.9439256055594472
0.73 144813.888336 0.9419429375454701
0.75 140991.21504533332 0.9398184003399274
0.77 137316.93470933335 0.9375421580731107
0.79 133784.42445066667 0.9353282574762759
0.81 130387.072464 0.9332780792706845
0.8300000000000001 127120.05974133333 0.9313081697241137
0.8500000000000001 123976.83079733333 0.9294811837518947
0.87 120952.95439733332 0.927769144430655
0.89 118042.86811733333 0.9264388839026022
0.91 115242.28623466668 0.924745660201815
0.9299999999999999 112545.93738133335 0.9232145756086484
0.95 109949.96210933334 0.9218648850099199
0.97 107449.9104 0.9204870944585395
0.99 105042.03695733334 0.9195269559861482
1.01 102722.31446666668 0.9181075140822882
1.03 100487.35338133335 0.9169071259693067
1.05 98333.750208 0.915778150504242
1.07 96258.361216 0.9145546389012617
1.09 94258.07956266667 0.9135850875861743
1.11 92329.17738933334 0.9123196887518092
1.1300000000000001 90469.82193866668 0.9114610737015171
1.15 88676.74810933333 0.9102969536669336
1.17 86947.49063466667 0.9093368938457381
1.19 85279.44177599999 0.9086993027639058
1.21 83670.34700266668 0.9076276877197583
1.23 82118.26916266666 0.9070918454402853
1.25 80620.81416266668 0.9065955226325232
1.27 79175.555352 0.905538573687154
1.29 77780.96297866666 0.9046504570304381
1.31 76434.405624 0.9037986387592497
1.33 75134.72110666666 0.9031510392523283
1.35 73880.03001066667 0.9023169265591621
1.37 72668.58332533334 0.9018383462105127
1.39 71499.17928 0.9014625140540024
1.41 70369.52552 0.9012125702253063
1.43 69278.46369866666 0.9007528402593209
1.45 68224.74937333332 0.9002543503404484
1.47 67206.37672266667 0.8999878940329789
1.49 66222.98274133334 0.8997231262098887
1.51 65272.85379733333 0.8993479644016318
1.53 64354.448368 0.8993060357062377
1.55 63467.147096 0.8990091387247975
1.57 62609.442213333336 0.898540320614111
1.5899999999999999 61780.543677333335 0.8980244599655424
1.6099999999999999 60979.34428 0.8973933861078431
1.63 60204.59758933332 0.8971649755569031
1.65 59455.819293333334 0.8971970202722312
1.67 58731.58620533333 0.8974252377802736
1.69 58031.180642666666 0.8973493711845171
1.71 57354.34496266667 0.8973493468705562
1.73 56699.65617866667 0.8969112948815877
1.75 56066.37840533334 0.8965923175977125
1.77 55453.343752 0.8963215354557909
1.79 54860.67729333333 0.896339316594107
1.81 54287.525266666664 0.8961231287373317
1.8299999999999998 53732.76007999999 0.895680274196242
1.8499999999999999 53196.13457333333 0.8951926004867243
1.8699999999999999 52676.72032533333 0.8948674781559021
1.89 52174.099288 0.8949452232123527
1.91 51688.01551733333 0.8948942578917451
1.93 51217.39385333333 0.8947636170084933
1.95 50761.82284533333 0.8948923438147355
1.97 50320.70516 0.8950778967412143
1.99 49893.637418666665 0.8951661927547544
2.0100000000000002 49480.513768000004 0.8948805290703326
2.0300000000000002 49080.19914133333 0.894630022015226
2.0500000000000003 48692.801823999995 0.8945593912312242
2.0700000000000003 48318.13374666667 0.8948634214256681
2.09 47954.793781333334 0.894706666641639
2.11 47602.85078933333 0.8945019600020747
2.13 47262.281101333334 0.8949207074018992
2.15 46932.159136 0.8948177332687903
2.17 46612.71148533333 0.894934512363124
2.19 46303.09790666666 0.8949452841787727
2.21 46002.91921066666 0.8948661864653434
2.23 45712.45166933333 0.8945694126677485
2.25 45431.166448 0.8943397161014804
2.27 45158.516341333336 0.8940915078327102
2.29 44894.42164266667 0.8942221709964571
2.31 44638.196373333325 0.8940049120847391
2.33 44390.121874666664 0.8941896650480419
2.35 44149.38707733333 0.8940166399177072
2.37 43916.23857066667 0.8940009426095773
2.39 43690.031208 0.8939137587004474
2.41 43470.60224 0.8938441394411556
2.43 43258.353744 0.8937042882733482
2.45 43052.390512 0.8936555176061255
2.47 42852.68405066666 0.8937135528365384
2.49 42658.80492533333 0.893940096162276
2.5100000000000002 42470.94519466667 0.8942026841883497
2.5300000000000002 42289.21250133333 0.894096087978971
2.5500000000000003 42112.717008 0.8942176264952957
2.5700000000000003 41941.674602666666 0.8945276595591435
2.5900000000000003 41775.51924533333 0.8946015627223555
2.6100000000000003 41614.56611466667 0.8944949396799771
2.6300000000000003 41458.46873066667 0.8944905479839109
2.6500000000000004 41306.47544533333 0.89450762822566
2.6700000000000004 41158.89560266667 0.8944886117275106
2.6900000000000004 41016.09965066667 0.8943269846628413
2.71 40877.42044266666 0.8946074771063904
2.73 40742.705944 0.8944917420365338
2.75 40612.456986666664 0.8943647077881941
2.77 40485.92526933333 0.8943215975211193
2.79 40362.741391999996 0.8941359500030777
2.81 40243.715066666664 0.8940575734318006
2.83 40127.78019466667 0.8940332066136752
2.85 40015.499573333334 0.8942232145148593
2.87 39906.094432 0.8943852457777407
2.89 39800.39929866667 0.8946644777607405
2.91 39697.72874133333 0.894940018675767
2.93 39597.90326133333 0.8951628487473832
2.95 39500.72712533333 0.8953773649753545
2.97 39406.39422933333 0.8953879038504597
2.99 39315.17544 0.8953047211640648
3.0100000000000002 39226.25566933333 0.8952316527418098
3.0300000000000002 39140.05786666667 0.8947132580433486
3.0500000000000003 39056.255936 0.8947590728621251
3.0700000000000003 38974.884410666666 0.8948015653791104
3.0900000000000003 38895.96108 0.8948607626714671
3.1100000000000003 38819.06196000001 0.8946303212371783
3.1300000000000003 38744.569776 0.8943260215053397
3.1500000000000004 38672.343210666666 0.8943899827318019
3.1700000000000004 38602.01004533333 0.8946856073345731
3.1900000000000004 38533.75074666667 0.89470565204771
3.21 38466.965592 0.8948314272208253
3.23 38402.371794666666 0.8948885301000113
3.25 38339.31227733333 0.8951687486461659
3.27 38278.600232 0.895297230247767
3.29 38219.229349333335 0.8953192503654449
3.31 38161.172984000004 0.8954123490580276
3.33 38105.18433333334 0.8951372948520219
3.35 38050.631226666665 0.8952837173774743
3.37 37997.819626666664 0.8955698037968917
3.39 37945.98229066667 0.8956278504550106
3.41 37895.660917333335 0.8956158539131703
3.43 37846.54425866667 0.8958206162426692
3.45 37799.06549866666 0.8960253417971361
3.47 37752.970568000004 0.8956584687571472
3.49 37708.31638666666 0.8956603393763495
3.5100000000000002 37664.778904000006 0.8954618831872067
3.5300000000000002 37622.10875466667 0.8958187650491266
3.5500000000000003 37580.85386666667 0.895930430300558
3.5700000000000003 37540.420712 0.8960109799293843
3.5900000000000003 37500.98364266667 0.8961162352557294
3.6100000000000003 37462.728050666665 0.8963833109473007
3.6300000000000003 37425.50345599999 0.8959538068248522
3.6500000000000004 37389.46749066667 0.8956393398910589
3.6700000000000004 37354.32432 0.8955125931858673
3.6900000000000004 37319.856031999996 0.8956286557430148
3.71 37286.451645333334 0.8958518877299843
3.73 37254.365864 0.8958462233253083
3.75 37222.63611733333 0.8956946775311186
3.77 37192.231176 0.8959831739019684
3.79 37162.52307733333 0.8960855123882973
3.81 37132.979557333325 0.8958523784460188
3.83 37104.624296 0.8958409625926927
3.85 37076.879672 0.8961143543399435
3.87 37050.066408 0.896370083032168
3.89 37023.86324266666 0.8963832955770715
3.91 36998.36935733333 0.8962910933401801
3.93 36973.101050666664 0.896156576169321
3.95 36948.62052533333 0.8962246623907697
3.97 36924.85002133333 0.8961089207742498
3.99 36901.872736 0.895921321673424
4.01 36878.97612 0.8959125959464552
4.03 36857.02782133334 0.8960080134595583
4.05 36835.349992 0.8961890749852437
4.07 36814.48393333334 0.8961483229948585
4.09 36794.313976 0.8961928116219331
4.11 36774.36333333333 0.8963637469880377
4.13 36755.52063466667 0.8962095470775334
4.15 36736.690096 0.8960978170333488
4.17 36718.083221333334 0.8960365409882032
4.19 36700.21796 0.8962958342156684
4.21 36682.92328533333 0.896292808708038
4.2299999999999995 36665.854845333335 0.8960807803951152
4.25 36649.658853333334 0.8961887849896611
4.27 36633.48726133333 0.896285162389528
4.29 36617.58681866666 0.8962623021475419
4.31 36602.5764 0.8962258605329743
4.33 36587.753664 0.8964624784000048
4.35 36573.746608 0.8964823377483535
4.37 36559.47363466667 0.8965942272100416
4.39 36545.54852533333 0.8967941053465803
4.41 36531.90222133334 0.896683526308149
4.43 36518.705928 0.8965890373674337
4.45 36505.72676533333 0.8967609782083205
4.47 36492.99467466667 0.8966227340940066
4.49 36480.55893866667 0.8965690754474139
4.51 36468.525672 0.8968795803569939
4.53 36456.867992 0.8969330599758688
4.55 36445.778536 0.897186744142445
4.57 36434.504071999996 0.8975253179882469
4.59 36423.18914666667 0.8974712830666488
4.61 36412.63988266667 0.8972854804815312
4.63 36402.210504 0.8970297193429044
4.65 36392.151912 0.8973244884465539
4.67 36382.211165333334 0.8974062152066018
4.69 36372.394221333336 0.8976398469406959
4.71 36362.886002666666 0.897724728178283
4.73 36353.61735466667 0.8976494472720756
4.75 36344.79665866666 0.8977703319541556
4.7700000000000005 36335.494152 0.897592414499761
4.79 36326.54214666667 0.8972678578771262
4.8100000000000005 36318.022679999995 0.8972073017666993
4.83 36309.88622933333 0.897391098942809
4.8500000000000005 36301.877296 0.8974565511512819
4.87 36293.950765333335 0.8974892338880716
4.890000000000001 36286.063303999996 0.8974222414389483
4.91 36278.478424 0.8974609189041935
4.930000000000001 36271.164816000004 0.8972092860779757
4.95 36263.82285333333 0.8971505630708132
4.97 36256.55246399999 0.8973286332985715
4.99 36250.27574133333 0.8975294905766158
5.01 36243.67190666667 0.8974728725418273
5.03 36237.595992 0.8974644383123964
5.05 36231.44554933333 0.8974011007759612
5.07 36224.805669333335 0.8971312180079626
5.09 36218.40124533333 0.8968418331418526
5.11 36212.38366933333 0.8968758724432568
5.13 36206.335224 0.8968643560736781
5.15 36200.25116 0.8972287365051673
5.17 36194.683106666664 0.8972018149014982
5.19 36189.10292533333 0.8968380206685308
5.21 36183.93551733333 0.8965769955349104
5.23 36178.93756 0.8963400103629384
5.25 36174.205480000004 0.8965033154638502
5.2700000000000005 36169.46031466666 0.896365383954623
5.29 36164.538834666666 0.8963285936288283
5.3100000000000005 36159.58794133333 0.8963474741419337
5.33 36155.02417066667 0.8966391398158506
5.3500000000000005 36150.20612533332 0.8969190001830575
5.37 36145.86624533334 0.8967573528496189
5.390000000000001 36141.31381333333 0.8967602648305655
5.41 36137.121136 0.897071263800711
5.430000000000001 36132.77655466666 0.8971612321473859
5.45 36128.70613066667 0.8972401710008641
5.47 36124.71387733333 0.8972173582365146
5.49 36120.62480533333 0.8971877361961166
5.51 36116.863624000005 0.8971264666520838
5.53 36113.07317066666 0.8972852796165779
5.55 36109.33670133333 0.8970591401975293
5.57 36105.637408 0.8968682884673416
5.59 36102.223845333334 0.8966533332506169
5.61 36098.377274666665 0.8969908626249999
5.63 36095.22170133333 0.8967069371634179
5.65 36092.012191999995 0.8963820660139645
5.67 36088.971703999996 0.8961828130574534
5.69 36085.95874133333 0.8961505558322209
5.71 36082.949914666664 0.8958406576603587
5.73 36080.19776533333 0.8961089022062672
5.75 36077.333061333324 0.896375731543928
5.7700000000000005 36074.312626666666 0.8966880779324925
5.79 36071.86441066666 0.8966824356952022
5.8100000000000005 36068.98395733333 0.8970198504684694
5.83 36066.128434666665 0.8974024166049673
5.8500000000000005 36063.65482933333 0.8973464853394855
5.87 36060.50190666667 0.8972547452003168
5.890000000000001 36058.08905066666 0.8971159469178437
5.91 36055.225106666665 0.8973010916108873
5.930000000000001 36052.396776 0.897303112922936
5.95 36050.102528 0.8975016905089396
5.97 36047.993768 0.8976539674183475
5.99 36045.47528533333 0.8972260684604088
6.01 36043.31229066667 0.8971488138336227
6.03 36040.97146666667 0.8970149536407994
6.05 36038.64731466667 0.8970544943795912
6.07 36035.900674666664 0.8972192810475276
6.09 36033.93082133333 0.8974004875468519
6.11 36031.80948533333 0.8976091885325771
6.13 36029.347896 0.8976035254743385
6.15 36027.529168 0.8974029191207366
6.17 36025.48195733334 0.8975185466548354
6.19 36023.361008 0.897420260366247
6.21 36021.41536 0.8973073142483269
6.23 36019.30469866667 0.8972164560294478
6.25 36017.783392 0.897234018394949
6.2700000000000005 36015.839095999996 0.8971596465402307
6.29 36014.286928 0.8970521580907646
6.3100000000000005 36012.520816000004 0.8971375343350189
6.33 36010.861008 0.8973260460079991
6.3500000000000005 36009.13535733333 0.8978613577623998
6.37 36007.604968 0.8976897886351247
6.390000000000001 36005.815984 0.8977465181516472
6.41 36004.02982933333 0.8975791944998556
6.430000000000001 36002.63269866667 0.8975207624004784
6.45 36000.97812266667 0.8975588695076694
6.47 35999.226048 0.8977132932428397
6.49 35997.75264 0.8978874866346044
6.51 35996.356514666666 0.898033686577252
6.53 35995.064490666664 0.8979284329963808
6.55 35993.66812533334 0.8978725566959721
6.57 35992.16393333333 0.8977469354278168
6.59 35990.91308533333 0.8978658843621498
6.61 35989.92179466666 0.8977303703479229
6.63 35988.61494666667 0.8975006919274472
6.65 35987.52740266667 0.8972576510235897
6.67 35985.87725333333 0.8973995289784428
6.69 35984.55599733333 0.8977499897464982
6.71 35983.53805066667 0.897612071631737
6.73 35981.658469333335 0.8975996039713439
6.75 35980.71821866667 0.8976620764095559
6.7700000000000005 35979.41361866667 0.8976568152465753
6.79 35978.39638666667 0.8980108669890459
6.8100000000000005 35977.331424 0.8976764217567623
6.83 35976.264784 0.8976726631957785
6.8500000000000005 35975.28300533333 0.8977939168578211
6.87 35974.196026666665 0.8979196357633011
6.890000000000001 35973.45719733334 0.8977519968842967
6.91 35972.81515466666 0.8975684455103103
6.930000000000001 35971.84336266667 0.8975949706303602
6.95 35971.13773066667 0.8973637506756322
6.97 35969.96870666667 0.8973124193127648
6.99 35969.088586666665 0.8971028153966268
7.01 35968.33574933333 0.8972683902771174
7.03 35967.74216533333 0.897161732134006
7.05 35966.99275733333 0.8969656899760592
7.07 35966.11630666666 0.8969228274117149
7.09 35965.66746133333 0.8972903483866616
7.11 35964.837128 0.8972007062099134
7.13 35963.82062666667 0.8972936054783299
7.15 35962.877904 0.8975132081973128
7.17 35962.161080000005 0.8975675138233171
7.19 35961.357504 0.8975337748252427
7.21 35960.26950933333 0.8975415397174072
7.23 35959.59333066667 0.8972613098555512
7.25 35958.60536 0.8973606907139996
7.2700000000000005 35958.27882133333 0.8973302987894171
7.29 35957.784933333336 0.897264960820017
7.3100000000000005 35957.04552266667 0.8970936424163918
7.33 35956.18466133333 0.8973541085766197
7.3500000000000005 35955.597864 0.8974013919326324
7.37 35954.88245333334 0.8975502877485745
7.390000000000001 35954.17190666667 0.8974320584731622
7.41 35953.484688 0.8973595684728926
7.430000000000001 35953.070792 0.8975489450018239
7.45 35952.407349333334 0.8974742217041348
7.47 35951.898856 0.8971173640183187
7.49 35951.405360000004 0.8969642414130967
7.51 35950.68824533333 0.897085363926505
7.53 35950.172999999995 0.8971764471300679
7.55 35949.57990933333 0.8971050129866093
7.57 35948.73809866667 0.8970848315114124
7.59 35948.583053333336 0.8969268487385982
7.61 35948.169266666664 0.896749189174045
7.63 35947.664002666665 0.8966771176896116
7.65 35946.87425866666 0.8969384182601668
7.67 35946.021378666665 0.8973994145261383
7.69 35945.646453333335 0.8974900239200431
7.71 35945.04910933333 0.897472048491826
7.73 35944.359344 0.8978110430258904
7.75 35944.27797333333 0.8975619992410242
7.7700000000000005 35944.161005333335 0.8973452331765007
7.79 35943.585399999996 0.8971585951477644
7.8100000000000005 35943.180442666664 0.8971782885036078
7.83 35942.65654933333 0.8973709332088918
7.8500000000000005 35942.334367999996 0.8975627991706846
7.87 35941.625432 0.8975401654624989
7.890000000000001 35941.129978666664 0.8976971494843579
7.91 35940.329544 0.8977574005189963
7.930000000000001 35939.59592 0.8975962082975114
7.95 35939.217552 0.8977645501125392
7.97 35938.46378400001 0.8979506122454392
7.99 35938.323026666665 0.8981456994231846
8.01 35937.96421866667 0.8979359726909434
8.03 35936.94669333333 0.897706188467051
8.049999999999999 35936.51396533333 0.8977160494495489
8.07 35935.88124533334 0.8973747814210754
8.09 35935.745512 0.8976041698057587
8.11 35935.30476266667 0.8975996173669032
8.129999999999999 35935.043544 0.8975795028614164
8.15 35935.053424 0.8976362415772404
8.17 35934.930250666665 0.8973960255371685
8.19 35934.139352 0.8971365693040096
8.209999999999999 35933.625784 0.8969695525464485
8.23 35933.848864 0.8969687002742254
8.25 35933.675056 0.8970086109582178
8.27 35933.0598 0.8970623577869955
8.29 35932.769704000006 0.8968729102513314
8.31 35932.90266933333 0.8967418042903418
8.33 35932.809618666666 0.8967839241781497
8.35 35932.45891733334 0.8969551030749727
8.37 35932.078826666664 0.8965907769946058
8.39 35931.88995733333 0.8965262850873204
8.41 35931.171288 0.8961121489731255
8.43 35931.14918666666 0.8962429083042283
8.45 35930.86 0.8965743328389063
8.469999999999999 35930.39081333333 0.8962154977075878
8.489999999999998 35930.095914666665 0.8963626486603531
8.51 35929.740933333334 0.8963010888946387
8.53 35929.497978666666 0.8965041681960335
8.549999999999999 35929.56863733333 0.897117637722833
8.569999999999999 35929.24285066667 0.8974571426504842
8.59 35928.80014666666 0.8973789162761794
8.61 35928.850344000006 0.8972622575529897
8.629999999999999 35928.97679466667 0.8973173696469974
8.649999999999999 35928.87793066667 0.8974345989558951
8.67 35928.99892533333 0.8973705528391679
8.69 35928.58105866666 0.8972572610863403
8.709999999999999 35928.721002666665 0.897135943114864
8.729999999999999 35928.374511999995 0.8972632304242205
8.75 35928.13205066667 0.8975028658900667
8.77 35927.826250666665 0.8972866704378484
8.79 35927.42050933333 0.8972759418131075
8.809999999999999 35927.22946933333 0.8972447602394497
8.83 35926.735552 0.8971647605199308
8.85 35926.594317333336 0.897198251585403
8.87 35926.10870933333 0.8973593594884046
8.889999999999999 35925.87858133334 0.8973724328292226
8.91 35925.921816 0.8971638137486757
8.93 35925.59754933333 0.8969365925159068
8.95 35925.446906666664 0.8967810605697003
8.969999999999999 35925.27105066666 0.8966094656366591
8.989999999999998 35925.461616 0.8966349382650202
9.01 35925.470152 0.896615360012152
9.03 35925.09636533333 0.8966004474067064
9.049999999999999 35924.53299199999 0.8969487671474
9.069999999999999 35924.01782666666 0.8968977367775895
9.09 35923.886970666674 0.8969630629258609
9.11 35923.746805333336 0.897031513854392
9.129999999999999 35923.41053333333 0.8972356128483118
9.149999999999999 35923.54882933333 0.8973569831347621
9.17 35923.434496 0.897113080965297
9.19 35923.249056 0.8972862999509791
9.209999999999999 35923.024448 0.8975421946770481
9.229999999999999 35922.92807733333 0.8976865570135635
9.25 35922.74900533333 0.8978352993337898
9.27 35922.86792533333 0.8978155017765402
9.29 35922.92651466667 0.8979126110605835
9.309999999999999 35922.864821333336 0.8976233853288756
9.33 35923.13135733333 0.8975397328992877
9.35 35922.96541066667 0.8972251423625663
9.37 35922.52534933333 0.8971215191541876
9.389999999999999 35922.359317333336 0.896585529169469
9.41 35921.85121066667 0.8963785230894094
9.43 35921.486752 0.8963781778958927
9.45 35921.47912533333 0.8962767424836389
9.469999999999999 35921.72648533333 0.8960479134518591
9.489999999999998 35921.227666666666 0.8961307214406073
9.51 35920.840832 0.8964294741249063
9.53 35920.824058666665 0.8963958143738654
9.549999999999999 35920.294856 0.8963091214922749
9.569999999999999 35920.32164266666 0.8962852125003931
9.59 35920.132245333334 0.8962711829077734
9.61 35920.10830666666 0.8963312213467649
9.629999999999999 35920.06952266667 0.8966188709764056
9.649999999999999 35919.95853066667 0.896792507365629
9.67 35919.678872000004 0.8967145578507081
9.69 35919.524728000004 0.8968522511060139
9.709999999999999 35919.527888 0.8970698038389512
9.729999999999999 35919.63952533333 0.897183195476269
9.75 35919.679050666666 0.8970769213514489
9.77 35919.74249066667 0.8974227617770977
9.79 35919.79471733334 0.8975077511776174
9.809999999999999 35919.788912 0.8971605155359583
9.83 35919.75137866667 0.8967880048769228
9.85 35919.478144 0.8968295058593853
9.87 35919.535917333335 0.8967566584022698
9.889999999999999 35919.23126666667 0.8968704036413516
9.91 35919.08746933333 0.8971374838537299
9.93 35918.68933066667 0.8973548968710089
9.95 35919.16874666666 0.8975320207795092
9.969999999999999 35919.114976 0.8974981844606493
9.989999999999998 35918.92244266666 0.8975351811236387
10.01 35918.824389333335 0.897269618439763
10.03 35919.08308 0.8973921497250185
10.049999999999999 35918.676552000004 0.8975353245360098
10.069999999999999 35918.84096 0.897527534982235
10.09 35919.082034666666 0.8976649172238111
10.11 35918.824021333334 0.897872139366161
10.129999999999999 35918.78537866667 0.8976292981273261
10.149999999999999 35918.77853066666 0.8973805048458625
10.17 35919.04976 0.8970169434733477
10.19 35918.89596266666 0.897006633879399
10.209999999999999 35918.885608 0.8971311990113434
10.229999999999999 35918.51204533334 0.8973937218376777
10.25 35918.514424 0.8973294366492559
10.27 35918.17213866666 0.8970557997722675
10.29 35918.428501333336 0.8970316897357125
10.309999999999999 35918.31885333333 0.8971571702951446
10.33 35918.334 0.8975764754382719
10.35 35918.12589333333 0.8977099094525145
10.37 35917.863368000006 0.8978911429824781
10.389999999999999 35917.81930133334 0.8978785442019023
10.41 35917.77156266667 0.8976688067775404
10.43 35917.56885066666 0.897645464768398
10.45 35917.64447466667 0.8975674285607547
10.469999999999999 35917.787306666665 0.8977668023658522
10.489999999999998 35917.76981333333 0.8978401490124115
10.51 35917.504304 0.8977793915590633
10.53 35917.40433066667 0.8975781146082911
10.549999999999999 35917.11612 0.8974978940676221
10.569999999999999 35917.301117333336 0.8974318601293638
10.59 35917.57186133333 0.89752753050277
10.61 35917.475018666664 0.8973039637702839
10.629999999999999 35917.59238666666 0.8974168407158258
10.649999999999999 35917.83845333333 0.8974143252669529
10.67 35917.48808 0.8974531553993772
10.69 35917.271698666664 0.8972275328000372
10.709999999999999 35917.45348 0.8973340050624187
10.729999999999999 35917.47813066667 0.8974411243160804
10.75 35917.59991733333 0.8972756541783197
10.77 35917.899717333334 0.8971602058595651
10.79 35917.884128000005 0.8969805610615239
10.809999999999999 35917.891842666664 0.8968925958754624
10.83 35917.782600000006 0.8970489732951791
10.85 35917.60454666667 0.8969401661865817
10.87 35917.391856 0.8967230685238095
10.889999999999999 35917.285552 0.8968021688369312
10.91 35917.15449866667 0.8968125296234913
10.93 35916.87116266666 0.8968578243978085
10.95 35916.64869066667 0.8971479915632472
10.969999999999999 35916.78042933333 0.8971945858697884
10.989999999999998 35916.968032000004 0.8970278680232987
11.01 35916.811314666666 0.8971078398800638
11.03 35916.579096 0.8973099178338504
11.049999999999999 35916.81084533333 0.8974043237182955
11.069999999999999 35916.74675466667 0.8974657525141985
11.09 35916.50144533333 0.8975735200715583
11.11 35916.442586666664 0.8977076317689603
11.129999999999999 35916.393656 0.8976957234561591
11.149999999999999 35916.699984 0.8979376457625048
11.17 35916.755168 0.8979737034069498
11.19 35916.86051466667 0.8979738517552704
11.209999999999999 35916.63056799999 0.8980955062572689
11.229999999999999 35916.60201066667 0.8979649743811251
11.25 35916.64809066667 0.8974920161202629
11.27 35916.40653866666 0.8976305701798065
11.29 35916.18729866667 0.8977941959256747
11.309999999999999 35915.88911733333 0.8979293379374274
11.33 35915.40342933333 0.8980591331915754
11.35 35915.177056 0.8982261366146038
11.37 35915.17171733333 0.8981798210098527
11.389999999999999 35915.36677066667 0.8982673822512478
11.41 35915.18522666667 0.8984257980336289
11.43 35915.32950933333 0.898387012461617
11.45 35915.447736 0.8986472553859942
11.469999999999999 35915.47642133333 0.8988098255740448
11.489999999999998 35915.194930666665 0.8988980831181885
11.51 35915.142834666665 0.8987549087549754
11.53 35915.170472 0.8987857421732952
11.549999999999999 35915.318648 0.8987509165704709
11.569999999999999 35915.31314133333 0.898605159282388
11.59 35915.3206 0.8986952038470393
11.61 35915.158968 0.8987102665296396
11.629999999999999 35915.30636533333 0.8988162753358783
11.649999999999999 35915.291410666665 0.8988606263071715
11.67 35915.010576 0.8990713025928229
11.69 35915.158992 0.8990558082436501
11.709999999999999 35915.53606133333 0.8987847766639571
11.729999999999999 35915.702984 0.8987957653680401
11.75 35915.75653866667 0.8985843446199129
11.77 35915.19720266666 0.8985411417232828
11.79 35915.004192 0.8985782071341735
11.809999999999999 35915.206245333335 0.8982835106535372
11.83 35915.223408 0.8982311942066418
11.85 35914.721434666666 0.8980746441216627
11.87 35914.581208 0.8981854654085598
11.889999999999999 35914.408408 0.8980877032052293
11.91 35914.514749333335 0.8980628357525582
11.93 35914.91789333333 0.8978271888241237
11.95 35914.672055999996 0.8976333749133126
11.969999999999999 35914.72785066666 0.8976859873428839
11.989999999999998 35914.597749333334 0.8979067250413658
12.01 35914.836264 0.8978517925814823
12.03 35914.764253333335 0.8978439903635644
12.049999999999999 35914.935986666664 0.8979521834131794
12.069999999999999 35914.73246133333 0.8978845753978258
12.09 35914.30228533333 0.8979404977011772
12.11 35914.141856 0.8976391565328606
12.129999999999999 35913.864408 0.8976763666550036
12.149999999999999 35913.873858666666 0.8976559608053791
12.17 35913.55789333333 0.8974337561769757
12.19 35913.053296 0.8975551892018586
12.209999999999999 35913.152493333335 0.8975445468332984
12.229999999999999 35913.24068266667 0.8972558558721222
12.25 35913.142648 0.8974135999800684
12.27 35913.12478666667 0.8973484805322759
12.29 35913.313528 0.897256718642305
12.309999999999999 35913.409415999995 0.897375543288904
12.33 35913.62090933333 0.897523348660294
12.35 35913.71085866667 0.8977711468956385
12.37 35913.79149066667 0.8976474079712408
12.389999999999999 35913.90185333334 0.8978614852438218
12.41 35914.165797333335 0.8977675534903969
12.43 35914.447159999996 0.8977370808276248
12.45 35914.213376 0.897760340981367
12.469999999999999 35913.97290933333 0.8978235339950676
12.489999999999998 35913.75912266667 0.8978811883032525
12.51 35913.513093333335 0.8979250318300389
12.53 35913.46505333333 0.8977472703605593
12.549999999999999 35913.306943999996 0.8976731773511804
12.569999999999999 35913.58680266667 0.8974751392029419
12.59 35913.557632 0.8975415579758984
12.61 35913.25118133334 0.8978899573001876
12.629999999999999 35912.998461333336 0.8980807228686163
12.649999999999999 35912.76504 0.8979867980822497
12.67 35912.472896 0.8979508988264235
12.69 35912.44486933333 0.8980122982058028
12.709999999999999 35912.572352 0.8980924467228444
12.729999999999999 35912.377936000004 0.8981264492899651
12.75 35912.43969866667 0.8980587054874338
12.77 35912.88569066666 0.8980703562916088
12.79 35912.913152 0.8981017731617232
12.809999999999999 35912.99998933333 0.8979114828654171
12.83 35912.85230133333 0.8977793003711985
12.85 35912.82346133333 0.8974808726556732
12.87 35912.93746933334 0.8971206897036018
12.889999999999999 35912.66946133334 0.897067097167647
12.91 35912.880130666665 0.8971464671500534
12.93 35912.98852266667 0.8972131533521042
12.95 35912.90181333333 0.8973438880363948
12.969999999999999 35912.46812 0.8974428206511891
12.989999999999998 35912.20046666666 0.8976079387728825
13.01 35912.31268 0.8978731876191867
13.03 35912.20550933333 0.8980132452571236
13.049999999999999 35912.65169333333 0.8985280004635597
13.069999999999999 35912.816538666666 0.8982224504174172
13.09 35913.336178666665 0.8981981977697397
13.11 35913.56976533333 0.8979034629102451
13.129999999999999 35913.63474133333 0.8977656752351347
13.149999999999999 35913.915064 0.8978581932484208
13.17 35913.92907466667 0.897970366588541
13.19 35913.81105333334 0.8978917913115201
13.209999999999999 35913.441976 0.8978026400725071
13.229999999999999 35913.707277333335 0.8979246686129178
13.25 35913.781989333336 0.8974492419939339
13.27 35913.558370666666 0.8973739693232193
13.29 35913.61241866667 0.897532901353911
13.309999999999999 35913.80167466667 0.8974163758701522
13.33 35913.897714666666 0.8973108315581796
13.35 35913.903936 0.8975022451260843
13.37 35913.719383999996 0.8973969182122075
13.389999999999999 35913.764597333335 0.8976771837311593
13.41 35913.79138933333 0.8975020331077947
13.43 35913.828517333335 0.8976555251247692
13.45 35913.823125333336 0.8976525849984807
13.469999999999999 35913.758407999994 0.8973978163328437
13.489999999999998 35913.658104 0.8975806803371694
13.51 35914.061816 0.8973938750139817
13.53 35913.89693066667 0.8976159462005454
13.549999999999999 35913.807992 0.8977332910060202
13.569999999999999 35913.886136 0.8977968573244731
13.59 35913.957365333335 0.8976942798010473
13.61 35914.12337066667 0.8978000909729752
13.629999999999999 35914.00215466667 0.8975366517802426
13.649999999999999 35914.256237333335 0.8973696589318341
13.67 35913.904536 0.8972257836278134
13.69 35913.84864 0.8975036574418486
13.709999999999999 35913.702783999994 0.8975943440687556
13.729999999999999 35913.82964533333 0.8974394719124796
13.75 35913.596026666666 0.8973660350968127
13.77 35913.827056 0.89737189993305
13.79 35913.883536 0.8976387549867603
13.809999999999999 35913.75557866666 0.8976140148943708
13.83 35913.798344 0.8976462478864621
13.85 35913.389752 0.8978156516883697
13.87 35913.10226133333 0.8979708673674238
13.889999999999999 35912.91883733333 0.898330829741326
13.91 35912.95770666667 0.8982001190554211
13.93 35913.11652266666 0.8981406609315321
13.95 35913.139160000006 0.8979722144158997
13.969999999999999 35912.768168 0.897984426717281
13.989999999999998 35912.802981333334 0.8979333235349881
14.01 35912.70538133333 0.897860005607274
14.03 35912.75964266667 0.8977914147915699
14.049999999999999 35913.029581333336 0.8978814000233089
14.069999999999999 35912.605952 0.8976974966783697
14.09 35912.75719733333 0.8974971034772204
14.11 35912.60818133333 0.8976145303148167
14.129999999999999 35912.289976 0.8977539226038789
14.149999999999999 35912.14570933333 0.8978939225396687
14.17 35912.162626666664 0.8979937342081591
14.19 35912.36521333334 0.8977819898730537
14.209999999999999 35912.657888 0.8979812806616259
14.229999999999999 35912.736842666665 0.8981295302282458
14.25 35912.53013866667 0.8981462022137636
14.27 35912.570733333334 0.8981957383807787
14.29 35912.50978933333 0.8979907769691182
14.309999999999999 35912.41090133334 0.8979173970502944
14.33 35912.36740533333 0.8979076716987315
14.35 35912.77485866667 0.8976643092997363
14.37 35912.58572266667 0.8976324924610037
14.389999999999999 35912.811746666666 0.8975947900696848
14.41 35912.529752 0.8978083642015451
14.43 35912.08626133333 0.8979997796830417
14.45 35912.14387466667 0.8977595789626199
14.469999999999999 35912.163237333334 0.8978295310895102
14.489999999999998 35912.15082933333 0.8979001052606085
14.51 35912.07829333333 0.8978536155805741
14.53 35911.84655733334 0.8978196619801151
14.549999999999999 35911.767848 0.8979722737935967
14.569999999999999 35911.683304 0.8978242906791957
14.59 35911.767973333335 0.8977345244754052
14.61 35911.90904 0.8976949855054931
14.629999999999999 35911.97870933333 0.8974688214166964
14.649999999999999 35912.212696 0.8974022360501908
14.67 35912.37488 0.897567606184454
14.69 35912.41696 0.8977123965425666
14.709999999999999 35912.488637333336 0.8977119171764797
14.729999999999999 35912.34736 0.8978416609635933
14.75 35912.393546666666 0.89768652586218
14.77 35912.303069333335 0.8976694908827497
14.79 35912.142984000006 0.8976354608644449
14.809999999999999 35911.94039466667 0.8976003080150552
14.83 35911.99685066666 0.8976113628645961
14.85 35912.281896 0.8978344815240332
14.87 35912.117082666664 0.8977060329753893
14.889999999999999 35912.48068 0.8975410972816898
14.91 35912.421063999995 0.897763677812883
14.93 35912.45960266667 0.8980843825511852
14.95 35912.39584 0.8979996228711412
14.969999999999999 35912.41185066667 0.897842835551578
14.989999999999998 35911.710584 0.8977419847095889
15.01 35912.00758666667 0.8978293099236413
15.03 35912.353242666664 0.8978303992509247
15.049999999999999 35912.27970133333 0.8977049143653302
15.069999999999999 35912.100984000004 0.8975985871205447
15.09 35912.318856 0.8975193007496669
15.11 35912.438786666666 0.8976793491329651
15.129999999999999 35912.65120266667 0.8976907325720062
15.149999999999999 35912.59057066667 0.8975802882707293
15.17 35912.51406666667 0.8976934503455452
15.19 35912.12799733333 0.8976959254974993
15.209999999999999 35911.98850666666 0.8975191315002327
15.229999999999999 35911.923991999996 0.8977474131109765
15.25 35911.85623733333 0.8979952520309329
15.27 35911.80036266666 0.8980050578134605
15.29 35911.699541333335 0.8980132666822165
15.309999999999999 35911.853037333334 0.8981969877582197
15.33 35911.895264 0.898431221581111
15.35 35911.90975733333 0.8986202565297804
15.37 35911.922245333335 0.89859570701536
15.389999999999999 35912.142783999996 0.8986882853868107
15.41 35911.95242933333 0.8987148481185709
15.43 35912.065189333334 0.8985533445757271
15.45 35912.134504 0.8988824550127327
15.469999999999999 35912.26896533334 0.8987598949355172
15.489999999999998 35912.59311466667 0.8986947254095131
15.51 35912.67364 0.8987362986383796
15.53 35912.64143733334 0.8984771785647301
15.549999999999999 35912.843712 0.8981410973166875
15.569999999999999 35912.83200533333 0.8980639418510686
15.59 35912.78210933333 0.8981010994569087
15.61 35912.876480000006 0.8979105417332018
15.629999999999999 35912.878888 0.8977654292036884
15.649999999999999 35912.874192 0.8980417033037863
15.67 35913.09216266667 0.8980079041028178
15.69 35912.87133333333 0.8975759410281338
15.709999999999999 35912.83596 0.8978162823934568
15.729999999999999 35912.783744 0.8980644460906748
15.75 35912.791184 0.8980120571515733
15.77 35912.59628533333 0.8980770480788406
15.79 35912.55082133334 0.8981327129094063
15.809999999999999 35912.758685333334 0.8978867634837687
15.83 35912.67379733334 0.897773300227379
15.85 35912.291840000005 0.897864647610617
15.87 35912.031632 0.8977220978499143
15.889999999999999 35911.81324533334 0.8977148614453929
15.91 35911.896944 0.8976951922534481
15.93 35911.98356 0.8978849720078199
15.95 35911.83632 0.8981468260902228
15.969999999999999 35911.671330666664 0.8980721263623879
15.989999999999998 35911.627424 0.8980141460206794
16.01 35911.585018666665 0.8978933407126453
16.03 35911.570730666666 0.8981194387118514
16.05 35911.731733333334 0.8977734567484082
16.07 35911.961712000004 0.8978147518017011
16.09 35912.156367999996 0.8975861843469515
16.11 35912.47628266667 0.8975693044815869
16.13 35912.48310133333 0.8975986200876137
16.15 35912.093472 0.897675558821211
16.17 35912.05938399999 0.8977612789902332
16.19 35912.33149866667 0.897553287794059
16.21 35912.502496 0.8976840790356951
16.23 35912.580704 0.8976732723974631
16.25 35912.57160266666 0.897489256730209
16.27 35912.720213333334 0.8975257085950179
16.29 35912.893984 0.8977007019017068
16.31 35912.73806133334 0.8974925959462224
16.330000000000002 35912.89014133334 0.8977112320142169
16.35 35913.170576000004 0.8975378030871125
16.37 35913.130359999996 0.8975750737859622
16.39 35912.93256266667 0.8975829640860039
16.41 35912.943530666664 0.8974736014985903
16.43 35912.967103999996 0.8976991092366675
16.45 35913.03655466667 0.8972727418196981
16.47 35913.233237333334 0.897337409727719
16.49 35913.209816 0.897605541588125
16.509999999999998 35913.172157333334 0.8973681338207702
16.529999999999998 35912.93967466667 0.8973159754838028
16.55 35913.24297866667 0.8974679733667078
16.57 35913.217952000006 0.89740924075385
16.59 35912.98166666667 0.8974341422652415
16.61 35912.97030666667 0.8977952606136644
16.63 35912.951658666665 0.8980880597106953
16.65 35912.92293866667 0.8981580421458604
16.669999999999998 35912.688533333334 0.8982460786878597
16.689999999999998 35912.65856533333 0.8982841316197606
16.71 35912.71753333333 0.898274955451852
16.73 35912.55636 0.8983171717130665
16.75 35911.992512 0.898466439367803
16.77 35912.03247466667 0.8979041149374818
16.79 35912.17291733333 0.8979537701124692
16.81 35912.41199466666 0.8980074376824472
16.83 35911.93115733334 0.8975380628915168
16.849999999999998 35912.094117333334 0.8977354439057861
16.87 35912.07327466666 0.8978843708361515
16.89 35912.44541866667 0.8976941375083679
16.91 35911.82661333333 0.8979059328762091
16.93 35912.263245333335 0.8979133396288256
16.95 35911.980752 0.8977952192882588
16.97 35912.31451733333 0.897770218804651
16.99 35912.41928266667 0.8976062018575344
17.009999999999998 35912.52446933334 0.8973885558137756
17.029999999999998 35912.84510666667 0.8974430680798469
17.05 35912.92299733333 0.8971940794101438
17.07 35912.83693333333 0.8971292778460158
17.09 35912.72693333333 0.896948691306422
17.11 35912.72560533333 0.896833757955203
17.13 35912.83888533333 0.8969635065783315
17.15 35913.00442666667 0.8967920597798025
17.169999999999998 35912.795304 0.8971888871378914
17.189999999999998 35912.602272000004 0.8973213285855348
17.21 35912.56720533334 0.8974785380960916
17.23 35912.623040000006 0.8973303201808384
17.25 35912.46236799999 0.8971172077713553
17.27 35912.23002133334 0.8972094840215183
17.29 35912.087576000005 0.8971517996525791
17.31 35912.22042133333 0.8971559812095894
17.33 35912.19260266667 0.8970905750456201
17.349999999999998 35912.48477333333 0.8970830906003687
17.37 35912.49885333334 0.8968546049532795
17.39 35912.39229066667 0.896730149217343
17.41 35912.71623466667 0.8966857725944894
17.43 35912.923456000004 0.896762232696197
17.45 35913.12856 0.8965053604142832
17.47 35913.092392 0.8963969573122288
17.49 35913.110424 0.8963840380634616
17.509999999999998 35913.20240533333 0.8962757490334992
17.529999999999998 35913.22907466667 0.8963442851615495
17.55 35913.001677333334 0.8961861292603113
17.57 35912.936400000006 0.8962183659067662
17.59 35912.997824 0.8964276225363065
17.61 35913.33630933333 0.8966781340535418
17.63 35913.27766133333 0.8966004690378206
17.65 35913.306312 0.8967822711883704
17.669999999999998 35913.073376 0.8969271629181913
17.689999999999998 35913.441096 0.896763759852425
17.71 35913.53799733333 0.8968282327555992
17.73 35913.131672 0.8970277959158407
17.75 35913.31076533333 0.8971016274154209
17.77 35913.30225866666 0.8969736075719182
17.79 35913.281696000005 0.8971960097510501
17.81 35913.32802666667 0.8969122541590747
17.83 35913.19444266667 0.8970524541949642
17.849999999999998 35913.149205333335 0.8971691692235784
17.87 35913.432799999995 0.8970538661485331
17.89 35913.117970666666 0.896945173834148
17.91 35913.15562133334 0.8969584411848225
17.93 35913.176746666664 0.8968868028794081
17.95 35912.99533333333 0.8968431252338597
17.97 35912.858007999996 0.8966980644906987
17.99 35913.07532 0.8963595467955576
18.009999999999998 35913.07325866667 0.8965858192485723
18.029999999999998 35912.994488 0.8965310819721709
18.05 35912.977503999995 0.8965216272706106
18.07 35913.02652266667 0.8963561453627297
18.09 35912.948328 0.8967113639554485
18.11 35912.63494933333 0.8969877939297394
18.13 35913.15718933333 0.8971966631430468
18.15 35913.15944266667 0.8972007041737547
18.169999999999998 35913.08045333333 0.8973987430594069
18.189999999999998 35913.13851466667 0.897402654141412
18.21 35912.863240000006 0.8974225575108374
18.23 35913.03417333333 0.8974681154112809
18.25 35912.85186133333 0.8974829298802467
18.27 35912.549872 0.8973987325251543
18.29 35912.54363466667 0.8976281803422788
18.31 35912.63984533333 0.8975315282442444
18.33 35912.681079999995 0.8974087341389003
18.349999999999998 35912.785504 0.8971229660340635
18.37 35912.78318133333 0.8970526077354978
18.39 35913.001778666665 0.8966308114056702
18.41 35912.69413333334 0.8967798375738216
18.43 35912.784064 0.896601258072832
18.45 35912.804549333334 0.8967936401733215
18.47 35912.808194666664 0.8964489234670301
18.49 35912.99773866667 0.8962490669230763
18.509999999999998 35912.69216 0.8964700343161945
18.529999999999998 35912.425101333334 0.8965580039420326
18.55 35912.62036266667 0.8964264402580597
18.57 35912.80197866667 0.8963610374728335
18.59 35912.47733333333 0.8963288906139951
18.61 35912.357384 0.8965819366463773
18.63 35912.16400266667 0.8965380093900382
18.65 35912.47176266667 0.8964949671007526
18.669999999999998 35912.99781866667 0.8964003321104613
18.689999999999998 35912.85969866667 0.8963757780960405
18.71 35913.050930666664 0.8965543322997044
18.73 35913.37981333333 0.8966023074438082
18.75 35912.915914666664 0.8966585704872048
18.77 35912.952832 0.896890292331234
18.79 35912.96990133333 0.8968032056015486
18.81 35912.91582133333 0.8969698301090735
18.83 35912.69117333333 0.8970332596927988
18.849999999999998 35912.72101866666 0.8972147385668627
18.87 35912.723287999994 0.8973906690667565
18.89 35912.86876533333 0.8973680439305791
18.91 35912.66985866666 0.8976322932342021
18.93 35912.89550133333 0.8972858475776997
18.95 35912.86977066667 0.8973823928687241
18.97 35913.211021333336 0.8972640639144447
18.99 35913.115672 0.8973660901335547
19.009999999999998 35913.03887466667 0.8972464584077295
19.029999999999998 35913.14741333333 0.8973041112229657
19.05 35913.29859466667 0.8973229559391315
19.07 35913.39349066667 0.8972284457200194
19.09 35913.31844266667 0.897366056706467
19.11 35913.33639733333 0.897404562330813
19.13 35913.19090933333 0.8975026581878054
19.15 35913.202992 0.8975414598698375
19.169999999999998 35913.248322666666 0.8975578681762466
19.189999999999998 35913.26900266667 0.8975525150333028
19.21 35913.62430133333 0.8973180598652154
19.23 35913.542376 0.8974342420489463
19.25 35913.793853333336 0.8975880585153686
19.27 35913.879912000004 0.8973936286666834
19.29 35913.73514666667 0.8976756179343931
19.31 35913.652592 0.897580878231345
19.33 35913.81446666666 0.8978921324079362
19.349999999999998 35913.799736 0.8980129825684713
19.37 35913.78364266666 0.8977329697436052
19.39 35913.487429333334 0.8978420152757289
19.41 35913.772128 0.8980443569273199
19.43 35913.482376 0.8979488129824055
19.45 35913.231208 0.8978957189387147
19.47 35913.487303999995 0.8976467341931708
19.49 35913.59054933333 0.897574102464273
19.509999999999998 35913.736765333335 0.8976326666360371
19.529999999999998 35914.05634133333 0.8974699605658458
19.55 35914.38761333333 0.8974306182932129
19.57 35914.04483466667 0.8970878604930689
19.59 35913.85661333334 0.8971577158385269
19.61 35913.925546666665 0.8969912002159683
19.63 35913.94650666667 0.8965877016525022
19.65 35913.863922666664 0.8967259389650732
19.669999999999998 35913.660744 0.8969934589701888
19.689999999999998 35913.33593866667 0.8966608358264194
19.71 35913.60379466666 0.8966306349633111
19.73 35913.25922933333 0.896752463664663
19.75 35913.545653333334 0.8967594488379007
19.77 35913.824144 0.8969616204400815
19.79 35913.99194933333 0.8970187121458147
19.81 35914.032349333334 0.8971451434208734
19.83 35913.88322933333 0.8971009226671129
19.849999999999998 35914.05989866667 0.8972189035473587
19.87 35914.07232 0.8972275127346051
19.89 35914.705784 0.8972292260652592
19.91 35914.30599466666 0.897188819868039
19.93 35914.197093333336 0.8977903742368885
19.95 35914.104896000004 0.897670509153957
19.97 35914.10174133333 0.8974045015924816
19.99 35913.840688 0.8974015358514649
20.009999999999998 35913.80335733334 0.8972886452632466
20.029999999999998 35914.03344 0.8974475694079235
20.05 35913.916912 0.8976249147864387
20.07 35914.019034666664 0.8975724372841645
20.09 35913.752567999996 0.8977144224637664
20.11 35913.648104 0.897496954701503
20.13 35914.019664 0.8974908255581476
20.15 35914.01162666667 0.8973357099663689
20.169999999999998 35913.933730666664 0.8973711195105444
20.189999999999998 35913.73038133333 0.8972644424225948
20.21 35913.46720266667 0.8969902397790329
20.23 35913.72537066667 0.8969584821854081
20.25 35913.79015466667 0.8967026531265758
20.27 35914.12759733333 0.8964174389673845
20.29 35914.26845333333 0.8965070447172395
20.31 35914.02796266667 0.8966760640808017
20.33 35914.39379733334 0.8967462373530463
20.349999999999998 35914.33453066667 0.8966317402754859
20.37 35914.18712533334 0.8965125075831597
20.39 35914.37866933333 0.8966160681520301
20.41 35914.575896 0.8967089047051853
20.43 35914.563344 0.8968951307056161
20.45 35914.440168 0.8969210006120624
20.47 35914.52937333334 0.8971381544539884
20.49 35914.7348 0.8971750863882424
20.509999999999998 35914.79745333333 0.8972527179286955
20.529999999999998 35914.46529866666 0.896951191652943
20.55 35914.49069333333 0.8971337728896787
20.57 35914.34828533333 0.8970178455942174
20.59 35914.16722933333 0.8971757026528457
20.61 35914.055834666666 0.8972375559972424
20.63 35914.021261333335 0.8972877782345573
20.65 35914.21934133333 0.8973889226039992
20.669999999999998 35914.42107733333 0.8974453401820807
20.689999999999998 35914.339416 0.8976642060236327
20.71 35914.56166933333 0.8975655660274149
20.73 35914.65205866667 0.8977593632551334
20.75 35914.597746666666 0.8977107719127617
20.77 35914.213138666666 0.8976099326248347
20.79 35914.77099733333 0.89742270042829
20.81 35914.749229333334 0.8973324399983617
20.83 35914.500944 0.8973677639214938
20.849999999999998 35914.162280000004 0.8971674687948263
20.87 35914.24545333334 0.8969149720368476
20.89 35914.604933333336 0.8969334588709253
20.91 35914.267112 0.8969101757118102
20.93 35914.39133866667 0.8967200359813854
20.95 35914.651463999995 0.8969730628322415
20.97 35914.70942133333 0.8971437098712857
20.99 35914.234792 0.8974227410035378
21.009999999999998 35914.12674933333 0.8973096773806227
21.029999999999998 35914.379477333336 0.8976390146588633
21.05 35914.382997333334 0.8977575923221223
21.07 35914.45974133333 0.8979274667944207
21.09 35914.28313066666 0.8981506118729061
21.11 35914.16196533333 0.8977576728864562
21.13 35914.21489333334 0.8978255430037955
21.15 35913.893744 0.8976447458117119
21.169999999999998 35913.421296 0.8975799048877342
21.189999999999998 35913.08400533333 0.8973716913456403
21.21 35913.22296266667 0.8974097559627042
21.23 35913.13334933334 0.8980099682184389
21.25 35913.19940533333 0.897778680938568
21.27 35912.940749333335 0.8974812968503811
21.29 35912.983007999996 0.897306280746666
21.31 35913.01446400001 0.8969756662715395
21.33 35913.06233866667 0.8968918344210385
21.349999999999998 35913.04931733334 0.8969360676999845
21.37 35912.862112 0.8968350092321261
21.39 35913.00708266666 0.8968708501376943
21.41 35912.906509333334 0.8968596511161575
21.43 35912.77852 0.8968481637150598
21.45 35913.007672 0.8966514400115015
21.47 35912.99342666667 0.8964759762791771
21.49 35912.67876533333 0.896301599803076
21.509999999999998 35912.49316 0.8963628178568489
21.529999999999998 35912.73773333333 0.896572184063271
21.55 35912.54113866667 0.8968761082009127
21.57 35912.721853333336 0.8970988772227704
21.59 35912.91224533333 0.8971538110557786
21.61 35913.08043466667 0.8970203368900835
21.63 35913.10417333333 0.8973403709104878
21.65 35913.130432 0.8973355201238046
21.669999999999998 35913.49760533334 0.8974010835247973
21.689999999999998 35913.24782133334 0.8974654747139704
21.71 35913.22901333333 0.8972444400419204
21.73 35913.071104 0.8972938016593562
21.75 35913.119592 0.8971768381671836
21.77 35913.278928 0.8971275188223258
21.79 35913.15204266667 0.8970138717706566
21.81 35913.213088000004 0.8971658249278097
21.83 35913.32444 0.8969326502954522
21.849999999999998 35912.89912533334 0.8969468651511029
21.87 35912.806053333334 0.8968722926739123
21.89 35912.497952000005 0.8971039131725055
21.91 35912.276192 0.897193764386532
21.93 35912.21352533334 0.8970043655970363
21.95 35912.495368 0.897080674166811
21.97 35912.73429066667 0.8970792257443921
21.99 35912.71917333333 0.897190091022289
22.009999999999998 35912.57766933333 0.8970824634409281
22.029999999999998 35912.872085333336 0.8971232599295627
22.05 35912.706818666666 0.8971996785209706
22.07 35912.79652 0.897346996589414
22.09 35912.64384266667 0.8973040669441392
22.11 35912.72495733334 0.897316402706209
22.13 35912.833066666666 0.8972950285902737
22.15 35912.833392 0.8974001974588995
22.169999999999998 35913.00693333334 0.8974011503643773
22.189999999999998 35912.908423999994 0.8973404136359815
22.21 35912.84657333333 0.8973649453983689
22.23 35913.22885066667 0.8976355268674757
22.25 35913.125109333334 0.8975842864040676
22.27 35912.754552 0.8970148773714355
22.29 35912.822437333336 0.8968503296843606
22.31 35913.05869333333 0.8970235842264263
22.33 35912.947912 0.8968794481346837
22.349999999999998 35913.03319733334 0.8969382068632731
22.37 35913.06165066667 0.89722092413825
22.39 35913.14996266666 0.8972749509963858
22.41 35912.85922666667 0.8971684744102844
22.43 35913.081421333336 0.8968813143831839
22.45 35913.253666666664 0.897109812004721
22.47 35913.056704 0.8971614304555968
22.49 35913.00210666667 0.897047892372201
22.509999999999998 35912.87288533333 0.897608066536674
22.529999999999998 35912.710973333335 0.8974210252356613
22.55 35912.82366933333 0.8973328952862208
22.57 35913.04877066667 0.8969637736544515
22.59 35913.29824266667 0.8968854898408831
22.61 35913.33810933333 0.89675598198793
22.63 35913.16272 0.8965632974189275
22.65 35913.09729333333 0.8966500765194603
22.669999999999998 35913.377016 0.8968115857403414
22.689999999999998 35913.48258133333 0.896344941749897
22.71 35913.262586666664 0.8964747402764993
22.73 35913.66176 0.8964546078494877
22.75 35913.332416 0.8964303890564762
22.77 35913.19916533333 0.8966620990713041
22.79 35913.408112 0.8965097505604692
22.81 35913.368023999996 0.8965961627772587
22.83 35913.152125333334 0.8963428988336016
22.849999999999998 35913.22553333333 0.8968709962121695
22.87 35913.17588266666 0.8969555663666912
22.89 35913.01534666667 0.8968101856588304
22.91 35913.25174133333 0.8970636912977548
22.93 35913.13424266667 0.8967411622331074
22.95 35913.218944 0.896756053474718
22.97 35913.41564266667 0.8967510723469186
22.99 35913.554976 0.8969071082330426
23.009999999999998 35913.478445333334 0.8973372585274021
23.029999999999998 35913.226738666664 0.8971171656716362
23.05 35913.19071466666 0.897327998740564
23.07 35913.237925333335 0.8974782158277351
23.09 35913.09046933333 0.8971881611255345
23.11 35913.044989333335 0.8971946203935495
23.13 35912.84846933333 0.8974314690155636
23.15 35912.996922666665 0.8972018464621129
23.169999999999998 35912.80961333333 0.8973928668765357
23.189999999999998 35912.49465866666 0.8972658124338766
23.21 35912.65609866667 0.8971738672802528
23.23 35912.442290666666 0.8974086684145997
23.25 35912.83597066667 0.8973485343935442
23.27 35912.72731466667 0.8974416509666603
23.29 35912.22661333333 0.8975590432764654
23.31 35912.268240000005 0.897824253700067
23.33 35912.150186666666 0.8977105398209646
23.349999999999998 35911.882117333334 0.8979279990147305
23.37 35911.78880533333 0.8978975381058993
23.39 35911.368597333334 0.8981077231281108
23.41 35911.57689333333 0.8980270764111322
23.43 35911.35006133333 0.8979171963531019
23.45 35911.494717333335 0.8977969180251468
23.47 35911.54407733334 0.8975155685518502
23.49 35911.92252 0.8977123549421934
23.509999999999998 35911.940189333334 0.8975854901864029
23.529999999999998 35911.93695466667 0.8974671385560309
23.55 35912.59657066666 0.8974460097761771
23.57 35912.81121066667 0.8973595940340885
23.59 35913.09833866666 0.897564199872078
23.61 35913.204112 0.8978868966508654
23.63 35913.15637333333 0.8978317027245569
23.65 35913.08205333333 0.8976526558311829
23.669999999999998 35913.036712 0.8972818096163908
23.689999999999998 35913.024957333335 0.8972273687676667
23.71 35913.12084 0.8971268652907293
23.73 35912.97562133333 0.8972056383824433
23.75 35913.46008 0.897230593726329
23.77 35913.45954133333 0.8970639067439712
23.79 35913.02382933334 0.8974357938814334
23.81 35913.169408 0.8975753054926203
23.83 35913.38346133333 0.8970687896121637
23.849999999999998 35913.33253866667 0.8973829884266002
23.87 35913.687736 0.8975316377429242
23.89 35913.807912000004 0.8974922726211747
23.91 35913.83956266667 0.8976632523818273
23.93 35913.250472 0.8974878510582841
23.95 35913.048901333335 0.8975646149356667
23.97 35913.32221866667 0.8978079442410631
23.99 35913.487856 0.8980922968597411
24.009999999999998 35913.369176 0.8979769598809281
24.029999999999998 35913.30278666667 0.8978757968477297
24.05 35913.194472 0.8977863750232361
24.07 35913.143357333334 0.8979016740536712
24.09 35913.31932266666 0.8979144160893133
24.11 35913.69822133334 0.8979663173157323
24.13 35913.602514666665 0.8980903238500422
24.15 35913.954216 0.8981844334576649
24.169999999999998 35914.35132266667 0.898434828392012
24.189999999999998 35914.34065333333 0.8983735463808279
24.21 35914.136093333334 0.898433372728867
24.23 35914.281458666665 0.898513939492429
24.25 35914.47001333334 0.8984187479135369
24.27 35914.343850666664 0.8986214319168508
24.29 35914.08625066667 0.898534138860208
24.31 35914.343312 0.8983448392275148
24.33 35914.43400533333 0.8984570433344953
24.349999999999998 35914.432824 0.8982603760692317
24.37 35914.45167733333 0.8980970742817364
24.39 35914.59342133334 0.8979360691300912
24.41 35914.156802666665 0.8978489411728601
24.43 35913.963192 0.8980474327494159
24.45 35913.967696 0.8980619461279923
24.47 35913.848613333335 0.8979412311295594
24.49 35914.030682666664 0.8979761314398761
24.509999999999998 35913.900168 0.8979259402236263
24.529999999999998 35913.86452266667 0.8978815277172787
24.55 35913.51804266666 0.8978907020861732
24.57 35913.449552000005 0.8980057046038424
24.59 35912.94644266667 0.8979309054689892
24.61 35912.816538666666 0.8978638315597273
24.63 35912.59115466667 0.8977589169818817
24.65 35912.649776 0.8981551120844462
24.669999999999998 35912.82702933333 0.8980165309197841
24.689999999999998 35913.09204 0.8981429238558347
24.71 35913.27769066667 0.8980057917039977
24.73 35913.312106666664 0.898061187519843
24.75 35913.45012 0.8979555980468877
24.77 35913.528408 0.8979379135177373
24.79 35913.582984 0.8980054167359555
24.81 35913.37871466667 0.8981860683441527
24.83 35913.671424 0.8981060073981478
24.849999999999998 35913.521512 0.8978941092318966
24.87 35913.370877333335 0.8976940788140506
24.89 35913.317189333335 0.8979546890261948
24.91 35913.221194666665 0.8977372329173259
24.93 35912.989821333336 0.8978056370847429
24.95 35913.12903733333 0.8977794146754738
24.97 35913.41533066667 0.8974585809507256
24.99 35913.51295733334 0.8973479597062316
25.009999999999998 35913.55372533333 0.8973467830260884
25.029999999999998 35913.72788 0.8972916695217867
25.05 35913.64792533333 0.897385843843637
25.07 35913.530741333336 0.8976588834137044
25.09 35913.360224000004 0.897835649609934
25.11 35913.43498933333 0.897381990270774
25.13 35913.69617333333 0.8972501940343058
25.15 35913.39568533334 0.8975405725914951
25.169999999999998 35913.280069333334 0.8974373964690094
25.189999999999998 35913.445245333336 0.8975570215807833
25.21 35913.48085066667 0.8978360867471863
25.23 35913.877448 0.8977015008996564
25.25 35913.50298133334 0.8979066852494814
25.27 35913.300826666666 0.8976318148387975
25.29 35913.27240266667 0.8978455737788765
25.31 35913.01145066667 0.8981587384178475
25.33 35912.80985333333 0.8981047947609411
25.349999999999998 35912.75537866667 0.8980995512147871
25.37 35912.920053333335 0.8979264790862477
25.39 35912.93782933333 0.8976795583980076
25.41 35912.995509333334 0.897654942074568
25.43 35912.79253866666 0.8976369701744845
25.45 35912.92332533334 0.897675956563108
25.47 35912.36406933333 0.8975494653436975
25.49 35912.50705066667 0.8977528505517655
25.509999999999998 35912.745301333336 0.8976410265243487
25.529999999999998 35912.70771733333 0.8978240086166571
25.55 35912.79597866667 0.897721353646357
25.57 35912.656544 0.8976732642532387
25.59 35912.715141333334 0.8976413496252373
25.61 35912.74287466667 0.8975002600247015
25.63 35912.80880266667 0.897522230893334
25.65 35912.464426666666 0.8974479457895935
25.669999999999998 35912.245328000005 0.8974402208472111
25.689999999999998 35912.363207999995 0.8974385686678499
25.71 35912.550520000004 0.8976546225451589
25.73 35912.89312 0.8975939261581581
25.75 35913.16409866667 0.8976432318848219
25.77 35913.515992 0.8978310461960662
25.79 35913.681701333335 0.8976546579370963
25.81 35913.538712 0.8975366323266714
25.83 35913.35006133333 0.8976147258504018
25.849999999999998 35913.727730666666 0.8974416272463491
25.87 35913.586138666666 0.8975733232906828
25.89 35913.63637066667 0.8974518595238261
25.91 35913.578192 0.8975594756136279
25.93 35913.65193866666 0.8974746741326841
25.95 35913.67713066666 0.8974614608106403
25.97 35913.50139733333 0.8975541377889406
25.99 35913.259424 0.8977307978443628
26.009999999999998 35913.57906133334 0.8976115574401603
26.029999999999998 35913.670784 0.8977475513130082
26.05 35913.493517333336 0.8978174687452857
26.07 35913.13742133333 0.897744105515974
26.09 35912.772528 0.8976648158250586
26.11 35912.807488000006 0.8977136525850711
26.13 35912.71263466666 0.897624119618376
26.15 35912.692976000006 0.8975052228449771
26.169999999999998 35912.633448 0.8978116852026593
26.189999999999998 35912.556255999996 0.8980148374244608
26.21 35912.322565333336 0.8979960790291597
26.23 35912.56048266667 0.8982309828105942
26.25 35912.62462933333 0.8980407396971056
26.27 35912.75105866666 0.8978200942139966
26.29 35912.850512 0.8980169846827184
26.31 35912.90253866667 0.8978004573913934
26.33 35913.120776 0.897501782862298
26.349999999999998 35913.13471466667 0.8976034646590438
26.37 35912.87837066667 0.8977266776280173
26.39 35912.76893066667 0.897323895001075
26.41 35912.63949066667 0.897285140449308
26.43 35912.42533333333 0.8971025911257687
26.45 35912.21562933333 0.8970155341747406
26.47 35912.231272000005 0.8972529216155342
26.49 35912.271263999995 0.8971615562355627
26.509999999999998 35912.21602933333 0.89767991266068
26.529999999999998 35912.12848 0.8974476057364182
26.55 35911.98631733333 0.8974038792779385
26.57 35912.083858666665 0.8974854194826835
26.59 35912.294122666666 0.8974586239963105
26.61 35912.55550933334 0.8974415667197099
26.63 35912.43877066667 0.8973242841505391
26.65 35912.53588266666 0.8972988125722643
26.669999999999998 35912.34791733333 0.8976163233783522
26.689999999999998 35912.859416 0.8977778170496574
26.71 35913.075176 0.8976856779231353
26.73 35912.952677333335 0.8978311071084255
26.75 35913.106472 0.8978153156157931
26.77 35913.143266666666 0.8977848690815735
26.79 35913.064976 0.8977840337936356
26.81 35912.799258666666 0.8979306010587468
26.83 35912.562487999996 0.8980831444521272
26.849999999999998 35912.389368000004 0.897771012190316
26.87 35912.20617066667 0.8976034173979175
26.89 35912.400325333336 0.8972386820801969
26.91 35912.673752 0.8971191767792904
26.93 35912.61431466667 0.8971474451878537
26.95 35912.51344266666 0.8973660683119418
26.97 35912.318632 0.8975263745842483
26.99 35912.218047999995 0.8974508777676907
27.009999999999998 35912.247504 0.8972374341925345
27.029999999999998 35912.079512 0.8972467882095044
27.05 35911.989616 0.896965495512319
27.07 35911.98934933334 0.8967423839552331
27.09 35911.863056 0.8969871236945137
27.11 35911.697221333336 0.8970831536840854
27.13 35911.384362666664 0.8972037443262239
27.15 35911.682704 0.8971668692230861
27.169999999999998 35911.32153866667 0.8970329932708005
27.189999999999998 35910.88447733333 0.8971966651308294
27.21 35910.910008 0.8972991985558229
27.23 35911.13948533333 0.8971048297693707
27.25 35911.298712 0.8971548408801344
27.27 35911.345850666665 0.8969677257221832
27.29 35911.090248 0.8971214865192184
27.31 35910.955085333335 0.8969563107788472
27.33 35910.894248 0.8968973606433438
27.349999999999998 35911.03823466667 0.8970013518284221
27.37 35911.247616 0.8969099221467646
27.39 35911.14843466667 0.896964337185012
27.41 35911.22307733333 0.8973782039499469
27.43 35911.108456 0.8975141222305844
27.45 35911.10038933333 0.8975167770683427
27.47 35911.18121066666 0.8974127348674449
27.49 35911.19321866667 0.8975202629493029
27.509999999999998 35911.185816 0.8976715442881869
27.529999999999998 35910.97524 0.8976469393346544
27.55 35910.99208533333 0.8975688106160205
27.57 35911.21932533333 0.897614471042782
27.59 35911.377424000006 0.8974360089382148
27.61 35911.79240533333 0.8975072496842317
27.63 35912.016063999996 0.8976341172125032
27.65 35912.21406666667 0.8979921186994296
27.669999999999998 35912.22103733334 0.8979198906557391
27.689999999999998 35912.01957066667 0.897824795181175
27.71 35912.37749333333 0.897783153754546
27.73 35912.556842666665 0.8980062874110396
27.75 35912.720264 0.8979916311404876
27.77 35912.66105333334 0.897815145458467
27.79 35912.769912 0.897773427992657
27.81 35912.51081866667 0.8979223207415268
27.83 35912.72138666667 0.8977124137687708
27.849999999999998 35912.55513066667 0.8977426654351469
27.87 35912.57788533333 0.8975938735801051
27.89 35912.594752000005 0.8977438671004311
27.91 35912.61748 0.8980489299094466
27.93 35912.602631999995 0.8981157620906138
27.95 35912.72677866666 0.8982528071637452
27.97 35912.639664 0.89821167311962
27.99 35912.51890933333 0.8983621217697019
28.009999999999998 35912.43727733333 0.8982483875247336
28.029999999999998 35912.580064 0.8985583064647289
28.05 35912.598525333335 0.8986130833459587
28.07 35912.629938666665 0.8983222878130946
28.09 35912.984549333334 0.8981712982197236
28.11 35913.309823999996 0.8977792506910454
28.13 35913.212824 0.8977757786189086
28.15 35913.08507733334 0.8978089079011724
28.169999999999998 35913.185247999994 0.8980584697713505
28.189999999999998 35913.148992 0.8981781796224731
28.21 35913.26201599999 0.8979624363053443
28.23 35913.19809333333 0.8979149400608745
28.25 35913.220552 0.8977793036520505
28.27 35913.089232 0.8976963522203036
28.29 35913.29761066667 0.8977666324977639
28.31 35913.276077333336 0.8977723021454086
28.33 35913.52835733333 0.8979089312137924
28.349999999999998 35913.627512 0.8981140155100167
28.37 35913.70435466667 0.8980935351461021
28.39 35914.073976 0.8980738241653209
28.41 35913.677432 0.8980144572087645
28.43 35914.00658933334 0.8981396285850562
28.45 35913.54605866667 0.8982858094447588
28.47 35913.56047733333 0.8983954563925604
28.49 35913.316552000004 0.8984541916108331
28.509999999999998 35913.266592 0.898150713208831
28.529999999999998 35912.77927466667 0.8982270313886489
28.55 35912.52036533333 0.8981385386893974
28.57 35912.637352 0.8983541967325462
28.59 35912.722848000005 0.8984335562936174
28.61 35912.958088 0.8983610373431199
28.63 35913.0248 0.8978940414003483
28.65 35912.987680000006 0.8979727281354715
28.669999999999998 35912.555344 0.8977153124361437
28.689999999999998 35912.32846666667 0.8976479887670876
28.71 35912.05665866667 0.8979586303862261
28.73 35911.823392000006 0.8982598025565961
28.75 35912.00185066667 0.8981187867883414
28.77 35911.83409333334 0.8980243634676485
28.79 35911.760189333334 0.898416515366165
28.81 35911.90754666667 0.8984121797358092
28.83 35912.254378666665 0.8983158102478782
28.849999999999998 35912.765264 0.8982022728378783
28.87 35913.12309866666 0.8982246939764732
28.89 35913.295909333334 0.8980277517343835
28.91 35912.91238133333 0.8980010968231583
28.93 35912.78158133333 0.8979650620183606
28.95 35912.703338666666 0.8979804516693084
28.97 35912.397112000006 0.8979170369330393
28.99 35912.579976 0.8976857563760801
29.009999999999998 35912.34545066667 0.8977944275146983
29.029999999999998 35912.37919466667 0.8978075256226085
29.05 35912.073096 0.8981578437215259
29.07 35911.94322933334 0.8977226140750036
29.09 35911.86093066666 0.8978696510591959
29.11 35911.919912 0.8976309988126242
29.13 35911.758762666665 0.8977293663815868
29.15 35911.61230933333 0.8979253511223595
29.169999999999998 35911.796096000005 0.8975071036743985
29.189999999999998 35912.21630666667 0.8977008767839133
29.21 35912.07540533334 0.8978387635516719
29.23 35912.118896 0.8979286766325923
29.25 35912.31282133333 0.898017219291598
29.27 35912.530072 0.8979218387625211
29.29 35912.668504 0.8978385194191946
29.31 35912.352869333336 0.8980640944116768
29.33 35912.123008 0.8979718237740826
29.349999999999998 35912.243978666665 0.8981504229186782
29.37 35912.349061333334 0.8980515259290612
29.39 35912.474952000004 0.8978522696008407
29.41 35912.68793066667 0.8976942758052628
29.43 35912.735250666665 0.897832150958065
29.45 35913.102776 0.8980035701781514
29.47 35913.32101066667 0.8978939880102755
29.49 35913.090488 0.8979400193311786
29.509999999999998 35913.11319733334 0.898149696514655
29.529999999999998 35913.32193333333 0.8980667246727715
29.55 35913.280144000004 0.8978813553729383
29.57 35912.94384266667 0.8977477866643806
29.59 35913.19313866667 0.8978766215905967
29.61 35912.938127999994 0.8976759759500696
29.63 35913.04782933333 0.8977340445514628
29.65 35913.232520000005 0.8977718035813717
29.669999999999998 35913.43344 0.8980147230191192
29.689999999999998 35913.64576 0.8978174106025166
29.71 35913.38827733333 0.8979249817066335
29.73 35913.284605333334 0.898307450226363
29.75 35913.26092 0.8982360886558163
29.77 35913.103088 0.8980877273743324
29.79 35913.066168000005 0.8978829344472389
29.81 35913.341722666664 0.8979144578468612
29.83 35913.55738133333 0.8977559861445022
29.849999999999998 35913.365218666666 0.897709836050246
29.87 35913.766213333336 0.8975370083001812
29.89 35913.751765333334 0.8974653007702217
29.91 35913.55584 0.8976156508976567
29.93 35913.76168533333 0.8977388508455562
29.95 35914.01471466667 0.8980131799584836
29.97 35914.11161066667 0.8980773793031999
29.99 35913.964351999995 0.8977303295570385
30.009999999999998 35913.803514666666 0.8978153791112149
30.029999999999998 35913.721808 0.8976659913229715
30.05 35913.87059466666 0.8976532298341481
30.07 35914.07130133333 0.8976996115902491
30.09 35913.93776266667 0.898060558708484
30.11 35914.14025333333 0.8982377843838141
30.13 35914.207087999996 0.8982537618618432
30.15 35914.07441866667 0.8981198495546225
30.169999999999998 35914.38630666667 0.8978806496130624
30.189999999999998 35914.07434133333 0.8976900387113582
30.21 35914.09210666666 0.8973304783294979
30.23 35913.93192266667 0.8970303419097044
30.25 35913.74344 0.897054625853177
30.27 35913.42967733333 0.8971153650045511
30.29 35913.38890133334 0.8974309817592857
30.31 35913.20503733333 0.8974617485808822
30.33 35912.95289066667 0.8970691428166284
30.349999999999998 35912.91241866667 0.897130452506568
30.37 35912.80726933334 0.8970100057098808
30.39 35913.00036 0.8968997556053394
30.41 35912.825824 0.8967086138706869
