0.0 145059.75360333335 0.1691509814078608
0.02 147292.59316933333 0.17026780059873953
0.04 149480.19952 0.1712449900015898
0.06 151623.41195933335 0.17209913618926695
0.08 153723.188138 0.17281940407305552
0.1 155780.310392 0.17344675172167137
0.12 157795.692904 0.17401095378052897
0.14 159770.097954 0.1744752416150573
0.16 161704.34687333333 0.17481778511688464
0.18 163599.31673666666 0.17506540758796083
0.2 165455.712602 0.17522746443069293
0.22 167274.32428333332 0.17530561147030937
0.24 169055.83793266668 0.17535472716593362
0.26 170801.08398 0.17533525177446074
0.28 172510.78968133332 0.1752561473136459
0.3 174185.56205133334 0.17509864813218648
0.32 175826.20983133334 0.17490532794482427
0.34 177433.285406 0.17465259562382127
0.36 179007.48780666667 0.17431984232487624
0.38 180549.56990133334 0.17399379452969962
0.4 182060.07672866667 0.17362708024586346
0.42 183539.738102 0.17319934646796864
0.44 184989.05088133333 0.17270867368027726
0.45 185702.523736 0.24387737532580822
0.47000000000000003 183700.76653733334 0.2447684007504838
0.49 181777.02215733333 0.24552092764112304
0.51 179927.95618133334 0.2461233150273133
0.53 178150.34601466666 0.24661241309334636
0.55 176441.21284133333 0.24710370351641933
0.5700000000000001 174797.62558266666 0.24749196509080393
0.5900000000000001 173216.70362 0.24803053830881566
0.61 171695.89416266666 0.2483716327677817
0.63 170232.62089333334 0.24872977512068994
0.65 168824.561472 0.24902297400408396
0.67 167469.374896 0.2492320443521534
0.69 166165.09778399998 0.24937979220022505
0.71 164909.40107466665 0.24960190900919504
0.73 163700.27819866667 0.24984007795072102
0.75 162536.15338266667 0.2499809031597974
0.77 161415.10616133333 0.2500598808669374
0.79 160335.32875066667 0.2501188838279502
0.81 159295.11809066666 0.2501933911130084
0.8300000000000001 158293.161712 0.25024753710436143
0.8500000000000001 157327.66756 0.250312067776782
0.87 156397.48510266666 0.2503607903925207
0.89 155501.075448 0.25050461590915807
0.91 154637.21069866666 0.25053216416899865
0.9299999999999999 153804.580824 0.2505760244734128
0.95 153002.00042 0.25064961417651577
0.97 152228.210572 0.2507081170693062
0.99 151482.18023866665 0.25086444443635003
1.01 150762.823764 0.2508798160861098
1.03 150069.16860933334 0.2509122881339505
1.05 149400.217012 0.2509847528622949
1.07 148755.05854533333 0.2509833734604669
1.09 148132.84139466664 0.25104787579603866
1.11 147532.50977866666 0.2510199538685129
1.1300000000000001 146953.43835333333 0.25112281014197985
1.15 146394.75663466664 0.2511105934282385
1.17 145855.71307866665 0.25114875864191555
1.19 145335.58144933335 0.25126529951326754
1.21 144833.67797066667 0.25123070310606066
1.23 144349.40520933334 0.25130162211370194
1.25 143882.10245066666 0.2513098584490759
1.27 143430.98049733334 0.2512210508133403
1.29 142995.62247466666 0.2512112406726991
1.31 142575.26833066667 0.2511743885178501
1.33 142169.5427986667 0.25121439827908126
1.35 141777.82634666667 0.25117056686378725
1.37 141399.69939199998 0.25124675196042806
1.39 141034.67105066666 0.2513052497008239
1.41 140682.15119866666 0.2513719131670153
1.43 140341.68779466668 0.2513746264087493
1.45 140012.951352 0.25140887631872455
1.47 139695.419088 0.2514988021676873
1.49 139388.85387866665 0.25156580507187853
1.51 139092.76188933334 0.25158472659582176
1.53 138806.71289999998 0.2517041627652536
1.55 138530.420332 0.25173447146200667
1.57 138263.487568 0.2517374377168736
1.5899999999999999 138005.66056133335 0.25168713097465617
1.6099999999999999 137756.54912666668 0.2515933553129738
1.63 137515.8326786667 0.2516440471978707
1.65 137283.30510133333 0.251717451032768
1.67 137058.544616 0.2518523969240441
1.69 136841.35916133336 0.25194239001839325
1.71 136631.59693866665 0.2519991364033926
1.73 136428.83180266665 0.2520159181930905
1.75 136232.890124 0.2519859485262749
1.77 136043.38023866666 0.25197610958425654
1.79 135860.31046 0.25208236384607874
1.81 135683.37611866667 0.2520762901811652
1.8299999999999998 135512.304536 0.2520277697542352
1.8499999999999999 135347.02842666666 0.25195687002101963
1.8699999999999999 135187.19089466665 0.25194652929155015
1.89 135032.62520933332 0.2520293973766691
1.91 134883.31397333334 0.2520934296239741
1.93 134738.910504 0.2520931011241626
1.95 134599.26230666664 0.25218804644820747
1.97 134464.166008 0.2522611689912834
1.99 134333.56208133334 0.25234584911238506
2.0100000000000002 134207.33621600003 0.25228977847001305
2.0300000000000002 134085.18173466664 0.2522830062867271
2.0500000000000003 133967.08043466666 0.2523066418965797
2.0700000000000003 133852.96129866666 0.25242317285620713
2.09 133742.47074666666 0.25245536789299655
2.11 133635.55548533332 0.2524100129577385
2.13 133532.23433466666 0.2525104454418649
2.15 133432.19229466666 0.2525213672316739
2.17 133335.52123466667 0.25259764896275827
2.19 133242.01708666666 0.25264296308576945
2.21 133151.41742399998 0.2526216681254032
2.23 133063.91022666666 0.2525652371577672
2.25 132979.28491866667 0.2525264953976512
2.27 132897.38788400003 0.25246237965581825
2.29 132818.11472800002 0.2525276146986391
2.31 132741.32978533334 0.25247931633425647
2.33 132667.085292 0.25247493901637547
2.35 132595.13487066666 0.25245011261327965
2.37 132525.58725733333 0.2525098853664828
2.39 132458.21046266667 0.25251464042776955
2.41 132392.96567466663 0.25255809358747205
2.43 132329.89364933333 0.25253023040983924
2.45 132268.79112266668 0.252573147459789
2.47 132209.62876133333 0.2525924511952166
2.49 132152.35035733331 0.25265967854878363
2.5100000000000002 132096.94907466666 0.2527078343459881
2.5300000000000002 132043.35480933334 0.2526600836812682
2.5500000000000003 131991.43188133335 0.25268882965780365
2.5700000000000003 131941.18587333334 0.2528051392914043
2.5900000000000003 131892.46915466664 0.25283275169917674
2.6100000000000003 131845.354244 0.25281164090021047
2.6300000000000003 131799.73781333334 0.2528016065233968
2.6500000000000004 131755.400072 0.25278163041206086
2.6700000000000004 131712.44293333334 0.2527494191172388
2.6900000000000004 131670.93602533336 0.25273147864056444
2.71 131630.6858386667 0.25284301233069395
2.73 131591.6639573333 0.2527796850018894
2.75 131553.988188 0.25276641637087494
2.77 131517.48127066667 0.25269388896359496
2.79 131481.99939066666 0.2526013551178363
2.81 131447.76508666668 0.25259357741749433
2.83 131414.47367466666 0.25259536055386833
2.85 131382.28937866667 0.25267699065155474
2.87 131351.01974666666 0.2527442293392389
2.89 131320.82018133334 0.2528206728335726
2.91 131291.56766666667 0.2528597260662543
2.93 131263.2081986667 0.2529554357334389
2.95 131235.63253866666 0.2530066774919992
2.97 131208.90175466667 0.25296666115801525
2.99 131183.10157333332 0.2529616292136353
3.0100000000000002 131157.99353866666 0.2529423056014055
3.0300000000000002 131133.698216 0.25280363748656365
3.0500000000000003 131110.1290613333 0.2528628994506038
3.0700000000000003 131087.3093866667 0.2528619785065167
3.0900000000000003 131065.23949733331 0.25285837858749916
3.1100000000000003 131043.71166133333 0.2527697897243968
3.1300000000000003 131022.9207 0.25270174109392174
3.1500000000000004 131002.81718266668 0.2527300824175591
3.1700000000000004 130983.31099066667 0.25277894000340473
3.1900000000000004 130964.35682 0.25277366895122355
3.21 130945.87015866667 0.2527933444090972
3.23 130928.00834133333 0.25275424873103824
3.25 130910.60829733334 0.2528362776302064
3.27 130893.871768 0.25289427449982066
3.29 130877.58195866668 0.25289442629353825
3.31 130861.68861466668 0.2529439095074969
3.33 130846.35426266666 0.25282659551498304
3.35 130831.49795866667 0.2528298528481264
3.37 130817.11847999999 0.25292411205347887
3.39 130803.03297066665 0.2529328426446903
3.41 130789.385936 0.2529849270325496
3.43 130776.13166666665 0.25305212389647
3.45 130763.28601066666 0.25308509453809297
3.47 130750.912648 0.25306389338477625
3.49 130738.904736 0.2530738603846372
3.5100000000000002 130727.24391466667 0.2530548100848481
3.5300000000000002 130715.78693066667 0.25315378450767556
3.5500000000000003 130704.79982133335 0.25320236580224226
3.5700000000000003 130694.00483866666 0.2532089568408329
3.5900000000000003 130683.51296800001 0.25325197947999756
3.6100000000000003 130673.32327866668 0.253302225034391
3.6300000000000003 130663.43536133332 0.25318149312698784
3.6500000000000004 130653.93972 0.253117049701024
3.6700000000000004 130644.71223333332 0.2531082438737602
3.6900000000000004 130635.59464533333 0.253130079370012
3.71 130626.835068 0.2531867885761294
3.73 130618.41964000001 0.25316644181762643
3.75 130610.176172 0.25308918962997046
3.77 130602.24194666665 0.25318928456216344
3.79 130594.52759866667 0.2531813449806763
3.81 130586.84987466667 0.25312814742411904
3.83 130579.508464 0.2530870418434343
3.85 130572.31496266666 0.25315189989607023
3.87 130565.39138266668 0.2532296651759585
3.89 130558.676392 0.2532397782462937
3.91 130552.14802666666 0.25323717938378043
3.93 130545.70232933335 0.2531546996937418
3.95 130539.46364 0.2531569200589067
3.97 130533.42978533333 0.25312455024171715
3.99 130527.607292 0.2530768454111071
4.01 130521.78376533333 0.2531404503933932
4.03 130516.20106133333 0.2531800865202714
4.05 130510.71694000001 0.2532050478837208
4.07 130505.45303333332 0.2531997067748002
4.09 130500.38636533334 0.253199950248992
4.11 130495.389628 0.25326084927809184
4.13 130490.67423066667 0.2532190779161312
4.15 130485.97928 0.253184340965465
4.17 130481.32842800001 0.25311667093975604
4.19 130476.85592 0.2531861178295337
4.21 130472.57572666666 0.2532331297452699
4.2299999999999995 130468.360364 0.25318126337964897
4.25 130464.37537600001 0.25324791995326107
4.27 130460.39133466668 0.2532451017057343
4.29 130456.48420666666 0.2532376248741258
4.31 130452.79729066668 0.25323075841812925
4.33 130449.128272 0.2533181048904864
4.35 130445.71878133333 0.2532953841038541
4.37 130442.25603466667 0.25336441070243004
4.39 130438.868124 0.2534217265903037
4.41 130435.52125733334 0.2534305502226534
4.43 130432.31197600001 0.2534259472478249
4.45 130429.12581866668 0.25347179479776055
4.47 130426.04769466666 0.2533910691445197
4.49 130423.00216933334 0.2533833304531927
4.51 130420.12179466666 0.25345698268280303
4.53 130417.27804800001 0.253475654392583
4.55 130414.63960400001 0.25353604175978833
4.57 130411.91461333333 0.2536098807287772
4.59 130409.18384533333 0.25358674585095836
4.61 130406.65573733335 0.25351796204851046
4.63 130404.17738000001 0.25344109597579767
4.65 130401.80406400001 0.25353309199664037
4.67 130399.42724933333 0.2535406633315886
4.69 130397.07794 0.25355799875239765
4.71 130394.82332666666 0.253599093120238
4.73 130392.66044 0.25363029590231634
4.75 130390.60601866667 0.25369979656097175
4.7700000000000005 130388.41233733334 0.2536403792595005
4.79 130386.29911733334 0.25360638438236915
4.8100000000000005 130384.281916 0.2535680857393252
4.83 130382.39210933333 0.2535681273206273
4.8500000000000005 130380.48981466667 0.2535301203415236
4.87 130378.67176533333 0.25354220441239156
4.890000000000001 130376.86401733334 0.25350630516700917
4.91 130375.09741733334 0.25351163906110885
4.930000000000001 130373.36155866667 0.2534380920256067
4.95 130371.67516 0.25341426781052834
4.97 130369.974596 0.2534777159770834
4.99 130368.58598533334 0.25355483460426026
5.01 130367.046252 0.25354009446976034
5.03 130365.69837599999 0.2535296575461468
5.05 130364.31832533333 0.2534933204516301
5.07 130362.77248666665 0.25342346351844747
5.09 130361.28025333333 0.25336126941191617
5.11 130359.91698666668 0.2533335932925905
5.13 130358.55127333335 0.2533108364477882
5.15 130357.18782533333 0.25339215229215306
5.17 130355.92733733333 0.2533535752428306
5.19 130354.65969733335 0.25328570636285663
5.21 130353.51846666666 0.2532217379464631
5.23 130352.41155066666 0.25317245547511247
5.25 130351.36840800001 0.25316346340954543
5.2700000000000005 130350.35898133334 0.25312681603735165
5.29 130349.2715013333 0.2531516380908598
5.3100000000000005 130348.172852 0.2531556735885374
5.33 130347.18475066667 0.25321180042855634
5.3500000000000005 130346.07436666667 0.25328176683353626
5.37 130345.16559466666 0.2531961340474333
5.390000000000001 130344.11344533335 0.2531886714121217
5.41 130343.1633 0.2531978892255976
5.430000000000001 130342.20973466667 0.2532606230711404
5.45 130341.30648266667 0.25328860421938043
5.47 130340.41380533334 0.25333572917395986
5.49 130339.52256933332 0.2532979078666517
5.51 130338.68306000001 0.25331218679996276
5.53 130337.82216933335 0.25334388193942975
5.55 130336.96949866667 0.2532397589453013
5.57 130336.17395466668 0.2531599592352011
5.59 130335.45288533333 0.2530988784537617
5.61 130334.57214 0.25316682340465313
5.63 130333.904608 0.2530696858600013
5.65 130333.21453333335 0.25298077292515486
5.67 130332.56657466668 0.2529368015880055
5.69 130331.93537999998 0.25293392249189783
5.71 130331.29901733334 0.25283419164379833
5.73 130330.76016266667 0.2529251679587528
5.75 130330.17091466667 0.25294857266905857
5.7700000000000005 130329.53723066667 0.253037643564653
5.79 130329.03127066666 0.2530626682114532
5.8100000000000005 130328.41528933334 0.25317291543243114
5.83 130327.774288 0.25324418207067323
5.8500000000000005 130327.27240400002 0.2532445779795544
5.87 130326.57898533333 0.25320704839696756
5.890000000000001 130326.06668533332 0.2532352756840338
5.91 130325.46082000001 0.2532717770869349
5.930000000000001 130324.837512 0.25324347215080484
5.95 130324.36947733334 0.25332943558252047
5.97 130323.95764933332 0.2533724284654409
5.99 130323.42934266667 0.2532238710679456
6.01 130322.967296 0.2532287241833674
6.03 130322.45683600001 0.2532079143804183
6.05 130321.99726933334 0.2532014332345705
6.07 130321.37900666666 0.2532446984003561
6.09 130320.96076533334 0.25330327059245406
6.11 130320.49921466666 0.25337520981046424
6.13 130320.01880533333 0.25340358116209105
6.15 130319.6483 0.25335192929686523
6.17 130319.20317599998 0.2533920786899179
6.19 130318.73374133334 0.2533115255306154
6.21 130318.34273466666 0.2533581574436802
6.23 130317.87721733334 0.2533482320674639
6.25 130317.59611733333 0.25335119213272006
6.2700000000000005 130317.19533199999 0.2532831971394026
6.29 130316.86290133333 0.2532051798496353
6.3100000000000005 130316.494148 0.25320898238006145
6.33 130316.106044 0.2532757087815464
6.3500000000000005 130315.75690533333 0.25346699837000747
6.37 130315.449556 0.25342354832884784
6.390000000000001 130315.08449333333 0.25344583460124737
6.41 130314.67377066668 0.253372264089904
6.430000000000001 130314.40294 0.2533760205583326
6.45 130314.04761866666 0.25338122506303806
6.47 130313.70756533334 0.2534325077083349
6.49 130313.358156 0.25354890230014654
6.51 130313.10774400001 0.25359707086854105
6.53 130312.81313333334 0.25356397018210336
6.55 130312.486468 0.25354727624904355
6.57 130312.204428 0.25351547671718455
6.59 130311.94454933333 0.2535663061583779
6.61 130311.75884933333 0.2535405406033384
6.63 130311.51254933335 0.2534702590477658
6.65 130311.33168 0.2533782976053522
6.67 130310.977376 0.253403316174864
6.69 130310.690308 0.2534757973111332
6.71 130310.47054133334 0.25342252493411926
6.73 130310.04172666665 0.25341165184607056
6.75 130309.895608 0.25345411991364447
6.7700000000000005 130309.61171066665 0.25345011376104293
6.79 130309.39326000001 0.2535607926641329
6.8100000000000005 130309.182128 0.2534616886875922
6.83 130308.95738799998 0.2534344803774191
6.8500000000000005 130308.78424933334 0.25341357500813205
6.87 130308.56772933333 0.2534451621046564
6.890000000000001 130308.433876 0.2534248740870679
6.91 130308.35755066667 0.2533885852834677
6.930000000000001 130308.11298533334 0.2533916556645325
6.95 130307.96879066667 0.2533099230629584
6.97 130307.70305466666 0.2532514870690466
6.99 130307.53754399999 0.25319498013953057
7.01 130307.40323066668 0.2532430931932725
7.03 130307.30459866667 0.25323712450568914
7.05 130307.14768666666 0.2531813327091267
7.07 130306.99744266667 0.2531964353308619
7.09 130306.96972266669 0.2533580242347847
7.11 130306.771136 0.2532813824007267
7.13 130306.55912399999 0.25329574383160036
7.15 130306.352052 0.2533731512475176
7.17 130306.21777066668 0.2533793254935205
7.19 130306.03153466669 0.2533731550258593
7.21 130305.75811466668 0.25334724615785925
7.23 130305.61313466668 0.25325660798545774
7.25 130305.37708266666 0.25331258931120204
7.2700000000000005 130305.332624 0.25325609170084806
7.29 130305.25107866665 0.2532623052372229
7.3100000000000005 130305.11241866667 0.2531932426243324
7.33 130304.94270266667 0.2532529694826877
7.3500000000000005 130304.83845466666 0.25328134880292796
7.37 130304.67633333332 0.2533278661771596
7.390000000000001 130304.53594133332 0.253295746703738
7.41 130304.39256400001 0.253317734041807
7.430000000000001 130304.32099733334 0.2533669269387216
7.45 130304.18364266666 0.2533375924665822
7.47 130304.10004533333 0.2532754390304236
7.49 130303.97838399999 0.25322515477055874
7.51 130303.83662399999 0.2532172088533697
7.53 130303.731564 0.25319107893871745
7.55 130303.61797866666 0.2531656030665372
7.57 130303.43310533333 0.25317999951990716
7.59 130303.45997866665 0.2530759942514053
7.61 130303.35933333334 0.253048485858515
7.63 130303.24954266667 0.25305523436277816
7.65 130303.094528 0.25317722002605786
7.67 130302.87667466668 0.25328616299711104
7.69 130302.790644 0.25331253444350493
7.71 130302.68393466667 0.25330253051992385
7.73 130302.53846799998 0.2533990264036003
7.75 130302.56220933332 0.25333781291858165
7.7700000000000005 130302.58931733333 0.2532824604782235
7.79 130302.45192666666 0.25319121665794314
7.8100000000000005 130302.34562666666 0.25320163642780585
7.83 130302.26484133334 0.25326194807207153
7.8500000000000005 130302.21605866666 0.25330789700665424
7.87 130302.06102666666 0.25329139425263825
7.890000000000001 130301.96086666666 0.2533398725455278
7.91 130301.753696 0.25335907132156027
7.930000000000001 130301.60103333331 0.2532674052220948
7.95 130301.50945066666 0.25327754331707514
7.97 130301.33372266666 0.2533359135741422
7.99 130301.32506533334 0.2534188573833193
8.01 130301.25440800001 0.25340059808892806
8.03 130300.99805999998 0.25334993847518394
8.049999999999999 130300.93015199999 0.25337985493094195
8.07 130300.78337733331 0.25330899531381096
8.09 130300.82284400001 0.2533491338665502
8.11 130300.70010666666 0.25329925511791995
8.129999999999999 130300.66239066666 0.25329724247448193
8.15 130300.68604933334 0.25328589290470765
8.17 130300.67204133334 0.25322805651511904
8.19 130300.48082533332 0.25314467548518266
8.209999999999999 130300.387788 0.2531048917049981
8.23 130300.46012533334 0.2531014390273139
8.25 130300.41864933333 0.2530869734814755
8.27 130300.28506133333 0.2531158072558126
8.29 130300.19598133334 0.2530328498382995
8.31 130300.22728533333 0.25296753407020833
8.33 130300.19017733331 0.25303662312758224
8.35 130300.08561600001 0.25306043126932787
8.37 130300.04967733333 0.2529601438317414
8.39 130300.06435199999 0.25296702423715073
8.41 130299.83058266668 0.25288659441056416
8.43 130299.85118 0.25296421571488253
8.45 130299.788036 0.25309342512808614
8.469999999999999 130299.67164533335 0.2529725746764343
8.489999999999998 130299.62873066666 0.2529771190364295
8.51 130299.56680933334 0.2529625899417888
8.53 130299.57017866666 0.2529970979727126
8.549999999999999 130299.62106666666 0.25320621564412876
8.569999999999999 130299.55258000002 0.25327589806086276
8.59 130299.44951733334 0.25329019062396363
8.61 130299.468792 0.2532512857388568
8.629999999999999 130299.53395333333 0.2532820218309091
8.649999999999999 130299.48813733333 0.253291131700686
8.67 130299.53934000002 0.2532761345351201
8.69 130299.437236 0.2532274432460409
8.709999999999999 130299.50028533334 0.2532073886938458
8.729999999999999 130299.44626133333 0.2532640341851769
8.75 130299.38134133333 0.2533435642395157
8.77 130299.29954266666 0.2533402640958022
8.79 130299.18836933334 0.2533067334743559
8.809999999999999 130299.14038133333 0.2533213336668004
8.83 130299.02849466665 0.2533016247925735
8.85 130299.02980133335 0.2533394161444043
8.87 130298.87582 0.25339035298848445
8.889999999999999 130298.805448 0.2533589263218917
8.91 130298.83609866665 0.25324412665443624
8.93 130298.78677199999 0.2531904490850068
8.95 130298.81960133332 0.25321996006966413
8.969999999999999 130298.74654 0.25318975127451027
8.989999999999998 130298.79278133332 0.25316571460627113
9.01 130298.79464133333 0.253136231931113
9.03 130298.71444000001 0.25316147668294314
9.049999999999999 130298.58905066666 0.2532812649077705
9.069999999999999 130298.40624133334 0.25324018186346664
9.09 130298.38661999999 0.25327633567113506
9.11 130298.37948 0.25328523888286547
9.129999999999999 130298.30712933333 0.25334520157740475
9.149999999999999 130298.373872 0.25335635196096973
9.17 130298.32774 0.25325813995358853
9.19 130298.28017866667 0.2532910274851411
9.209999999999999 130298.23205999998 0.25335328929311174
9.229999999999999 130298.24437333332 0.2533434908987818
9.25 130298.21987066665 0.2533703208992252
9.27 130298.31140666667 0.2533671949138976
9.29 130298.34606933332 0.25339879831937895
9.309999999999999 130298.30661599999 0.2533360125313606
9.33 130298.371152 0.25332950160008866
9.35 130298.342844 0.2532646571346518
9.37 130298.25997333333 0.25322484659626676
9.389999999999999 130298.208568 0.2530864586197714
9.41 130298.08423066666 0.2530168710708351
9.43 130298.01445066667 0.2530018815127474
9.45 130298.01602666665 0.252989057390426
9.469999999999999 130298.12340000001 0.2529201554758362
9.489999999999998 130297.92973999999 0.2529893967426827
9.51 130297.80402133333 0.25307133312781027
9.53 130297.82093999999 0.25304269832185006
9.549999999999999 130297.65713333334 0.25299689293008787
9.569999999999999 130297.67546666667 0.25295981853422334
9.59 130297.67054666666 0.2529907230395432
9.61 130297.65145599999 0.2530113625386728
9.629999999999999 130297.660296 0.2531080676905378
9.649999999999999 130297.63719866666 0.25313179694633653
9.67 130297.551028 0.2530954174108932
9.69 130297.52594933334 0.25315471589732186
9.709999999999999 130297.54493466667 0.25319899728841283
9.729999999999999 130297.624676 0.253230637171247
9.75 130297.65799333333 0.25320779513258423
9.77 130297.67676533331 0.2533093376741956
9.79 130297.67847333333 0.25328998971853833
9.809999999999999 130297.73354 0.25318136351480286
9.83 130297.72562666665 0.25308273144237564
9.85 130297.68156533333 0.2531081043091218
9.87 130297.65944399999 0.2531207689243016
9.889999999999999 130297.59050666666 0.25318100320457576
9.91 130297.55427066667 0.25325928924583313
9.93 130297.433792 0.253330774416645
9.95 130297.60950666669 0.25336130919949784
9.969999999999999 130297.61204400001 0.25329104150946835
9.989999999999998 130297.54162933334 0.2533347327109745
10.01 130297.51219066669 0.25325035837969806
10.03 130297.58340666666 0.25328775786413027
10.049999999999999 130297.46290266665 0.2533141664689719
10.069999999999999 130297.52915866667 0.25331365289741514
10.09 130297.580564 0.2533234805675172
10.11 130297.51102533334 0.25335074017430054
10.129999999999999 130297.506016 0.25329417343553706
10.149999999999999 130297.50104266667 0.253181130742632
10.17 130297.604812 0.2531024071055438
10.19 130297.5568186667 0.2531236217808363
10.209999999999999 130297.542168 0.2531363206737372
10.229999999999999 130297.44200000001 0.2531664006465624
10.25 130297.50930266667 0.25316208175979055
10.27 130297.404212 0.25310576252517775
10.29 130297.48204266667 0.2530839646422158
10.309999999999999 130297.47122533331 0.2531245098611401
10.33 130297.47394533333 0.25325465573274075
10.35 130297.43711066668 0.2533117897065983
10.37 130297.35574933334 0.25334472466124847
10.389999999999999 130297.35311466665 0.25336862459820997
10.41 130297.33560933334 0.2533397098305994
10.43 130297.298672 0.25331384312911537
10.45 130297.32675466669 0.25327500956416227
10.469999999999999 130297.39215599999 0.25339452961061376
10.489999999999998 130297.40216000001 0.25343335465063266
10.51 130297.305196 0.2533851092337454
10.53 130297.28418266668 0.253315858326648
10.549999999999999 130297.21262933333 0.2532433602420726
10.569999999999999 130297.27945866667 0.2532449302218773
10.59 130297.34237733332 0.2532734149371106
10.61 130297.327048 0.25320555752114887
10.629999999999999 130297.39429733335 0.253243329153065
10.649999999999999 130297.50140666668 0.2532056918561608
10.67 130297.40076399999 0.2532067236451373
10.69 130297.325996 0.2531129807759656
10.709999999999999 130297.37369066666 0.2531554350435114
10.729999999999999 130297.34999466667 0.2532163337104388
10.75 130297.36412133335 0.253200742955294
10.77 130297.45015733334 0.2531788669066806
10.79 130297.48191066665 0.2531485573228213
10.809999999999999 130297.51212266667 0.25313751402503337
10.83 130297.49794266668 0.25312149023805214
10.85 130297.44530133334 0.25312509117963844
10.87 130297.41918666667 0.2530717110976065
10.889999999999999 130297.36843333332 0.2530832564116141
10.91 130297.34160666665 0.25307642330620506
10.93 130297.27576266667 0.2530971915730402
10.95 130297.22850666667 0.25312655677363893
10.969999999999999 130297.25699066666 0.25314491958550495
10.989999999999998 130297.33206533332 0.25308963741991336
11.01 130297.31448933334 0.25310684203006584
11.03 130297.21454266665 0.253140351135388
11.049999999999999 130297.29014666667 0.2531683429505247
11.069999999999999 130297.256528 0.2532215943525863
11.09 130297.199712 0.25323188787516193
11.11 130297.21758933333 0.2532845158502779
11.129999999999999 130297.14664133333 0.2532685619031062
11.149999999999999 130297.21212133333 0.2533041034685878
11.17 130297.20943466666 0.25334097684700535
11.19 130297.234712 0.25335118090867215
11.209999999999999 130297.18199066666 0.2534316536488483
11.229999999999999 130297.19564800001 0.25339303016366727
11.25 130297.23340266666 0.25324010412912373
11.27 130297.15886533333 0.2532644174886956
11.29 130297.10094666666 0.25336493663671916
11.309999999999999 130297.03478266665 0.2534059863208633
11.33 130296.92334533331 0.25345606826980943
11.35 130296.89046133334 0.2534802310957632
11.37 130296.91233733333 0.25345434107212844
11.389999999999999 130296.99629466666 0.25348838506556504
11.41 130296.95543333335 0.2535574759814619
11.43 130296.99036 0.25354601096874096
11.45 130297.00492933333 0.2536268535484622
11.469999999999999 130297.00384533333 0.2536515322461752
11.489999999999998 130296.86457599999 0.2536838495809322
11.51 130296.866752 0.25360060037253856
11.53 130296.89552666666 0.253639234248326
11.549999999999999 130296.88227066667 0.2536238535181581
11.569999999999999 130296.89764933335 0.25353062970858625
11.59 130296.91138533334 0.2535820449219345
11.61 130296.85346000001 0.2535803331795811
11.629999999999999 130296.92175333334 0.2535924105930444
11.649999999999999 130296.871648 0.25359994164066835
11.67 130296.78542266667 0.2536702949633009
11.69 130296.84817733333 0.25369795411219886
11.709999999999999 130296.96706133334 0.2536105993007339
11.729999999999999 130297.01949066666 0.2536164008547202
11.75 130296.99502266666 0.2535428431864132
11.77 130296.82575733334 0.25349855846901287
11.79 130296.75812 0.2535498448266338
11.809999999999999 130296.857764 0.2534530942136431
11.83 130296.89289333334 0.25343565911787147
11.85 130296.73827066665 0.2533441943764722
11.87 130296.74271333331 0.2532967990519366
11.889999999999999 130296.69296800002 0.2532766916370087
11.91 130296.72634266666 0.2533121995105052
11.93 130296.82689466665 0.25327497863120707
11.95 130296.75258266667 0.2532071471376345
11.969999999999999 130296.7734 0.25320208840371355
11.989999999999998 130296.80120266667 0.25326294823472656
12.01 130296.88264933332 0.25327230369431586
12.03 130296.85030533334 0.25326605691965215
12.049999999999999 130296.88358666669 0.25328101147428805
12.069999999999999 130296.83936533332 0.2532301665862888
12.09 130296.73536266666 0.25325333501572334
12.11 130296.71018 0.2531983323281112
12.129999999999999 130296.61248133333 0.25322384206058673
12.149999999999999 130296.59195599999 0.2532419657490019
12.17 130296.51695066666 0.2532095606400241
12.19 130296.38198 0.25323436059012633
12.209999999999999 130296.39223200001 0.2531993198300984
12.229999999999999 130296.37340933333 0.25313957908878965
12.25 130296.36315333334 0.25317656071925915
12.27 130296.378184 0.25318685865433627
12.29 130296.47476133333 0.25315923704138454
12.309999999999999 130296.49323733334 0.25324173583275467
12.33 130296.55275066667 0.253278599920259
12.35 130296.56577866669 0.2533261277530359
12.37 130296.59360800001 0.25330884592376757
12.389999999999999 130296.61369466668 0.25336431509242535
12.41 130296.696192 0.25330706607344583
12.43 130296.77695066665 0.25331975490605374
12.45 130296.71635999999 0.2533332348338278
12.469999999999999 130296.650816 0.2533476990097509
12.489999999999998 130296.58048133334 0.25333531935718556
12.51 130296.52668666665 0.2534380243820203
12.53 130296.50741333333 0.25338101589953604
12.549999999999999 130296.48886666668 0.2533689518419357
12.569999999999999 130296.53252666668 0.2532862418880672
12.59 130296.50533866667 0.2532962549785974
12.61 130296.40987466669 0.2533757966230386
12.629999999999999 130296.34988800001 0.25343124809525414
12.649999999999999 130296.33859866667 0.2533867314440308
12.67 130296.26382533333 0.25337922315648703
12.69 130296.26001866667 0.2533932041950336
12.709999999999999 130296.26189866665 0.2533999730720093
12.729999999999999 130296.246484 0.2534201158771023
12.75 130296.244516 0.2533969409671099
12.77 130296.40101866666 0.25341035147398033
12.79 130296.42294266669 0.2534366573591746
12.809999999999999 130296.45650266667 0.25340641664285146
12.83 130296.42721333333 0.2533360242833408
12.85 130296.39199200002 0.25327804938039805
12.87 130296.409308 0.2531482361405757
12.889999999999999 130296.29968933333 0.25308987046628206
12.91 130296.370308 0.2531004358396019
12.93 130296.38307733333 0.2531482979444376
12.95 130296.34990133333 0.25319870997751237
12.969999999999999 130296.23250933333 0.2531995511063475
12.989999999999998 130296.17265733333 0.25325225935826895
13.01 130296.22415066668 0.25332026860125406
13.03 130296.21163199999 0.25337612600752696
13.049999999999999 130296.33202933331 0.25355074652040865
13.069999999999999 130296.39120533335 0.25346976012923206
13.09 130296.52127733332 0.253439402699856
13.11 130296.59758266665 0.25337753621197123
13.129999999999999 130296.56055866668 0.2533092143274443
13.149999999999999 130296.65023733332 0.253304241878828
13.17 130296.663268 0.25332759629831864
13.19 130296.65646 0.2532990398275193
13.209999999999999 130296.54104533335 0.2532522802450624
13.229999999999999 130296.605708 0.25327023410895955
13.25 130296.659164 0.2532005871801041
13.27 130296.58870666666 0.2532046746518237
13.29 130296.59932133334 0.25324960967886695
13.309999999999999 130296.600796 0.253245478258196
13.33 130296.614688 0.25323035200081656
13.35 130296.62511333333 0.2532869004986218
13.37 130296.58461466667 0.25324388756826854
13.389999999999999 130296.61847866667 0.25334760451275407
13.41 130296.599236 0.25329167009505016
13.43 130296.62534533333 0.25333561822538914
13.45 130296.60912799998 0.25333254931858495
13.469999999999999 130296.59447333335 0.25328126330659884
13.489999999999998 130296.583092 0.25331259128427275
13.51 130296.69397866668 0.25325812094139266
13.53 130296.65852133335 0.25331637764525083
13.549999999999999 130296.62176266668 0.2533212772481216
13.569999999999999 130296.660692 0.253336684491243
13.59 130296.69647066666 0.25331966979508325
13.61 130296.77577333334 0.2533851899778386
13.629999999999999 130296.73266933333 0.2533716778486955
13.649999999999999 130296.82741466667 0.2532859650391831
13.67 130296.69581599999 0.2532497905469894
13.69 130296.67356533333 0.2533186515020521
13.709999999999999 130296.62955999999 0.2533432377894591
13.729999999999999 130296.63179333333 0.25328263475568713
13.75 130296.56526133334 0.25330046661331984
13.77 130296.625332 0.25327040120777683
13.79 130296.64990799999 0.2533438847304608
13.809999999999999 130296.58166666667 0.25336570054577906
13.83 130296.560236 0.25339246502782686
13.85 130296.48044666665 0.25343057737313984
13.87 130296.44585066666 0.25349270335742147
13.889999999999999 130296.34579600001 0.2535718962788701
13.91 130296.392024 0.25355523177784717
13.93 130296.38747066667 0.2535575219135716
13.95 130296.42024533333 0.25343726315482323
13.969999999999999 130296.34982933333 0.25344661932424384
13.989999999999998 130296.38962133334 0.25345175735270503
14.01 130296.335664 0.2534591586672548
14.03 130296.344596 0.2534221086575252
14.049999999999999 130296.446324 0.2534240246494621
14.069999999999999 130296.33275333334 0.25340899166249015
14.09 130296.41688533334 0.25332467992919555
14.11 130296.35794266667 0.2533534416285106
14.129999999999999 130296.31384133335 0.253376018938541
14.149999999999999 130296.24101066668 0.25343853192398197
14.17 130296.19851066667 0.2534487289965883
14.19 130296.23551333333 0.25342002531516555
14.209999999999999 130296.27740666666 0.25346085725111145
14.229999999999999 130296.272568 0.25352731235833187
14.25 130296.22056133332 0.253560263895995
14.27 130296.20430666665 0.2535442653791958
14.29 130296.17211733334 0.2534754420017172
14.309999999999999 130296.16657066668 0.25349550433751356
14.33 130296.13141599999 0.25351045858084925
14.35 130296.24412533332 0.25345131921930336
14.37 130296.22365599999 0.25344261150255365
14.389999999999999 130296.325472 0.25343448470663726
14.41 130296.238732 0.2534468398562404
14.43 130296.11689466666 0.2535147477441284
14.45 130296.10800799998 0.2534644803542474
14.469999999999999 130296.16664533332 0.2534559306230177
14.489999999999998 130296.15725333334 0.25344468822411603
14.51 130296.12056000001 0.25340992205181984
14.53 130296.05083866665 0.25338022576126135
14.549999999999999 130296.05285866666 0.25342382604351293
14.569999999999999 130296.08586933334 0.2533655380819392
14.59 130296.067996 0.253345475570195
14.61 130296.125556 0.2533055590599801
14.629999999999999 130296.11703333333 0.2532737374899562
14.649999999999999 130296.17026 0.25326201230746537
14.67 130296.198664 0.25331602896787925
14.69 130296.25938933334 0.25334960114876165
14.709999999999999 130296.27697333333 0.2533142591204181
14.729999999999999 130296.25477066667 0.2533571848783764
14.75 130296.22854133334 0.25328537058417233
14.77 130296.191152 0.25326057130509255
14.79 130296.158596 0.2532642944312091
14.809999999999999 130296.11336399999 0.25325525682003286
14.83 130296.14868933332 0.2532427704870667
14.85 130296.23325733334 0.25329397690513444
14.87 130296.17706133335 0.253259730828202
14.889999999999999 130296.30461333334 0.25319831030028767
14.91 130296.32618133334 0.25321202770240925
14.93 130296.34875733333 0.25329805675538797
14.95 130296.37163066666 0.2533015988936293
14.969999999999999 130296.37066933332 0.25328243524836846
14.989999999999998 130296.15291199999 0.2532431362922187
15.01 130296.26899466667 0.25329951419259855
15.03 130296.37352533333 0.253300188965722
15.049999999999999 130296.368912 0.25327065485118716
15.069999999999999 130296.30696133332 0.25326734301572806
15.09 130296.36070533333 0.253307350580295
15.11 130296.411516 0.253348948240585
15.129999999999999 130296.44193999999 0.2534355477974926
15.149999999999999 130296.43226933331 0.2533435422613737
15.17 130296.40398266668 0.2533820073118433
15.19 130296.279332 0.2534081708534783
15.209999999999999 130296.184192 0.2533270436932513
15.229999999999999 130296.18071733334 0.25339944077997045
15.25 130296.19652266667 0.2534746326370828
15.27 130296.17756533335 0.2534363517084613
15.29 130296.15395466666 0.25346284867485475
15.309999999999999 130296.19703866667 0.253507460512025
15.33 130296.204244 0.2535534728876036
15.35 130296.176568 0.25361706959694247
15.37 130296.16548933333 0.25363574382784426
15.389999999999999 130296.18795200001 0.2536510310179358
15.41 130296.14533600002 0.2536212802435037
15.43 130296.12652399999 0.2536216031081149
15.45 130296.181588 0.2536681638094976
15.469999999999999 130296.23763733331 0.2536718354388905
15.489999999999998 130296.29879333335 0.2536282283293625
15.51 130296.29568666668 0.25361061494985887
15.53 130296.30858000001 0.2535123935362625
15.549999999999999 130296.37541066666 0.25339030376461463
15.569999999999999 130296.362232 0.25337392193824626
15.59 130296.35560400001 0.25340286417168595
15.61 130296.392792 0.2533544232748993
15.629999999999999 130296.40801866665 0.2533540946389874
15.649999999999999 130296.41118666668 0.2534240016004348
15.67 130296.488068 0.25341718038619304
15.69 130296.426232 0.2532914429829101
15.709999999999999 130296.39920933335 0.2533740111565899
15.729999999999999 130296.34196933333 0.2534421579063335
15.75 130296.30774933333 0.25345392849416937
15.77 130296.28826 0.25353537007802696
15.79 130296.23739599998 0.2535908919119393
15.809999999999999 130296.30763866668 0.2534905352115405
15.83 130296.28943866666 0.2534408920851611
15.85 130296.157356 0.2534759261679901
15.87 130296.07345866665 0.253410528574228
15.889999999999999 130296.008444 0.2534282080251809
15.91 130296.04068666667 0.2534004952699303
15.93 130296.06700400001 0.25340823103393606
15.95 130295.99582133334 0.2534866693728822
15.969999999999999 130295.96889866667 0.2534906392117213
15.989999999999998 130295.910032 0.2534509884557255
16.01 130295.89363466666 0.25344630781589095
16.03 130295.860884 0.25351744007919713
16.05 130295.95750399999 0.2533791808953439
16.07 130296.02208133333 0.2534101410063383
16.09 130296.11694400001 0.25335306436033267
16.11 130296.23309066668 0.25337912773324534
16.13 130296.23392933334 0.25336168211684845
16.15 130296.09971466666 0.2533215016531537
16.17 130296.11605466667 0.25339072721827754
16.19 130296.18119599999 0.25339457898573053
16.21 130296.229272 0.25344834739834327
16.23 130296.22512666667 0.2534799079046632
16.25 130296.19683466667 0.2534194201771042
16.27 130296.24685866668 0.25342666812287334
16.29 130296.31356399998 0.2534873636669001
16.31 130296.27877866666 0.25345269830440226
16.330000000000002 130296.35462533332 0.25348046874602115
16.35 130296.39643733334 0.25345635745333056
16.37 130296.37289866667 0.25346987164883633
16.39 130296.28501466666 0.2534595386139261
16.41 130296.30346666666 0.25342566208093625
16.43 130296.338716 0.2534765159888383
16.45 130296.35705066666 0.2533233487318204
16.47 130296.40864133331 0.25332342712046135
16.49 130296.40803866666 0.2533907503221394
16.509999999999998 130296.38833199999 0.2533495030729277
16.529999999999998 130296.31519333331 0.25331402399923075
16.55 130296.44764133333 0.2533648941886688
16.57 130296.43280533334 0.2533589176287082
16.59 130296.34739466666 0.2533430946808654
16.61 130296.36278533333 0.2534333758832385
16.63 130296.32760799999 0.25352829457926696
16.65 130296.307944 0.2535704972814746
16.669999999999998 130296.235032 0.2535949255286354
16.689999999999998 130296.256148 0.25360872135851575
16.71 130296.25167733335 0.25359211431897394
16.73 130296.19792800001 0.2535657113473249
16.75 130296.062904 0.2535854685244058
16.77 130296.09564533335 0.2534602253135125
16.79 130296.15489866666 0.2534697570990137
16.81 130296.18605333334 0.2534843269141752
16.83 130296.07542533333 0.25330227837715863
16.849999999999998 130296.13285733334 0.25333171137008426
16.87 130296.13126533333 0.25336872743824274
16.89 130296.25692266667 0.2532782933000796
16.91 130296.10573333334 0.2533537338229498
16.93 130296.16757066666 0.2533720629149603
16.95 130296.10186266666 0.2533080332997795
16.97 130296.19842266667 0.25331492048056814
16.99 130296.27179466668 0.25326431095721114
17.009999999999998 130296.29436666667 0.253222556236024
17.029999999999998 130296.39987600001 0.25321839630177234
17.05 130296.45828933333 0.2531452085313833
17.07 130296.41100533333 0.25310566073682694
17.09 130296.41628133334 0.25304851206287615
17.11 130296.44053200001 0.25302376779125524
17.13 130296.51538933333 0.2530412338905298
17.15 130296.55780533334 0.2529547350220264
17.169999999999998 130296.51988266667 0.2530765144657583
17.189999999999998 130296.46429733332 0.2531208102728477
17.21 130296.46765733334 0.2531437008313029
17.23 130296.47558933332 0.25306540676153777
17.25 130296.45557999998 0.2530251536251429
17.27 130296.37272666667 0.25309616527293677
17.29 130296.35665066665 0.25305845598758275
17.31 130296.345148 0.2530510037583957
17.33 130296.3428 0.25307886986315803
17.349999999999998 130296.44448266667 0.25307319574602644
17.37 130296.43332400001 0.2530534497280844
17.39 130296.40542933333 0.25305778595142225
17.41 130296.48956133332 0.25307098668845956
17.43 130296.56588533332 0.253105807940248
17.45 130296.60402266667 0.2530567234194652
17.47 130296.60720666667 0.2529956788580913
17.49 130296.62522533335 0.2530092424102498
17.509999999999998 130296.64205733332 0.25300951400331884
17.529999999999998 130296.66720266666 0.25301041768221944
17.55 130296.64009999999 0.2529761477654261
17.57 130296.61665466666 0.2529827062976412
17.59 130296.58295733333 0.25298972806113634
17.61 130296.65201466667 0.25306150508388636
17.63 130296.64528933333 0.2530218613274099
17.65 130296.64518266666 0.25306079165936624
17.669999999999998 130296.61495466667 0.2530947577146248
17.689999999999998 130296.71560266666 0.25305910073292714
17.71 130296.72782933334 0.2531086527840512
17.73 130296.55816133335 0.25314331149632907
17.75 130296.60526266665 0.2531792785173974
17.77 130296.58141466667 0.2531766666847021
17.79 130296.602052 0.25319681982603903
17.81 130296.63399199999 0.25311844116351306
17.83 130296.55612 0.2531539554162126
17.849999999999998 130296.50686266669 0.25320137646814794
17.87 130296.55869866666 0.2531792588632636
17.89 130296.48285333333 0.25313691957641843
17.91 130296.48588533334 0.253120440182254
17.93 130296.48933466666 0.2531401795633692
17.95 130296.43334266667 0.25314091293993374
17.97 130296.41138666667 0.25310696385184855
17.99 130296.48919066667 0.2530321662535723
18.009999999999998 130296.50288666665 0.2531370239852547
18.029999999999998 130296.46098533334 0.253121296405796
18.05 130296.43537066667 0.2531133179202867
18.07 130296.43235333334 0.25308501103509945
18.09 130296.415876 0.25315073983285774
18.11 130296.40268666667 0.2532149716247932
18.13 130296.538908 0.2532715854818106
18.15 130296.55198533334 0.2532375665249699
18.169999999999998 130296.51876266666 0.25328089061739356
18.189999999999998 130296.54327866668 0.2532819720255778
18.21 130296.46748533334 0.2532421348853777
18.23 130296.49096533333 0.25326465282210425
18.25 130296.45763066667 0.253306153909543
18.27 130296.38037866667 0.2533067273107666
18.29 130296.355564 0.25335242673220365
18.31 130296.43441066665 0.25333713988073153
18.33 130296.43677066667 0.25333337210943985
18.349999999999998 130296.46481733333 0.25326471262534705
18.37 130296.43695733334 0.2532858760403149
18.39 130296.519708 0.2531690288607317
18.41 130296.39390933333 0.25322563512216634
18.43 130296.44630533332 0.25321896038360303
18.45 130296.42040666667 0.2532668346061402
18.47 130296.40697733333 0.2531728210343467
18.49 130296.497088 0.25311236809933696
18.509999999999998 130296.41215733334 0.25319371628205417
18.529999999999998 130296.34597333334 0.2532225403270105
18.55 130296.42671866665 0.2532146118675399
18.57 130296.46767466668 0.25317491034304196
18.59 130296.36731466667 0.25317209973166355
18.61 130296.31655733334 0.25316976308614203
18.63 130296.28691200001 0.25318751559226843
18.65 130296.34581733333 0.25319437231766745
18.669999999999998 130296.48536933333 0.2531516872158923
18.689999999999998 130296.42904666667 0.25315174986337763
18.71 130296.49980399999 0.2532120933630944
18.73 130296.58432266666 0.25321623311760827
18.75 130296.485984 0.25323948264930546
18.77 130296.50095866666 0.2533052685937266
18.79 130296.51768533333 0.2532683600790962
18.81 130296.47691733333 0.25331371166275274
18.83 130296.408656 0.25334614911110864
18.849999999999998 130296.37702533332 0.253369974814383
18.87 130296.35162533334 0.25338615392222924
18.89 130296.38996533334 0.25334983342634837
18.91 130296.35152 0.25345780451070987
18.93 130296.40723066666 0.25338556368499565
18.95 130296.40019466667 0.253391715776788
18.97 130296.48481733332 0.25335636368596304
18.99 130296.47026533331 0.2533455592121104
19.009999999999998 130296.46388266666 0.2533355074339572
19.029999999999998 130296.49050933334 0.2533357928525636
19.05 130296.52198133334 0.2533585078397032
19.07 130296.535332 0.25334513383052054
19.09 130296.51194 0.25337435540010167
19.11 130296.526232 0.2533754989359398
19.13 130296.49275866666 0.25340651773132516
19.15 130296.47577466667 0.25341736832090755
19.169999999999998 130296.52716000001 0.2534472790154298
19.189999999999998 130296.51145866668 0.25343356584732724
19.21 130296.61817733332 0.2533852904100601
19.23 130296.64822933334 0.2533624120643381
19.25 130296.69991200001 0.25337634582063995
19.27 130296.75766 0.25331302734408023
19.29 130296.72354266667 0.2533380132484037
19.31 130296.67860800002 0.2532970783942872
19.33 130296.73167733333 0.2533371485729074
19.349999999999998 130296.71750266667 0.25341234265472673
19.37 130296.707004 0.25331667104030803
19.39 130296.59397733334 0.25339801101654613
19.41 130296.68059599999 0.2534131015377921
19.43 130296.58806400001 0.25341666218075
19.45 130296.53786666668 0.2534264260757578
19.47 130296.59108666667 0.25340323667176284
19.49 130296.60229066666 0.25336749798965524
19.509999999999998 130296.62455866666 0.25338136650862203
19.529999999999998 130296.70839866668 0.25330968426030204
19.55 130296.77695733332 0.25330930562116677
19.57 130296.64940933332 0.25325013542796515
19.59 130296.59806933334 0.25329090992361286
19.61 130296.66711066666 0.25329612453076267
19.63 130296.697604 0.25319335435112134
19.65 130296.67996800001 0.2531582501797517
19.669999999999998 130296.65127999999 0.2532164793273864
19.689999999999998 130296.557772 0.2531466307434151
19.71 130296.70328666667 0.25312902031338524
19.73 130296.64569200002 0.25312797179462
19.75 130296.756828 0.253143195482002
19.77 130296.81789199999 0.2531700454833691
19.79 130296.88186266666 0.25321220925885074
19.81 130296.90872266667 0.25323595752280126
19.83 130296.89737733334 0.25321085169424445
19.849999999999998 130296.94086 0.25320285664095055
19.87 130296.98020533333 0.2532312623689446
19.89 130297.13417333332 0.25327818117795725
19.91 130296.99042533335 0.25329162218629775
19.93 130296.96612266666 0.25347963707353843
19.95 130296.90202666668 0.25346934698467904
19.97 130296.89053599999 0.2533711198042778
19.99 130296.81813733335 0.25336487392139034
20.009999999999998 130296.81074933332 0.25330978236148183
20.029999999999998 130296.85437866667 0.2533404827212016
20.05 130296.786088 0.2534038769869284
20.07 130296.79502533333 0.2534121928071069
20.09 130296.75525866666 0.2534292735036832
20.11 130296.681036 0.2533524570497757
20.13 130296.80930666669 0.2533394595497199
20.15 130296.78567066668 0.25329978003943415
20.169999999999998 130296.74341333333 0.25332095313252534
20.189999999999998 130296.661776 0.25325802093334193
20.21 130296.55277466666 0.2531953115876025
20.23 130296.62399866666 0.2531678433595882
20.25 130296.636256 0.253127307458759
20.27 130296.71506533334 0.25301434282786256
20.29 130296.74558133332 0.2530283361096309
20.31 130296.69760133333 0.25306530950410716
20.33 130296.79879199999 0.2531067311530931
20.349999999999998 130296.76177733333 0.25305433806387484
20.37 130296.711012 0.2530447656437893
20.39 130296.77932 0.25301558641333827
20.41 130296.84362266667 0.2530267345154036
20.43 130296.85958399999 0.253066692569564
20.45 130296.834412 0.2530622174311097
20.47 130296.83674 0.25312807561345
20.49 130296.928688 0.25305772995042025
20.509999999999998 130296.91856533333 0.2530865144307929
20.529999999999998 130296.81290666666 0.2530363769890574
20.55 130296.87090800001 0.2531340494246132
20.57 130296.83796533334 0.25310775773690974
20.59 130296.77552266666 0.2531272639846275
20.61 130296.749912 0.25316886984984194
20.63 130296.72560533334 0.25319051145166116
20.65 130296.73455466668 0.25322912755863103
20.669999999999998 130296.76897333332 0.2532307175081807
20.689999999999998 130296.73640266666 0.25325013512205724
20.71 130296.81337066668 0.25328012073754386
20.73 130296.84500266667 0.2533545785332493
20.75 130296.82772666668 0.25330647022255093
20.77 130296.74350666665 0.2532658027655806
20.79 130296.88152 0.253190800935003
20.81 130296.87565466666 0.25318903686101
20.83 130296.80742133333 0.2531771391159182
20.849999999999998 130296.72952666669 0.2531648202201552
20.87 130296.770904 0.25312806535041105
20.89 130296.84743600001 0.2531613785531491
20.91 130296.74778133334 0.2531486869489431
20.93 130296.71367466665 0.2530968053754597
20.95 130296.76055199999 0.25316767310783334
20.97 130296.78798133333 0.25320820555879625
20.99 130296.66384666666 0.25323759828824693
21.009999999999998 130296.60235599999 0.2531965186049579
21.029999999999998 130296.66930000001 0.25323575081418376
21.05 130296.652352 0.2532563790929348
21.07 130296.65609199999 0.2533310694218299
21.09 130296.58233599999 0.253396489116914
21.11 130296.61888933333 0.25326891843975785
21.13 130296.643552 0.2532954893617081
21.15 130296.59214666668 0.25327464536464117
21.169999999999998 130296.44309866668 0.2532314022158903
21.189999999999998 130296.35526399998 0.25317418780403056
21.21 130296.37571600001 0.25314034346191333
21.23 130296.39799866665 0.25335176760175304
21.25 130296.41799333334 0.25334047087633
21.27 130296.329052 0.2532931988003903
21.29 130296.325268 0.25325750600092717
21.31 130296.350936 0.2531633213947461
21.33 130296.393576 0.2531695031649268
21.349999999999998 130296.38146266667 0.2532224150394948
21.37 130296.327924 0.2532372448163497
21.39 130296.40443866668 0.25325136008327964
21.41 130296.40543466667 0.2532053574909026
21.43 130296.38636933333 0.25317838381439484
21.45 130296.44005199999 0.25311587159196475
21.47 130296.47570266668 0.25309252964034384
21.49 130296.36569733333 0.25306651032431704
21.509999999999998 130296.31844133334 0.2530842665679152
21.529999999999998 130296.39596666666 0.2531185384415248
21.55 130296.35724533335 0.25321715115393306
21.57 130296.41949466665 0.25328707341328005
21.59 130296.46047333333 0.2532791421862346
21.61 130296.47430266667 0.25321727101335234
21.63 130296.47694933334 0.25330291035687286
21.65 130296.46167066666 0.25334691740443327
21.669999999999998 130296.566 0.25339568889678343
21.689999999999998 130296.51300666666 0.25341872425216183
21.71 130296.499416 0.2534144459438736
21.73 130296.41972533334 0.2533958485659278
21.75 130296.44072266667 0.25336955660657634
21.77 130296.47782133333 0.25328684203941476
21.79 130296.42677866668 0.25323118059606853
21.81 130296.43374000001 0.2532852460418233
21.83 130296.47681200001 0.25323722638536383
21.849999999999998 130296.35019333333 0.2532121627581476
21.87 130296.30576799999 0.25317856339172073
21.89 130296.19647333333 0.2532400270569518
21.91 130296.12277466667 0.253254669431
21.93 130296.09294 0.2531835114600652
21.95 130296.185588 0.25319783153279046
21.97 130296.25611733334 0.2532680160788929
21.99 130296.26585866667 0.25326941736116254
22.009999999999998 130296.24731733333 0.25324082576566725
22.029999999999998 130296.28097066666 0.2532573556060298
22.05 130296.25231733333 0.2532729893788633
22.07 130296.31827333334 0.253270494731061
22.09 130296.26704133334 0.2532555041561137
22.11 130296.28238799999 0.2532689659704076
22.13 130296.29050933334 0.2532821006772819
22.15 130296.290832 0.25327267884812477
22.169999999999998 130296.34040266667 0.25330064515240297
22.189999999999998 130296.32404666666 0.2532828081116649
22.21 130296.33381866667 0.25328299012172634
22.23 130296.44988133333 0.25338016869191865
22.25 130296.439636 0.25337188303422953
22.27 130296.33320133333 0.25319255200994917
22.29 130296.40861466667 0.2531415680602127
22.31 130296.48638133335 0.2531984502013512
22.33 130296.42902800001 0.2531277540656285
22.349999999999998 130296.47269733335 0.2531150730744733
22.37 130296.48722000001 0.2531616787827266
22.39 130296.56610933333 0.2531636404832242
22.41 130296.48399333331 0.25316547793619487
22.43 130296.53009733334 0.2530683074048995
22.45 130296.56596266666 0.2531728423716519
22.47 130296.50875866669 0.25319114737508625
22.49 130296.48944800001 0.2531649689198186
22.509999999999998 130296.43278266667 0.2533121124187893
22.529999999999998 130296.38459733334 0.2532946190516906
22.55 130296.41165866665 0.2532830824739539
22.57 130296.49870933333 0.25322160664562365
22.59 130296.58328133334 0.25325290869770173
22.61 130296.59577866667 0.2532297251281073
22.63 130296.54026666668 0.25317771969760083
22.65 130296.50924133335 0.25318848102934377
22.669999999999998 130296.62811866667 0.2532163166149204
22.689999999999998 130296.65218399999 0.2530791776497711
22.71 130296.56179733333 0.2531040879775149
22.73 130296.69161333333 0.25312059825326605
22.75 130296.61584000001 0.25311114566183107
22.77 130296.609096 0.2531313836651933
22.79 130296.64855866667 0.253059162247285
22.81 130296.62884933333 0.2531130287879574
22.83 130296.58569066666 0.2530756376570906
22.849999999999998 130296.65352133333 0.25322979874630624
22.87 130296.62172666666 0.25322986441941997
22.89 130296.59450533331 0.25318428075195853
22.91 130296.67094933333 0.2532433679390523
22.93 130296.59852133333 0.25312194363574736
22.95 130296.606944 0.25308012252601436
22.97 130296.61590133331 0.25311732481491295
22.99 130296.63313199999 0.2531891220482558
23.009999999999998 130296.63295066665 0.2532986664485322
23.029999999999998 130296.52212266666 0.2532869098317296
23.05 130296.52351333333 0.25334580088481445
23.07 130296.55998399999 0.2533669099816818
23.09 130296.54678266667 0.25333165846097794
23.11 130296.51959866667 0.25334217569090894
23.13 130296.48681733332 0.25341651016236383
23.15 130296.529276 0.25335918196876483
23.169999999999998 130296.41112 0.25336332124941285
23.189999999999998 130296.32761066666 0.25334125237822264
23.21 130296.42923066666 0.25332842834577696
23.23 130296.35545466667 0.25340281531951697
23.25 130296.438116 0.2533716525273853
23.27 130296.39920266665 0.25339024985146913
23.29 130296.25875066666 0.25340721181874687
23.31 130296.28195599999 0.25348884378876907
23.33 130296.25365733332 0.25345227382746177
23.349999999999998 130296.167292 0.2535110728760992
23.37 130296.17509733334 0.25349065647241603
23.39 130296.02663466666 0.25358049741641525
23.41 130296.06053333334 0.2535047982555331
23.43 130296.03396799999 0.25345511587211506
23.45 130296.08263066667 0.2534011423300204
23.47 130296.11463866667 0.2533225015548755
23.49 130296.18917066668 0.2534281111399295
23.509999999999998 130296.201656 0.2533413939146031
23.529999999999998 130296.19978533333 0.2533334488990143
23.55 130296.390396 0.2533203861755203
23.57 130296.43273866666 0.25328128372787406
23.59 130296.54240133331 0.25336723267675143
23.61 130296.575708 0.2534477983600863
23.63 130296.58585466666 0.2534381021020712
23.65 130296.55348266667 0.2533673812485212
23.669999999999998 130296.55057200001 0.2532888120768501
23.689999999999998 130296.54348666669 0.2532955092676383
23.71 130296.52294000001 0.2532896360244378
23.73 130296.43036666668 0.2532791942348482
23.75 130296.56103333333 0.2532751398427008
23.77 130296.53957066667 0.2532251630492276
23.79 130296.46055333334 0.2533440510649903
23.81 130296.49097733333 0.25337120406797414
23.83 130296.54039733333 0.2532213315964564
23.849999999999998 130296.535208 0.25332674499409313
23.87 130296.66134933334 0.2533539053151451
23.89 130296.67735733333 0.2533292061679709
23.91 130296.70145733334 0.25338501422938275
23.93 130296.534644 0.25326920146622856
23.95 130296.50504533332 0.25329901351472206
23.97 130296.55843599999 0.2533648867251192
23.99 130296.62038400001 0.2534552832121454
24.009999999999998 130296.56181466667 0.2533843965342141
24.029999999999998 130296.529052 0.25337012639208883
24.05 130296.487208 0.25334673248015105
24.07 130296.43919066667 0.25334361100478847
24.09 130296.524764 0.2533559140565638
24.11 130296.63843066666 0.25333409592634537
24.13 130296.60817466668 0.253358906216991
24.15 130296.66808533334 0.25337895244962133
24.169999999999998 130296.78049333334 0.25345696063226103
24.189999999999998 130296.78268933334 0.2534619317273813
24.21 130296.70002799999 0.253509518707725
24.23 130296.74623066667 0.25352703990698106
24.25 130296.78330400001 0.253491558774818
24.27 130296.69952266666 0.2535880266784128
24.29 130296.62853333334 0.2535805495613487
24.31 130296.68057866665 0.2535184755449473
24.33 130296.71331866668 0.25353845390251606
24.349999999999998 130296.76345333332 0.253490948022649
24.37 130296.76607333333 0.2533965814317697
24.39 130296.80481066667 0.2533693587853651
24.41 130296.683552 0.25332690716369244
24.43 130296.64103466668 0.25339527965143777
24.45 130296.66539600001 0.25342953575329724
24.47 130296.63763466667 0.25338424347868665
24.49 130296.69784666665 0.253393823427769
24.509999999999998 130296.661372 0.25339483143353825
24.529999999999998 130296.62876133333 0.25339326113538246
24.55 130296.551684 0.2534149411758282
24.57 130296.53506133331 0.2534227727437201
24.59 130296.38044533333 0.253384982945255
24.61 130296.33562933333 0.2533646839634778
24.63 130296.268496 0.25336087137514235
24.65 130296.25919333333 0.25344762628724826
24.669999999999998 130296.34143466667 0.25337983522134805
24.689999999999998 130296.39518133333 0.2534325033741374
24.71 130296.44539866666 0.25339317401683925
24.73 130296.45780933333 0.25342095972493955
24.75 130296.503772 0.2534347111738978
24.77 130296.50215066667 0.25343579154699486
24.79 130296.522456 0.2534739549513489
24.81 130296.47067066666 0.2535046823569159
24.83 130296.54449066668 0.2535175017704382
24.849999999999998 130296.49718266667 0.25343929745572197
24.87 130296.43218266667 0.2533813260739391
24.89 130296.45149866666 0.2534075818653108
24.91 130296.39275999999 0.2533440469768102
24.93 130296.30137200002 0.2533889632315518
24.95 130296.35782266666 0.25337094466041377
24.97 130296.41506933334 0.2532310667767113
24.99 130296.47716933333 0.2532141784016452
25.009999999999998 130296.48108933333 0.25322007995233914
25.029999999999998 130296.51275466666 0.2532246625878766
25.05 130296.51880533333 0.25325139201482455
25.07 130296.47966933333 0.2532847798006506
25.09 130296.406516 0.25332542113065193
25.11 130296.41804666669 0.25321575966831367
25.13 130296.51839066666 0.25315105815802147
25.15 130296.43925466668 0.25325403145326997
25.169999999999998 130296.44377733333 0.25326677789899277
25.189999999999998 130296.520108 0.25335475876410085
25.21 130296.521956 0.253408083474727
25.23 130296.65229466665 0.25339782894249996
25.25 130296.517988 0.2534405017673532
25.27 130296.51453066667 0.2534015710597985
25.29 130296.50827600001 0.25344145286904196
25.31 130296.45406266666 0.25351691034130325
25.33 130296.43089466666 0.2534982275615113
25.349999999999998 130296.41081733334 0.253477845271475
25.37 130296.43741733333 0.2534672495511734
25.39 130296.41853200001 0.25340640322723706
25.41 130296.415016 0.25342530310294276
25.43 130296.35798666667 0.2534346756416148
25.45 130296.411368 0.25349326908166936
25.47 130296.23741199999 0.2534269896664969
25.49 130296.26735600001 0.25348902773539406
25.509999999999998 130296.37116133333 0.2534348840189142
25.529999999999998 130296.35613466665 0.253489587296011
25.55 130296.35292133334 0.25349445114170743
25.57 130296.28808266667 0.2534766130063767
25.59 130296.271056 0.25346894366778977
25.61 130296.26412933333 0.2533728842386079
25.63 130296.25872933335 0.25337974131729907
25.65 130296.16526933335 0.2533260630642744
25.669999999999998 130296.13461066666 0.2533582745437596
25.689999999999998 130296.18283466666 0.2533543120390408
25.71 130296.23805066667 0.2534089332371249
25.73 130296.36090266667 0.2533959376564453
25.75 130296.464016 0.2533874377505595
25.77 130296.59603866667 0.2534501557896496
25.79 130296.60293200001 0.2534019504142754
25.81 130296.57045733335 0.2533306139450273
25.83 130296.57274133334 0.25335488983173443
25.849999999999998 130296.71310666669 0.2533719030035467
25.87 130296.66291333333 0.25341371990732814
25.89 130296.69489333333 0.25336823855055257
25.91 130296.67471866668 0.253422280478314
25.93 130296.705548 0.25338194075202536
25.95 130296.725596 0.2533967855401209
25.97 130296.70841333334 0.2534404629356554
25.99 130296.62503600001 0.25346133898727247
26.009999999999998 130296.68160000001 0.2534312321649236
26.029999999999998 130296.71916933334 0.2534068486883396
26.05 130296.65032400002 0.2534467403798
26.07 130296.54782800001 0.2534125252704604
26.09 130296.44867866668 0.253389351109511
26.11 130296.49248399999 0.25339714632310345
26.13 130296.45786133333 0.25334016650047947
26.15 130296.43719333333 0.253340369182819
26.169999999999998 130296.40762266668 0.25342379703569173
26.189999999999998 130296.41947066667 0.2534548340943501
26.21 130296.349216 0.253473388475273
26.23 130296.39661733333 0.2534945881704732
26.25 130296.43099466666 0.2534526126833826
26.27 130296.484284 0.2534477787237009
26.29 130296.47316800001 0.25351826312953235
26.31 130296.52495333334 0.2534707558289951
26.33 130296.61710933334 0.2533503339128903
26.349999999999998 130296.62170266667 0.2533480158012671
26.37 130296.54868533334 0.2533388645797922
26.39 130296.48240399998 0.25323995566147256
26.41 130296.46940133334 0.2532135188480309
26.43 130296.42413066668 0.2532136069885552
26.45 130296.33151733334 0.25319245027540266
26.47 130296.322252 0.2532614513474869
26.49 130296.30767200001 0.25322133235732047
26.509999999999998 130296.31724133334 0.2533364826431637
26.529999999999998 130296.31068266666 0.25326337005851723
26.55 130296.25855466667 0.25323318189311855
26.57 130296.27509733333 0.25323068479271427
26.59 130296.36187866665 0.2532399650577147
26.61 130296.43852133333 0.25322152209181203
26.63 130296.38509199998 0.25317788597929086
26.65 130296.43218133334 0.2531946212273672
26.669999999999998 130296.351772 0.2532936739512791
26.689999999999998 130296.51246266667 0.25333000052748145
26.71 130296.52603733333 0.2532993331493879
26.73 130296.508928 0.2533417160514304
26.75 130296.54831333332 0.2533384474147932
26.77 130296.51460400001 0.25328523110370355
26.79 130296.475336 0.2533059644490917
26.81 130296.395196 0.25332836128450503
26.83 130296.30534533334 0.25336653723380104
26.849999999999998 130296.25816266667 0.2532882350621897
26.87 130296.21500533333 0.2532005989227735
26.89 130296.30528266667 0.2531116152741083
26.91 130296.37789599999 0.25305727302318026
26.93 130296.39877999999 0.2530258260708222
26.95 130296.34130933334 0.25306696734391915
26.97 130296.26177466667 0.25307871858817704
26.99 130296.251132 0.25308643919628604
27.009999999999998 130296.25436133334 0.25301671070437737
27.029999999999998 130296.219068 0.2530486263372986
27.05 130296.21188533332 0.2530139534005751
27.07 130296.20114666666 0.25297924991234527
27.09 130296.16648 0.25307655888726355
27.11 130296.15727733332 0.25309467514500467
27.13 130296.04009333334 0.25312113891150845
27.15 130296.13333200001 0.25312699906932307
27.169999999999998 130296.03074799999 0.253128438025517
27.189999999999998 130295.87450133332 0.2532078211154458
27.21 130295.87940666666 0.2532404156755345
27.23 130295.948352 0.2531731666389009
27.25 130295.94468266665 0.2531883500154498
27.27 130295.94238266666 0.2531516856098349
27.29 130295.86041866665 0.2532030961603195
27.31 130295.83156933334 0.25317013134793936
27.33 130295.82093866666 0.2531276909541783
27.349999999999998 130295.86989199999 0.2531247249638736
27.37 130295.912576 0.2531050920963617
27.39 130295.85949199999 0.2531132421411776
27.41 130295.91225200001 0.2532411919843193
27.43 130295.867776 0.25329790290238485
27.45 130295.88790933334 0.25333261173702676
27.47 130295.88997866666 0.25333189838352843
27.49 130295.89826266665 0.2533538107751578
27.509999999999998 130295.91005333334 0.25340560866446565
27.529999999999998 130295.861688 0.25341983440873334
27.55 130295.81502266666 0.2533893736927568
27.57 130295.89267199999 0.2534075937251894
27.59 130295.91648133332 0.25339267874210497
27.61 130296.04719333333 0.25343227549418335
27.63 130296.08451733334 0.2534144609725321
27.65 130296.12331866666 0.2535028587538211
27.669999999999998 130296.09669199999 0.2534109377148197
27.689999999999998 130296.044744 0.2533385716098243
27.71 130296.174968 0.2533214432781572
27.73 130296.21116133334 0.2533258414063871
27.75 130296.24750933333 0.2533027906543626
27.77 130296.23748133332 0.25325942223714054
27.79 130296.283664 0.2532347348963729
27.81 130296.20038533333 0.25329346236340783
27.83 130296.28360400001 0.25321152465608543
27.849999999999998 130296.23525866665 0.25324323099985985
27.87 130296.22809866667 0.2531934545339405
27.89 130296.26292666666 0.2532666525002577
27.91 130296.26873866667 0.2533090084668265
27.93 130296.29952399999 0.2532914504251104
27.95 130296.38541866667 0.25335494345132287
27.97 130296.33452666666 0.25339085862809335
27.99 130296.29666666666 0.2534653895717902
28.009999999999998 130296.30087733333 0.25339468149924127
28.029999999999998 130296.36144266666 0.2534629363426738
28.05 130296.39468133333 0.253497604048261
28.07 130296.39579733333 0.2534338183077875
28.09 130296.495172 0.2533973355167192
28.11 130296.58169599998 0.25335158296427124
28.13 130296.54012000002 0.2533476395673643
28.15 130296.52160933331 0.2533544501194173
28.169999999999998 130296.52002 0.25347426502563586
28.189999999999998 130296.47072666667 0.25347210504120155
28.21 130296.52452666666 0.2533541495323547
28.23 130296.46778 0.2533386212845526
28.25 130296.50881066667 0.25331371973318684
28.27 130296.46995733335 0.2533052327055665
28.29 130296.51681866667 0.25334234697693986
28.31 130296.54071333334 0.25334715551375336
28.33 130296.623812 0.2534171114734476
28.349999999999998 130296.618468 0.2534368037438953
28.37 130296.64111733335 0.25346620601732606
28.39 130296.76505333334 0.25346641528113645
28.41 130296.61077733335 0.253462227081033
28.43 130296.70405733332 0.25347418862153465
28.45 130296.57524933333 0.2535138447187927
28.47 130296.57214666667 0.2535217920483719
28.49 130296.51762266667 0.2535476331791481
28.509999999999998 130296.530272 0.25350756635780297
28.529999999999998 130296.36664266666 0.25345675428361286
28.55 130296.32451733333 0.2534337885469314
28.57 130296.37114266666 0.25352044941063895
28.59 130296.37591733334 0.25357432104048816
28.61 130296.444432 0.25358846731004825
28.63 130296.431892 0.2534504441495332
28.65 130296.40676000001 0.2535064559381448
28.669999999999998 130296.31807866666 0.2534590865754434
28.689999999999998 130296.22850933333 0.2534347397839089
28.71 130296.14612666666 0.25346370721393086
28.73 130296.04486133333 0.25351957322458496
28.75 130296.087584 0.253501680996226
28.77 130296.06426266667 0.2534564350668388
28.79 130296.03521999999 0.2535553650073347
28.81 130296.07619866668 0.2535621311194711
28.83 130296.18518533334 0.25349279066112124
28.849999999999998 130296.33476266667 0.2534763262660639
28.87 130296.41518400001 0.25346689191862115
28.89 130296.42439466667 0.2534097169732051
28.91 130296.35893466666 0.2533838138656389
28.93 130296.36716266666 0.2533640766864487
28.95 130296.357216 0.2533622469473927
28.97 130296.253132 0.2533247095473807
28.99 130296.32075866667 0.2532980581115471
29.009999999999998 130296.263416 0.25331355430250624
29.029999999999998 130296.26413866667 0.2533553282400642
29.05 130296.17118 0.25344713351860776
29.07 130296.12923733334 0.2533502886595699
29.09 130296.14408666667 0.2534163010835512
29.11 130296.12999866666 0.25328153012672133
29.13 130296.12578666667 0.2533066152346297
29.15 130296.09240266669 0.25341033641645666
29.169999999999998 130296.12596933333 0.253355612725804
29.189999999999998 130296.242908 0.2533608659430183
29.21 130296.21813333334 0.25340622963647136
29.23 130296.24199733333 0.2534530868624929
29.25 130296.28900666666 0.25350707513791637
29.27 130296.33071866666 0.2534922919021025
29.29 130296.39862133333 0.2534769439290921
29.31 130296.23678800001 0.2535612785285131
29.33 130296.18008533333 0.25353230347311245
29.349999999999998 130296.15910666666 0.25357844320865064
29.37 130296.17914666669 0.2534999676043065
29.39 130296.19876533333 0.2534476968206666
29.41 130296.28896533334 0.253416305173681
29.43 130296.313708 0.253470457618893
29.45 130296.456904 0.2535269403915433
29.47 130296.49833733332 0.25353145285837525
29.49 130296.428808 0.2535274455487854
29.509999999999998 130296.43346666668 0.2535825874405405
29.529999999999998 130296.51090266666 0.2535125053311746
29.55 130296.52780133333 0.2534644706323252
29.57 130296.395124 0.25343533730508494
29.59 130296.461236 0.2534528950722743
29.61 130296.44222 0.2533872822891694
29.63 130296.45608933334 0.25339377872692537
29.65 130296.50151333332 0.25342346159347545
29.669999999999998 130296.57585200001 0.2534662558709747
29.689999999999998 130296.68688133333 0.2534460528244494
29.71 130296.55430666666 0.253459707840207
29.73 130296.51384133333 0.2535789477114508
29.75 130296.51081733334 0.2535450674944972
29.77 130296.450108 0.25350248750677895
29.79 130296.44073466666 0.2534676911591712
29.81 130296.498108 0.25347168478941584
29.83 130296.56725200001 0.2533915831774051
29.849999999999998 130296.52441866667 0.25337767177728115
29.87 130296.62263333335 0.2533488343847039
29.89 130296.56958533335 0.2533147219570597
29.91 130296.52735066666 0.2533351882348153
29.93 130296.622548 0.2533696039871806
29.95 130296.70781333333 0.25342947161548945
29.97 130296.75340933334 0.2534527053499349
29.99 130296.709316 0.2533821668036795
30.009999999999998 130296.66224133334 0.2533891000207044
30.029999999999998 130296.68400800001 0.2533326440293914
30.05 130296.713872 0.25338853624240204
30.07 130296.76604666667 0.2533960327943952
30.09 130296.70542533332 0.2534253715762128
30.11 130296.78016533333 0.2535139235841448
30.13 130296.790664 0.25351258232029217
30.15 130296.72128 0.2534978868093838
30.169999999999998 130296.78962266666 0.2534407672012993
30.189999999999998 130296.70480800001 0.25341678524952643
30.21 130296.73284933333 0.2533080388853025
30.23 130296.68245200001 0.2532128276377651
30.25 130296.66548666666 0.25319285727376395
30.27 130296.60222266667 0.2532229482103225
30.29 130296.58523200001 0.25332722496980403
30.31 130296.53754266666 0.25330482027464113
30.33 130296.47019600001 0.2531940966502917
30.349999999999998 130296.48173466668 0.25323341376725994
30.37 130296.51085466666 0.25320370468826703
30.39 130296.54494133334 0.25317250462624746
30.41 130296.50367333333 0.2531017604894758
