0.0 55999.27646933333 0.6765111906779865
0.02 64928.741153333336 0.6809755269457309
0.04 73677.34815466667 0.6848844120837796
0.06 82248.45162133333 0.6883016571834177
0.08 90645.87685066667 0.6911818742058211
0.1 98872.75400533334 0.6936924064394265
0.12 106932.73520266666 0.695949795453277
0.14 114828.86962933333 0.6978089397862502
0.16 122564.433352 0.6991796525763604
0.18 130142.93918666667 0.7001698845264162
0.2 137567.20214666668 0.7008206198017821
0.22 144840.38122933335 0.7011339382165905
0.24 151965.215524 0.7013329471298538
0.26 158945.028324 0.7012552717983196
0.28 165782.72706266667 0.7009404822583477
0.3 172480.73237733333 0.7003117166936191
0.32 179042.287824 0.6995384959810235
0.34 185469.592536 0.6985286255827365
0.36 191765.44504933333 0.6971991451784993
0.38 197932.85222266667 0.6958960951981696
0.4 203973.99462133335 0.6944310935752388
0.42 209892.51663199998 0.9807500806959475
0.44 203391.12918400002 0.9781816527723614
0.45999999999999996 197162.828256 0.9756211493824514
0.48 191195.82928266667 0.9728234499024683
0.5 185476.616544 0.9697296522188452
0.52 179993.45457866666 0.9673824872145033
0.54 174735.2898133333 0.964828440949665
0.56 169690.94282666667 0.9622804156570746
0.58 164851.240624 0.9598277160498594
0.6 160206.818536 0.9573411425811832
0.62 155747.77787733334 0.9549702381583461
0.64 151466.49102933332 0.952080652985479
0.6599999999999999 147354.4803253333 0.9496950815728336
0.6799999999999999 143404.25361866667 0.9471059916162321
0.7 139608.48744533333 0.9446551304164882
0.72 135960.22718133335 0.942729716613366
0.74 132453.26411466667 0.9404195906271766
0.76 129081.34009066666 0.9385665207068445
0.78 125838.74228800001 0.9364235547888395
0.8 122719.66092266666 0.9348338993186662
0.8200000000000001 119719.38173333334 0.9329596653903671
0.84 116832.11438666665 0.9313349183757741
0.86 114053.60917066669 0.9294225291695053
0.88 111379.493248 0.9273586357604893
0.8999999999999999 108804.77890133334 0.9255604062296294
0.9199999999999999 106325.53234933333 0.9242594124601502
0.94 103938.05176533331 0.9228129794009613
0.96 101639.19971199999 0.921449246660672
0.98 99423.949672 0.9199892679328182
1.0 97289.83082666667 0.9186224830675535
1.02 95233.59348533335 0.9173186998548827
1.04 93251.89185866667 0.9162865816291444
1.06 91341.92585066667 0.9150080772984029
1.08 89500.47142133334 0.9137367362255515
1.1 87724.95515466666 0.913004295648792
1.1199999999999999 86013.02034133334 0.9120029816167063
1.14 84361.91663733334 0.9111862592955173
1.16 82769.975048 0.9103737038610688
1.18 81234.041872 0.9092966547943367
1.2 79752.08633600001 0.9086444496129427
1.22 78322.90958400001 0.9080604194885534
1.24 76943.328528 0.9075168723622556
1.26 75611.582688 0.9069811944420464
1.28 74326.79644533334 0.9061844447078669
1.3 73086.16197066667 0.9057238391613738
1.32 71889.09895733334 0.9051583262249577
1.34 70732.890592 0.9044873609041784
1.3599999999999999 69616.94975466665 0.9039949449122088
1.38 68538.75094933333 0.9034194541700666
1.4 67497.56994933332 0.9023486980636723
1.42 66492.76488266667 0.9017367489607058
1.44 65521.63306933334 0.9014648150713076
1.46 64583.533328 0.9009977658081505
1.48 63677.48753333333 0.9007302864919332
1.5 62801.68764800001 0.9001253813870224
1.52 61955.422664 0.8999267065569736
1.54 61137.93005333333 0.8994831846969439
1.5599999999999998 60347.632357333336 0.8994505159054396
1.5799999999999998 59583.55669866667 0.8992711815112926
1.5999999999999999 58845.325256 0.8990498498107907
1.6199999999999999 58131.878079999995 0.8988910126631546
1.64 57441.75088266667 0.8986714950457759
1.66 56775.05297866667 0.898485913385233
1.68 56130.59849866666 0.898480504708752
1.7 55506.71914666667 0.8979877821133976
1.72 54903.91693066666 0.8980158434298638
1.74 54320.503064 0.897596576532309
1.76 53756.22166933333 0.8975286830239818
1.78 53210.82413866666 0.8974650008142131
1.7999999999999998 52682.95006933333 0.8972439130716243
1.8199999999999998 52172.29051466667 0.8972134856662425
1.8399999999999999 51678.44978933333 0.8970852200503426
1.8599999999999999 51200.58811733333 0.8967472081306993
1.88 50738.55078133334 0.8968683022631575
1.9 50291.592784 0.8965348247197823
1.92 49858.74590933333 0.8962268434841789
1.94 49439.472826666664 0.896015890368016
1.96 49033.73471466667 0.8960417768754726
1.98 48641.31203466667 0.8961418067450948
2.0 48260.97285333333 0.8961112040403821
2.02 47892.994933333335 0.8960160432186862
2.04 47537.07022933333 0.8958543623367193
2.06 47192.50109866667 0.8956118491751578
2.08 46858.591426666666 0.8955417553778136
2.1 46535.76447733333 0.8959022655187573
2.12 46222.64485866667 0.8958992619109564
2.14 45919.36795199999 0.8958224151689703
2.16 45625.97095466666 0.8956533575744888
2.18 45341.594386666664 0.8954590020428324
2.2 45066.50499466667 0.8951669366276092
2.22 44799.624405333336 0.8950006685518471
2.24 44541.378935999994 0.8949075894037152
2.2600000000000002 44291.14873066667 0.8950784502415776
2.2800000000000002 44048.685386666664 0.8949464179647401
2.3 43813.65660533333 0.8952229363678841
2.32 43585.817149333336 0.8954935351830347
2.34 43365.34225866667 0.8955972226652972
2.36 43151.66654666667 0.8958866169616124
2.38 42944.48460533333 0.8958364501319146
2.4 42743.35362933333 0.8958243559315525
2.42 42548.91588266667 0.895366490743027
2.44 42360.31763733333 0.8953111110519953
2.46 42177.23838133333 0.8956613209666481
2.48 41999.8588 0.8959010518123095
2.5 41828.03421333333 0.8959829123073857
2.52 41661.12386933333 0.8957541983083579
2.54 41499.65241333333 0.8959607700431238
2.56 41342.981192 0.8958847852164767
2.58 41191.26883733333 0.8960156566498114
2.6 41043.714173333334 0.8961920301998091
2.62 40900.93842666667 0.8961693325191596
2.64 40762.26880799999 0.895981515191605
2.66 40627.92132266666 0.89582426378019
2.6799999999999997 40497.645856 0.8956637965565305
2.6999999999999997 40371.16905866667 0.895740049412279
2.7199999999999998 40248.15377333333 0.8956752836598827
2.7399999999999998 40129.26101866667 0.8957310346353635
2.76 40013.34574133334 0.8957597432474176
2.78 39901.24765866667 0.896060516431365
2.8 39792.43555733333 0.8959986665567928
2.82 39686.560957333335 0.8957246050869201
2.84 39584.08224533333 0.8958625018815074
2.86 39484.46866133333 0.8958085926874795
2.88 39388.443799999994 0.8957430009697218
2.9 39294.673232 0.8959019972835223
2.92 39204.226293333326 0.8956331425139857
2.94 39115.930263999995 0.8958843130902306
2.96 39030.306077333335 0.8955778875940976
2.98 38947.10801333333 0.8956161099817755
3.0 38866.310264 0.8956499324907244
3.02 38787.04822133333 0.89602858205906
3.04 38710.750976 0.8961552426594686
3.06 38637.12653333333 0.8960417345272025
3.08 38565.603701333326 0.8957160583380157
3.1 38495.741384 0.895483985174436
3.12 38427.65489866666 0.895663221715961
3.14 38362.36061333334 0.8955879296472004
3.16 38298.66789866667 0.8957038205580777
3.1799999999999997 38236.040429333334 0.8955201946094636
3.1999999999999997 38175.650056 0.8954557244078659
3.2199999999999998 38117.01513066667 0.8951814797087929
3.2399999999999998 38060.30172 0.8952649020368839
3.26 38004.543512000004 0.8953872778665775
3.28 37950.846192 0.8954820561040001
3.3 37898.833008 0.8954371155964465
3.32 37848.35392533333 0.8953361704985341
3.34 37799.31294666667 0.8953672667841693
3.36 37751.43649333333 0.8954462517144918
3.38 37704.82712533334 0.8951712859356404
3.4 37658.987576 0.8953727385586604
3.42 37614.61099466666 0.8954294413780369
3.44 37572.191928 0.8955988427412516
3.46 37530.255864 0.8957401405314123
3.48 37489.92456266667 0.8958850375619356
3.5 37450.351493333335 0.8956766470178598
3.52 37412.344002666665 0.8957847690524458
3.54 37374.98886133333 0.8956992569112848
3.56 37339.038096000004 0.8957309291544615
3.58 37303.916573333336 0.8961007148809245
3.6 37269.74116266667 0.8961394406749679
3.62 37236.22033333333 0.8960273595933489
3.64 37203.73932266666 0.8957965801151174
3.66 37172.076199999996 0.895693708043571
3.6799999999999997 37141.19923733333 0.8957090493940726
3.6999999999999997 37111.17895466667 0.8959158438063226
3.7199999999999998 37082.079781333334 0.8962742760847511
3.7399999999999998 37053.885488 0.8963482217406702
3.76 37025.904176 0.8965366004033288
3.78 36999.151970666666 0.8964470221671271
3.8 36973.064816 0.8964583943282268
3.82 36947.26747466667 0.8966013726796067
3.84 36922.710464 0.8963061837573533
3.86 36898.925848 0.8961576219917687
3.88 36875.208333333336 0.8964641656992107
3.9 36852.701824 0.8965438867230835
3.92 36830.68645066666 0.8964325882168335
3.94 36809.262663999994 0.8963386183001568
3.96 36787.886312 0.89617573949647
3.98 36767.62382666666 0.8959820015341846
4.0 36747.13606666666 0.8960552342156823
4.0200000000000005 36728.03873866667 0.8960716865592347
4.04 36709.07537333333 0.8961611314726959
4.0600000000000005 36690.99113066666 0.8962835836570093
4.08 36673.053912 0.8964122821677127
4.1000000000000005 36655.456664 0.8966070906518938
4.12 36638.181255999996 0.8966457731874072
4.140000000000001 36621.65377333334 0.8966470267606554
4.16 36605.28433066667 0.8968020125611771
4.18 36589.90447466666 0.8968438009732635
4.2 36574.722874666666 0.8971406884136737
4.22 36559.904816 0.8970775833595046
4.24 36544.98856533333 0.8968711051939766
4.26 36530.560472 0.8966033116792562
4.28 36516.830698666665 0.8965540422360734
4.3 36503.346805333334 0.8967973114040476
4.32 36489.7854 0.8967638513318354
4.34 36477.17180266666 0.8966369883841593
4.36 36464.43436266667 0.8966768078179969
4.38 36452.20098666666 0.8965569162795683
4.4 36440.40704533333 0.8966379918111671
4.42 36428.914944000004 0.8965222441421037
4.4399999999999995 36417.762213333335 0.8967654631514542
4.46 36406.875528000004 0.8967738162643996
4.4799999999999995 36396.16657866667 0.8969445568262392
4.5 36385.58017866667 0.897116182733541
4.52 36375.24090666667 0.8971216642414656
4.54 36364.91298933333 0.8970210190008554
4.56 36355.105458666665 0.8970245275040282
4.58 36345.613511999996 0.8970292484619111
4.6 36336.48036533334 0.8971854981506595
4.62 36327.50113866667 0.8968778102321211
4.64 36318.49896533333 0.8964953926719821
4.66 36310.07179733334 0.8963767164592013
4.68 36301.55906666667 0.8963641403517261
4.7 36293.138309333335 0.896090451959452
4.72 36284.685064 0.8961840231358827
4.74 36276.655424 0.8963349725861651
4.76 36269.149568 0.896314026290937
4.78 36261.67718666667 0.896395989002764
4.8 36254.44608533333 0.896427285939516
4.82 36247.17954133333 0.8962363047904535
4.84 36240.18906133334 0.8962798249203886
4.86 36233.81259733333 0.8963618274616174
4.88 36226.789672 0.8960730520282312
4.9 36220.329829333336 0.8963121297517473
4.92 36214.267453333334 0.8964451525931618
4.9399999999999995 36208.197722666664 0.8964781887547076
4.96 36202.179256 0.896657169469001
4.9799999999999995 36196.36178933333 0.8967657394801313
5.0 36190.741832 0.8962892103435117
5.02 36184.597496 0.8964335670238295
5.04 36179.360149333326 0.8966525714064132
5.06 36174.21297066667 0.8966802845510116
5.08 36168.80385333333 0.8969556268359719
5.1 36163.831992 0.8972177271868655
5.12 36158.958256 0.8969188829886393
5.14 36153.93078933333 0.8970002698327979
5.16 36149.01169866667 0.8971727189605476
5.18 36144.132944 0.8973559969039172
5.2 36139.55222133333 0.8973674918240915
5.22 36135.02539733333 0.8975043824930325
5.24 36130.60489866667 0.897679363930415
5.26 36126.37585333333 0.8976396926343934
5.28 36121.914296 0.8977513313430101
5.3 36117.41031466667 0.8977743458944175
5.32 36113.34359466667 0.8975239786222143
5.34 36109.57415466667 0.8973063595107929
5.36 36105.916536000004 0.897205175898939
5.38 36101.92166666666 0.8971161327360367
5.4 36098.41507466667 0.8969266401803512
5.42 36094.83271466666 0.8970478533224553
5.4399999999999995 36091.390272 0.8971981959757276
5.46 36087.862685333326 0.8972256690179579
5.4799999999999995 36084.34010666666 0.8973141269178343
5.5 36080.714669333334 0.8973821592331359
5.52 36077.424272000004 0.8973282187373673
5.54 36074.186416 0.8975001211457899
5.56 36071.10086133334 0.8974909260996602
5.58 36068.14897333333 0.8975783878986702
5.6 36065.22501333334 0.8977687984045797
5.62 36062.288605333335 0.8978644273616112
5.64 36059.39130133334 0.8977012430748191
5.66 36056.614189333326 0.8977921692862333
5.68 36054.09197333333 0.8981347073875041
5.7 36051.155408 0.8980720690447493
5.72 36048.87493866667 0.898079838976659
5.74 36046.859608 0.8978321323174647
5.76 36044.360490666666 0.8976808788263041
5.78 36041.899615999995 0.8978220281815562
5.8 36039.411688 0.8978463875234197
5.82 36036.947925333334 0.8979804759018812
5.84 36034.41561333333 0.89795706094214
5.86 36031.684496 0.897844655053971
5.88 36029.44017066667 0.8975838152721893
5.9 36027.21868 0.8976319400219015
5.92 36025.225677333336 0.8974663704546888
5.9399999999999995 36023.18846666667 0.8975595203321945
5.96 36021.130397333334 0.8973296659735064
5.9799999999999995 36019.18979733333 0.8974873285834468
6.0 36017.329613333335 0.897506596132989
6.02 36015.344048 0.897730167245594
6.04 36013.628840000005 0.8976324292780627
6.06 36011.338266666666 0.8974405963464214
6.08 36009.201682666666 0.8972713927780017
6.1 36007.361232 0.8974152793054591
6.12 36005.88073866667 0.8976957977267999
6.14 36003.98747733333 0.8974897243751703
6.16 36002.56581066667 0.8976550975757331
6.18 36000.821936 0.8976091238629358
6.2 35998.823778666665 0.8974112336398703
6.22 35996.69142133334 0.8974559198283355
6.24 35995.259344000006 0.897242164356195
6.26 35993.875960000005 0.897163707022697
6.28 35992.55466133333 0.8968970180867658
6.3 35990.938504000005 0.8971742461676134
6.32 35989.665354666664 0.8972994014859694
6.34 35988.50689333334 0.8973181413458305
6.36 35987.41378666667 0.8974182447240261
6.38 35985.938888000004 0.8972229482056352
6.4 35984.58993866667 0.8973360976910731
6.42 35983.63906933334 0.8972832074897217
6.4399999999999995 35982.613736 0.8973472458310392
6.46 35981.559104 0.8972756638043716
6.4799999999999995 35980.138272 0.8973512160993606
6.5 35979.357872 0.897363077495317
6.52 35978.44000266667 0.8971365223907782
6.54 35976.943221333335 0.8968143951737781
6.56 35975.90728266667 0.8967020570575095
6.58 35974.950661333336 0.8970024280540637
6.6 35973.70957333333 0.8971455830450046
6.62 35972.43977866667 0.897179931410297
6.64 35971.60108266666 0.8970875279897891
6.66 35970.38204 0.8973925684824607
6.68 35969.63787200001 0.8971703846834767
6.7 35968.63146133334 0.8973882694972259
6.72 35967.48554666666 0.8971660361544732
6.74 35966.45286133333 0.8971241179131777
6.76 35966.20652266667 0.8972328884152355
6.78 35964.744056 0.8973660630443455
6.8 35963.46062666667 0.8971787715193823
6.82 35962.67724266667 0.8974114220619627
6.84 35962.141016 0.8972630578626252
6.86 35961.094136 0.8972172406336374
6.88 35960.563768 0.8972976803062918
6.9 35959.747112 0.8974027863722679
6.92 35958.84448 0.8974844764484133
6.9399999999999995 35958.143522666665 0.8974321779474312
6.96 35957.536223999996 0.8975653611897725
6.9799999999999995 35957.07632 0.8973711038057649
7.0 35956.356554666665 0.8973711328335224
7.02 35955.81979733333 0.8971582063946476
7.04 35954.749976 0.8971998421036881
7.06 35953.90031733333 0.8971895897900566
7.08 35953.234002666664 0.8971994349914809
7.1 35952.39957333333 0.8972567541323662
7.12 35951.828901333334 0.8971459839248839
7.14 35951.09752266666 0.8972221145065047
7.16 35950.54103466666 0.8973003030490009
7.18 35949.944 0.897392608770762
7.2 35949.652312000006 0.8975710675888392
7.22 35948.961296 0.8974248135832282
7.24 35948.491352 0.89699974554368
7.26 35947.665810666665 0.8972696940194353
7.28 35947.150672 0.8975233353399006
7.3 35946.709344 0.89750382609546
7.32 35946.38911733333 0.8974915149669138
7.34 35946.44338933333 0.897515431641229
7.36 35945.835245333335 0.8973776859389743
7.38 35945.30280533333 0.8975016887616505
7.4 35944.57826933333 0.8975746342804225
7.42 35944.11141333333 0.8975389058471613
7.4399999999999995 35943.291328 0.897580407138925
7.46 35942.779512 0.8976045536405262
7.4799999999999995 35942.205261333336 0.8974822033574945
7.5 35941.81806133333 0.897372540141576
7.52 35941.02582133333 0.8973603675758748
7.54 35940.28638400001 0.897383676013234
7.56 35939.98269866667 0.8972668313722416
7.58 35939.802592 0.8970933256682331
7.6 35939.351431999996 0.8973758534246933
7.62 35938.78106666666 0.8975766283050791
7.64 35938.251674666666 0.8979226997557882
7.66 35937.444456 0.8980142247848669
7.68 35937.120584000004 0.8982166374681929
7.7 35936.93481333333 0.8980636690289007
7.72 35936.138808 0.8979836708262449
7.74 35935.77614933334 0.8981222579353659
7.76 35935.24339466667 0.8978950757001292
7.78 35934.571056 0.8975929493549698
7.8 35934.69496533333 0.8978137391327152
7.82 35934.22012 0.8978168717135181
7.84 35934.253840000005 0.897623573676494
7.86 35934.19369066667 0.8978267662845296
7.88 35934.00607466667 0.8977551391021702
7.9 35933.697952 0.897928808364774
7.92 35933.23348533333 0.8977946980853156
7.9399999999999995 35932.66876 0.8977780613498751
7.96 35932.25830933333 0.8976813407637522
7.9799999999999995 35931.76658133333 0.8981974486755133
8.0 35931.475328 0.8980704696564815
8.02 35931.13265066667 0.8980549465084988
8.040000000000001 35930.95226133334 0.8980193437451321
8.06 35930.64723466667 0.8980916083499156
8.08 35930.546791999994 0.8979532841306792
8.1 35930.019111999994 0.8977313530153817
8.120000000000001 35929.66152533333 0.8977148376862821
8.14 35929.157040000006 0.8978198550041449
8.16 35928.539216 0.8977162918586579
8.18 35928.56117866667 0.8975428680020997
8.200000000000001 35928.29911199999 0.8976269668939235
8.22 35928.115712 0.8974812608353318
8.24 35927.78834133333 0.8974576824621309
8.26 35927.64627733333 0.8973830017351394
8.280000000000001 35927.175056 0.8971934897378879
8.3 35926.954690666666 0.8974595789429124
8.32 35926.42886933334 0.897493023290831
8.34 35926.19365866667 0.8974757725302577
8.360000000000001 35926.297528 0.8975804739589041
8.38 35926.247384 0.8976367374130512
8.4 35925.889912 0.8974605030088473
8.42 35925.73448266667 0.897279753243489
8.44 35925.848928 0.8971198063080212
8.459999999999999 35925.69043466667 0.8973142706172839
8.48 35925.62044 0.8975517319894112
8.5 35925.47406133333 0.8978788890211631
8.52 35925.433831999995 0.8979382707244806
8.54 35925.076232 0.8980909190275387
8.56 35924.776288 0.8977330460932128
8.58 35924.814093333334 0.897705041899832
8.6 35924.814997333335 0.8976977194256914
8.62 35924.67130666667 0.8977042135739107
8.64 35924.586202666665 0.8977771424508932
8.66 35924.37758666667 0.8979914396025125
8.68 35924.20830133333 0.8976550110012126
8.7 35923.81544533333 0.8976650861734742
8.72 35923.34483733334 0.8976813213429086
8.74 35923.28498133333 0.8977343640262434
8.76 35923.05304 0.8977637596614325
8.78 35922.597797333336 0.897676440659448
8.8 35922.64390133333 0.8977237088992233
8.82 35922.39405066667 0.8979272310209188
8.84 35922.12962133333 0.8979972928259867
8.86 35922.39865066667 0.8977925192044077
8.88 35922.56068 0.8973945238988774
8.9 35922.302496000004 0.8975199951535698
8.92 35922.294672 0.8976791436738111
8.94 35922.37258133333 0.8975272204464242
8.959999999999999 35922.28900266667 0.8978160256310171
8.98 35922.170269333335 0.8978455429838439
9.0 35922.09161066667 0.8977634883531167
9.02 35922.05892266666 0.8979954968192634
9.04 35921.68116266667 0.8975425479155968
9.06 35921.37584 0.8974060312653469
9.08 35921.52455733334 0.8975878319988202
9.1 35921.510808 0.8977480498681588
9.12 35921.01080533334 0.8977128552148343
9.14 35921.25972533334 0.8976192076186946
9.16 35920.85327733333 0.8972966903197926
9.18 35921.10545866667 0.8976330587133096
9.2 35921.33315466667 0.8978858478786994
9.22 35921.52888533333 0.8978441331175213
9.24 35921.18970133334 0.8978705493118798
9.26 35920.86190133333 0.8978174267255385
9.28 35920.68532533334 0.8977275246784999
9.3 35920.26350933334 0.8979098319429887
9.32 35920.091056000005 0.8976432102849926
9.34 35920.029016 0.8974805294522212
9.36 35919.86629333333 0.8973088476498784
9.38 35919.76376533334 0.8970413404868799
9.4 35919.33002133333 0.896915178374183
9.42 35919.31128266666 0.8969033878271236
9.44 35919.280584 0.8970105462880971
9.459999999999999 35919.241072000004 0.8967778259633178
9.48 35918.807728 0.8968230199700099
9.5 35918.982714666665 0.8969307149751371
9.52 35918.769501333336 0.8971793255475993
9.54 35918.35952533333 0.8971230628526937
9.56 35918.35500533333 0.8968648281237974
9.58 35918.26054933333 0.8970551433134565
9.6 35918.57159466666 0.8970964850754536
9.62 35918.421317333334 0.8972044211330272
9.64 35918.17250933334 0.8971766286156403
9.66 35918.02254133334 0.8969468776000029
9.68 35918.252368 0.8971759847801853
9.7 35918.28892 0.897117024877025
9.72 35917.99454666667 0.8971331904712576
9.74 35917.883239999996 0.8971040927625712
9.76 35917.811837333335 0.8971626252565753
9.78 35918.182082666666 0.8972879471813995
9.8 35918.075383999996 0.8971867964855796
9.82 35917.83400533334 0.8973108783489914
9.84 35917.82706933333 0.8973338418528519
9.86 35917.123008 0.897385502037257
9.88 35916.81631466666 0.8972954732524532
9.9 35917.03060533333 0.8971857716251593
9.92 35916.829664000004 0.8968751005452171
9.94 35916.63671733333 0.897098175197181
9.959999999999999 35916.56410666667 0.8971680327355236
9.98 35916.379543999996 0.8971470587638701
10.0 35916.07926666667 0.8967354611278189
10.02 35915.720256 0.8967511933482072
10.04 35915.60929066667 0.8968605206329748
10.06 35915.296173333336 0.8969286369237904
10.08 35915.146056 0.8971857930401096
10.1 35914.75950666667 0.8971403722052566
10.12 35914.86066666666 0.8971455695487824
10.14 35914.57813066666 0.8972274605593924
10.16 35914.65646666667 0.8972492978599287
10.18 35914.56334933333 0.8972837226584212
10.2 35914.554586666665 0.8972711324580261
10.22 35914.544184 0.8972550882155433
10.24 35914.45238933334 0.897399285878107
10.26 35914.245608 0.8972520099914207
10.28 35914.12104 0.8971018320159598
10.3 35914.13190933333 0.8971792551091544
10.32 35914.041864 0.8968206229487786
10.34 35914.134704 0.8968205773552738
10.36 35914.444072 0.8970349695992894
10.38 35914.722328 0.8971020462648738
10.4 35914.37833866666 0.8973452369199099
10.42 35914.32604266667 0.8970799596765452
10.44 35914.438186666666 0.8970416923586727
10.459999999999999 35914.19650133333 0.8970916635993993
10.48 35914.104122666664 0.8969400709573323
10.5 35914.018738666666 0.8968993715253692
10.52 35913.669056 0.8968149324772322
10.54 35913.849085333335 0.8968779828808553
10.56 35913.64728533333 0.8971529866100897
10.58 35913.79285866667 0.8971508666279918
10.6 35913.17978666667 0.8970854571933055
10.62 35913.418312 0.8972761294913353
10.64 35913.21992266667 0.8970864992730925
10.66 35913.25295733333 0.8971733042730079
10.68 35913.244181333335 0.8967429630914062
10.7 35913.577112 0.8966958755203545
10.72 35913.417517333335 0.8967070249286063
10.74 35913.93214133333 0.8968048197038255
10.76 35913.979232 0.8969510641478718
10.78 35914.064864 0.8969975271604727
10.8 35914.121887999994 0.8970533629448105
10.82 35914.252584 0.897167911610527
10.84 35914.03986933333 0.8972381995316547
10.86 35913.62712533334 0.8972473740043442
10.88 35913.938392 0.8973518228115211
10.9 35913.85166933334 0.8971090021283556
10.92 35914.233973333336 0.8973775941710342
10.94 35914.25721333333 0.8974921057886721
10.959999999999999 35914.452648000006 0.8971481006421381
10.98 35914.103125333335 0.8968737207002393
11.0 35914.04535466667 0.8970250113372169
11.02 35913.82096533333 0.8968474592515755
11.04 35913.55656533333 0.8973239016195661
11.06 35913.532736 0.8972857463866379
11.08 35913.612645333335 0.8973006700556106
11.1 35913.209864000004 0.8972950946361915
11.12 35913.22355733333 0.8974434574143142
11.14 35913.60435466666 0.897741036772218
11.16 35913.08655466666 0.8979052715561306
11.18 35913.486754666665 0.8978661388695879
11.2 35913.22057333333 0.8981723707978571
11.22 35913.127056 0.8980016743998429
11.24 35913.371258666666 0.8979948257216273
11.26 35913.131519999995 0.8979377305730258
11.28 35912.823064 0.8977362325297733
11.3 35912.789778666665 0.8974994544620472
11.32 35912.844090666666 0.89735621217352
11.34 35912.36562933333 0.8972074959125034
11.36 35911.9076 0.8974919649129276
11.38 35911.546890666665 0.8974726761196004
11.4 35911.565189333334 0.8971014569435448
11.42 35911.046762666665 0.8970798399399561
11.44 35911.03291733333 0.897504631811815
11.459999999999999 35911.17678666666 0.897467138750168
11.48 35911.18931733334 0.8971839273485185
11.5 35911.31378933333 0.8972614657309318
11.52 35910.954432 0.8973818592710525
11.54 35910.95193333333 0.8973730187106963
11.56 35911.27735733333 0.8973348493759519
11.58 35911.29480266667 0.8973182840030516
11.6 35911.242744 0.8972078266998551
11.62 35911.29989333333 0.8973128125100707
11.64 35911.514978666666 0.8971093877197125
11.66 35911.451506666664 0.8968921081252197
11.68 35911.042239999995 0.8970516951093596
11.7 35911.07891733333 0.8971065817027383
11.72 35910.791344 0.8970075546249001
11.74 35910.928618666665 0.8970206123209777
11.76 35911.07618133334 0.897085425455725
11.78 35911.060816 0.8970453151296272
11.8 35911.02410933333 0.8968170379775596
11.82 35911.40047466666 0.8970072153757684
11.84 35911.404376000006 0.8971234208713629
11.86 35911.131064 0.8967830352935882
11.88 35911.248658666664 0.896853374999653
11.9 35911.360978666664 0.8969281515684697
11.92 35911.28591466667 0.8968303494739075
11.94 35911.182773333334 0.8966542755284618
11.959999999999999 35911.217112 0.8969001355360651
11.98 35911.302229333334 0.8965111346200089
12.0 35911.655952 0.8963242536949948
12.02 35911.78229066667 0.8964401489742384
12.04 35911.954421333336 0.896253322566792
12.06 35911.418055999995 0.8959122405517622
12.08 35911.06863733333 0.8962222829646634
12.1 35911.18041866667 0.8963884622747725
12.12 35910.946674666666 0.8964057881617058
12.14 35910.962048 0.8963896224002186
12.16 35910.87237333333 0.8964524987871022
12.18 35910.935576 0.8964614964203614
12.2 35910.76091733333 0.8963300471590371
12.22 35910.98592000001 0.8963238063128067
12.24 35910.71150133334 0.8965080049689916
12.26 35910.541008 0.8967933408659727
12.28 35910.964472 0.896614472772004
12.3 35911.45066933334 0.8966134760006629
12.32 35911.566416 0.8966880857377066
12.34 35911.46227733333 0.8968592496594078
12.36 35911.406301333336 0.8969849031295712
12.38 35911.391216 0.8968554435304035
12.4 35911.341413333335 0.8969012432756727
12.42 35911.442408 0.8968272244041697
12.44 35911.34246666667 0.8965759113907718
12.459999999999999 35911.16475733333 0.8966626904194571
12.48 35911.12782133333 0.8965375393926867
12.5 35910.969346666665 0.8964304316371279
12.52 35910.884234666664 0.8964167857455351
12.54 35911.023592 0.8962897238717642
12.56 35911.398415999996 0.8965348519989237
12.58 35911.397896 0.896680716775989
12.6 35911.63962933333 0.8967026445589948
12.62 35911.652189333334 0.8966138711139863
12.64 35911.75129866667 0.896870873919769
12.66 35911.403368 0.8968025737683554
12.68 35911.104464000004 0.897094062864981
12.7 35910.99509066666 0.8971442843069758
12.72 35911.206181333335 0.8971821809768916
12.74 35911.28974666667 0.8973363011113884
12.76 35911.29893333334 0.8976477047841861
12.78 35911.08544266666 0.8976295811606653
12.8 35911.19408266667 0.8975326816908559
12.82 35911.534186666664 0.8977789465806497
12.84 35911.451861333335 0.897706428607371
12.86 35911.478616 0.8977184699989361
12.88 35911.54612266667 0.8976380961057708
12.9 35911.54294666667 0.8975916083996246
12.92 35911.228296 0.8976008558608866
12.94 35911.25605066666 0.8976295729798254
12.959999999999999 35911.58228533334 0.8976314869472461
12.98 35911.52547733333 0.8974509252498567
13.0 35911.52188266667 0.8975755361610558
13.02 35911.28766666667 0.8971863223672953
13.04 35911.582928 0.8973204538190029
13.06 35911.365592 0.8974501097816545
13.08 35911.465101333335 0.8973777052355217
13.1 35911.564690666666 0.8971907948258968
13.12 35911.69926933333 0.897152793892361
13.14 35911.590864 0.8969202456587494
13.16 35911.736218666665 0.8970899078369302
13.18 35911.544488 0.8974175580274397
13.2 35911.34394933333 0.8974063905130398
13.22 35911.11671466667 0.8971761997241807
13.24 35911.134288 0.8971926211385967
13.26 35911.595162666665 0.8971344335229854
13.28 35911.86222933333 0.8968852341810751
13.3 35911.790338666666 0.8970572175211364
13.32 35911.91616266667 0.8969711984145808
13.34 35911.86748266667 0.8971902725612849
13.36 35912.078168 0.8970498958334686
13.38 35912.46844 0.8970219661581874
13.4 35912.87019733334 0.8970035934366327
13.42 35912.606682666665 0.8972870684424282
13.44 35912.726789333334 0.8972457100378578
13.459999999999999 35912.66984533334 0.8972839066267948
13.48 35912.78162666666 0.8971447595324765
13.5 35912.89138666667 0.8971273056085428
13.52 35913.05054933333 0.8973305233117381
13.54 35913.11692266667 0.897393378323586
13.56 35913.20587466667 0.8974075228524906
13.58 35913.218570666664 0.8977587003183823
13.6 35913.098888 0.8976808276041052
13.62 35913.046808 0.8976334433596729
13.64 35912.765376 0.8973942203563263
13.66 35912.65581333333 0.8973812132023016
13.68 35912.598986666664 0.8973406222555415
13.7 35912.80573066667 0.8973747311489035
13.72 35912.384848 0.8972761140518479
13.74 35912.392541333335 0.8971831203742494
13.76 35912.69553333333 0.8973756109012535
13.78 35912.78724533333 0.8974332755085586
13.8 35913.03265866666 0.8975200684494802
13.82 35912.75922666666 0.8975271187339093
13.84 35912.37247466667 0.8975018920004019
13.86 35912.40038933333 0.8969858678568371
13.88 35912.58074133333 0.8969005551142111
13.9 35912.897181333334 0.8968905112023916
13.92 35912.82227733333 0.8969262218346418
13.94 35912.83249866667 0.8970593722140906
13.959999999999999 35912.474032 0.897037767354529
13.98 35912.692504 0.8973183760729763
14.0 35912.628165333335 0.8970637333479925
14.02 35912.613288 0.8971566218269644
14.04 35912.806184 0.8973936089874406
14.06 35912.459784 0.897527583108363
14.08 35912.481109333334 0.8975914857867386
14.1 35912.06890666667 0.8974141788253052
14.12 35912.328592 0.8974001931422787
14.14 35912.45605866666 0.897527726551928
14.16 35912.47749333334 0.8974901834837423
14.18 35912.218552000006 0.8977178502716827
14.2 35912.38092533333 0.8979265571169268
14.22 35912.72105866666 0.8978970521784208
14.24 35912.87508 0.8978554188819305
14.26 35913.14848533334 0.8979765402961319
14.28 35912.844248 0.8977384555354242
14.3 35912.883722666666 0.8976173058003947
14.32 35912.892210666665 0.897708619940423
14.34 35912.83846666667 0.8977529580836712
14.36 35912.799296 0.8978931044530193
14.38 35912.744194666666 0.8979663182272802
14.4 35912.79512533333 0.8981204413584445
14.42 35912.82252 0.898146424449666
14.44 35912.51248533333 0.8977284839156742
14.459999999999999 35912.37153333334 0.8978630213435027
14.48 35912.581752 0.8979435755461244
14.5 35912.479933333336 0.8977179275104223
14.52 35912.479712 0.8977690873020086
14.54 35912.245026666664 0.8975138764201666
14.56 35912.45269866667 0.8976423491662733
14.58 35912.058053333334 0.8976976874772472
14.6 35912.068272000004 0.8978154944300841
14.62 35912.00108 0.8975979838952705
14.64 35911.947376 0.8977163682248409
14.66 35911.76474666667 0.8977360209643955
14.68 35911.63646666666 0.8977582857225365
14.7 35911.633296 0.8977058883057387
14.72 35911.866952 0.8976902125439372
14.74 35911.944762666666 0.8976309470973028
14.76 35911.752146666666 0.8978837948109967
14.78 35911.90833866666 0.8978275210194462
14.8 35911.77839466667 0.8978794120083693
14.82 35912.03439466667 0.8978784243545116
14.84 35911.851010666665 0.8978087812864791
14.86 35911.84701866667 0.8979220355400489
14.88 35911.80858133333 0.8978151873250872
14.9 35912.1216 0.8977893011492359
14.92 35912.191016 0.8980072651315748
14.94 35912.090536 0.8982691204189573
14.959999999999999 35912.46569333333 0.8982027384744239
14.98 35912.47065066667 0.8984473111994664
15.0 35912.473032 0.8982008054930218
15.02 35912.67888 0.8978110230220055
15.04 35912.224850666666 0.897677043284414
15.06 35911.95225333334 0.8977658355513076
15.08 35911.411416 0.8977094931788281
15.1 35911.405818666666 0.8977319391285911
15.12 35911.42139733334 0.8977343224636527
15.14 35911.327376 0.8976686831844378
15.16 35911.72271733334 0.8977685419657625
15.18 35911.84566666667 0.8974384015457753
15.2 35912.04471733334 0.8978960337416214
15.22 35912.21618133334 0.8976680773971631
15.24 35912.011872 0.897610851266775
15.26 35911.700525333334 0.897713350322964
15.28 35911.770271999994 0.8978266599767472
15.3 35911.62313066667 0.8977673143944896
15.32 35911.489455999996 0.8974597914013636
15.34 35911.712024 0.8974653470667713
15.36 35911.82278933333 0.8972681406789522
15.38 35911.61607466667 0.8972352960108027
15.4 35911.83814933333 0.8970389860702617
15.42 35911.89672533333 0.896736533200096
15.44 35912.08844 0.8964874198430685
15.459999999999999 35912.289461333334 0.89707212623946
15.48 35912.90303466667 0.8971897465172519
15.5 35912.9694 0.8970171462655863
15.52 35912.82301066667 0.8970903461870504
15.54 35912.81128 0.8970164347666612
15.56 35912.93433066667 0.8969697630060455
15.58 35912.98042933333 0.8966307481509111
15.6 35912.975048 0.896846244759065
15.62 35913.147056 0.896599008982052
15.64 35912.97516266667 0.8966461848316687
15.66 35912.98250666667 0.8969676266181884
15.68 35913.158853333334 0.8971296454220671
15.7 35913.47356 0.8968097541579011
15.72 35913.415557333334 0.8965890120163607
15.74 35913.18856266666 0.8966166789947738
15.76 35913.383623999995 0.8968631327989436
15.78 35913.128130666664 0.8967881150863167
15.8 35913.177877333335 0.8969242034417237
15.82 35913.14953066666 0.8966131121975376
15.84 35913.62728266667 0.8965172160149364
15.86 35913.82478133333 0.8961764453923439
15.88 35913.690927999996 0.8959346431874732
15.9 35913.5796 0.8960313946511057
15.92 35913.518685333336 0.8959585867878143
15.94 35913.770637333335 0.896103686860096
15.959999999999999 35913.75825333333 0.896307306355762
15.98 35913.38095466667 0.8963976003164592
16.0 35913.47096 0.8964258381817602
16.02 35913.42010933333 0.8964059721035438
16.04 35913.43910933333 0.8965790895055855
16.060000000000002 35913.21779466666 0.8966717779677018
16.080000000000002 35913.248192 0.8971272672118155
16.1 35913.007997333334 0.8971964060958267
16.12 35912.83763733333 0.8974407737707878
16.14 35913.099722666666 0.8975394591914511
16.16 35913.208997333335 0.8974525086663809
16.18 35913.339245333336 0.8974785401718844
16.2 35913.741264 0.8974129800963851
16.220000000000002 35914.16647733333 0.8972763151274679
16.240000000000002 35913.86367466667 0.8972850410635617
16.26 35913.96489066667 0.8971358317746818
16.28 35913.777984 0.8972425663697988
16.3 35913.757264 0.8972997016992827
16.32 35913.806016 0.8973739565309372
16.34 35913.76005333333 0.8975436745367225
16.36 35913.98203466667 0.8976302105799487
16.380000000000003 35913.975648 0.8974264472854698
16.400000000000002 35913.82723733333 0.8974514971343022
16.42 35914.067256 0.8977207885119671
16.44 35913.939152000006 0.8979705137387984
16.46 35913.84710666667 0.8980154386948098
16.48 35913.66130133333 0.897814833383341
16.5 35913.438592 0.898012764719683
16.520000000000003 35913.63696533334 0.8980546791013344
16.540000000000003 35913.566951999994 0.8981693197002941
16.560000000000002 35913.854717333335 0.8978743659702486
16.580000000000002 35913.49029066667 0.8976630612219425
16.6 35913.152874666666 0.8976492963741011
16.62 35913.053056000004 0.8977026022126715
16.64 35913.18555733333 0.8976985705156462
16.66 35913.23634933333 0.8976814052178604
16.680000000000003 35913.21372266667 0.8975330792354742
16.700000000000003 35912.957621333335 0.8974777878528379
16.720000000000002 35912.79963466667 0.8973593848670504
16.740000000000002 35913.16368 0.8972898857005188
16.76 35913.074296 0.8973076357760842
16.78 35912.909384 0.8972350724495234
16.8 35912.90671733333 0.8972899926248061
16.82 35912.656776 0.8973137664794089
16.840000000000003 35912.752112 0.8974067189397255
16.860000000000003 35912.87191733334 0.8972498465239374
16.880000000000003 35912.7554 0.8974838443975695
16.900000000000002 35912.846672 0.8972408712257933
16.92 35912.63308266667 0.8973658073361827
16.94 35912.69113066667 0.8973292771433999
16.96 35912.497037333334 0.897192567878067
16.98 35912.64141066666 0.8970777768564528
17.0 35912.80915733334 0.8968799126158521
17.020000000000003 35912.72165066667 0.8969373467762751
17.040000000000003 35912.9726 0.8969611110165118
17.060000000000002 35912.77938666666 0.8968096135015636
17.080000000000002 35913.049304 0.8970226088407413
17.1 35912.83936 0.8969002658710592
17.12 35913.06780266667 0.8970145728762506
17.14 35913.29853866667 0.8970593425033875
17.16 35913.54045866667 0.8970724991050966
17.180000000000003 35913.79351466667 0.8968061936757811
17.200000000000003 35913.877693333336 0.8967464853593217
17.220000000000002 35913.828010666664 0.8968733643427874
17.240000000000002 35914.02933066667 0.8969752947836738
17.26 35914.12097333334 0.8971873925313428
17.28 35913.809296 0.8971448241641241
17.3 35913.97977333333 0.8971283770467903
17.32 35913.67800266667 0.897346144272298
17.340000000000003 35913.42953066667 0.8975321822046894
17.360000000000003 35913.28011199999 0.897442282902036
17.380000000000003 35913.348088 0.8977389971536958
17.400000000000002 35913.46829866667 0.8977894151811833
17.42 35913.690808 0.8976728327599645
17.44 35913.823416 0.8976115141929145
17.46 35913.788248 0.897432788428847
17.48 35914.102144000004 0.8972418254867113
17.5 35914.09056 0.8974057039336149
17.520000000000003 35914.16489066667 0.8973677298907492
17.540000000000003 35914.22783733333 0.8976136454980727
17.560000000000002 35914.449136 0.8975775497983587
17.580000000000002 35914.33794133333 0.8974242703076861
17.6 35914.180024 0.8975330317003911
17.62 35914.287471999996 0.8975010428328446
17.64 35913.86059733333 0.8973531288829772
17.66 35913.810176 0.8973760339996356
17.680000000000003 35913.81164266667 0.8975604887589741
17.700000000000003 35913.63059733334 0.8975171783315097
17.720000000000002 35913.903064 0.8975877484559388
17.740000000000002 35913.93974933334 0.8978389103579393
17.76 35913.84050133333 0.8976459595132925
17.78 35913.940429333335 0.8974254885128385
17.8 35914.317648 0.897278359599274
17.82 35914.57129066667 0.8974801586656117
17.840000000000003 35914.583882666666 0.8975731976902963
17.860000000000003 35914.31473866667 0.8972675917312812
17.880000000000003 35913.903309333335 0.8973515854586838
17.900000000000002 35913.91697066667 0.897260249208243
17.92 35913.88070666666 0.8971369339408584
17.94 35913.551496 0.8973395917557833
17.96 35913.58787466667 0.897267252113561
17.98 35913.85473333333 0.8969354504287369
18.0 35914.316 0.8969803411674854
18.020000000000003 35914.00194933334 0.8968501235157909
18.040000000000003 35914.03471466667 0.8966361941715741
18.060000000000002 35913.951978666664 0.8967835671503193
18.080000000000002 35913.669186666666 0.8967882877130019
18.1 35913.72504533334 0.8967763131976908
18.12 35913.60164 0.8966890788801085
18.14 35913.85621333333 0.8965646674485409
18.16 35913.663314666665 0.8969392774574659
18.180000000000003 35913.699192 0.8967021777779498
18.200000000000003 35913.784565333335 0.8966084605723826
18.220000000000002 35913.633736 0.8966630748014975
18.240000000000002 35913.66681333333 0.8970140852621105
18.26 35913.409728 0.8969664812033608
18.28 35913.46427733333 0.896762628829912
18.3 35913.261304 0.8970077944658336
18.32 35913.49455733333 0.897168491817567
18.340000000000003 35913.843735999995 0.8973194063301496
18.360000000000003 35913.821727999995 0.8973594165061745
18.380000000000003 35913.544976000005 0.8973343006117599
18.400000000000002 35913.6912 0.8975844683528846
18.42 35913.687528 0.8977540466573855
18.44 35913.57445066667 0.8977228577752663
18.46 35913.48031466667 0.8975994552030158
18.48 35913.364341333334 0.8978713195235167
18.5 35913.031648000004 0.8980079255925336
18.520000000000003 35913.158832 0.8979453469892282
18.540000000000003 35913.133392 0.8978487264118581
18.560000000000002 35913.20890133333 0.8980580582814558
18.580000000000002 35913.14932533333 0.8978894393824949
18.6 35913.15246133333 0.8976310479728631
18.62 35913.50105066667 0.8976742559901092
18.64 35913.56632533333 0.8974692502312396
18.66 35913.69074666667 0.897701642774166
18.680000000000003 35913.64956 0.8976646850887049
18.700000000000003 35913.64252533333 0.8977980687582882
18.720000000000002 35913.86551733333 0.8981070175473881
18.740000000000002 35913.40981866667 0.8983097165224936
18.76 35913.53131466667 0.8981103942422686
18.78 35913.898277333334 0.8979298273934567
18.8 35913.64745333333 0.8980528822265478
18.82 35913.51881066666 0.8980651440627965
18.840000000000003 35913.721416 0.898287291238979
18.860000000000003 35913.701759999996 0.8981302759652084
18.880000000000003 35913.73581866667 0.8982403139054685
18.900000000000002 35914.03007466666 0.8982487321834397
18.92 35914.08193866667 0.8984821988187914
18.94 35914.43513333333 0.8986005107433216
18.96 35914.05344533334 0.8984046067886725
18.98 35914.12816533333 0.898199548687856
19.0 35914.069282666664 0.8983246152802962
19.020000000000003 35914.000133333335 0.8984356836476238
19.040000000000003 35913.86246933333 0.8984787845677149
19.060000000000002 35913.815535999995 0.8985367562102041
19.080000000000002 35914.00355466666 0.8984194035903648
19.1 35913.787544 0.8980086785754794
19.12 35914.21906133334 0.8979900869561686
19.14 35914.192968 0.8978529574870304
19.16 35914.21801333333 0.8979172310950451
19.180000000000003 35913.81505333334 0.898019356767037
19.200000000000003 35913.68725066667 0.8984010561791205
19.220000000000002 35913.66461866667 0.8982324868021309
19.240000000000002 35913.317570666666 0.8978524741129188
19.26 35913.68813066666 0.898027575071207
19.28 35913.67161333333 0.8983672614386053
19.3 35913.194557333336 0.8983958860801939
19.32 35912.99824266667 0.8983351467657124
19.340000000000003 35912.62240266667 0.8984079699249272
19.360000000000003 35912.11561333333 0.898150156924553
19.380000000000003 35912.19112266667 0.8978951101368633
19.400000000000002 35912.326912000004 0.8978769507814585
19.42 35912.35510666667 0.8979446675408287
19.44 35912.25063733333 0.8978804330508035
19.46 35912.14557866666 0.8979053834038371
19.48 35912.24810933333 0.8980220066183291
19.5 35911.85928266667 0.8984107746898001
19.520000000000003 35911.998896000005 0.8984482981902383
19.540000000000003 35912.09243733333 0.8982869133139415
19.560000000000002 35912.181816 0.898170197265569
19.580000000000002 35912.24366933333 0.8979297132822273
19.6 35912.426576 0.8980456896103342
19.62 35912.23041333334 0.8977117803482464
19.64 35912.102477333334 0.8977667026883884
19.66 35911.858325333335 0.8975987689616958
19.680000000000003 35912.01032266667 0.8975767629161171
19.700000000000003 35912.16848266667 0.897573844487316
19.720000000000002 35912.28459733333 0.8979860432135546
19.740000000000002 35912.57120533333 0.897896542870105
19.76 35912.11494133333 0.8978453340380202
19.78 35912.002152 0.8979524406512155
19.8 35911.889384 0.8983241134773179
19.82 35912.332125333334 0.8984440131016646
19.840000000000003 35912.51318666666 0.8982808163375876
19.860000000000003 35912.4788 0.8986698956201751
19.880000000000003 35912.693352 0.8987203305596289
19.900000000000002 35912.64296 0.8985227661511389
19.92 35912.773074666664 0.8982461328960225
19.94 35912.654688 0.8982019607064534
19.96 35912.412488 0.8979743603670683
19.98 35912.742504 0.8980733246077537
20.0 35913.247232 0.8981753359949101
20.020000000000003 35913.578698666664 0.8980670816304812
20.040000000000003 35913.69695733333 0.8980263803086573
20.060000000000002 35913.66038666667 0.8976641735769955
20.080000000000002 35913.814053333335 0.8976082521258759
20.1 35913.802744 0.8975862958230054
20.12 35913.3104 0.8974999947202104
20.14 35913.393448 0.897279123332699
20.16 35913.28213866666 0.8971365473882376
20.180000000000003 35913.452487999995 0.8971676490294017
20.200000000000003 35913.76166133334 0.8969173047666169
20.220000000000002 35913.70326933333 0.8971770534870794
20.240000000000002 35913.80799733334 0.897757446889982
20.26 35914.029472 0.8977100395015113
20.28 35913.93954133333 0.8977278530589549
20.3 35913.99799733333 0.8977541674226144
20.32 35914.17430133333 0.8979374656791625
20.340000000000003 35914.021216 0.8979943610222362
20.360000000000003 35914.01322666666 0.8981041389549651
20.380000000000003 35914.24649866666 0.8980309802394951
20.400000000000002 35914.328160000005 0.8980907255502132
20.42 35913.930717333336 0.8983027970383684
20.44 35913.828232 0.8983085874356347
20.46 35913.618253333334 0.8981031205583162
20.48 35913.825368000005 0.8979239885999182
20.5 35913.85894400001 0.8976399831619373
20.520000000000003 35913.697376 0.8976015391728496
20.540000000000003 35913.50122400001 0.8973835240474443
20.560000000000002 35913.22309066667 0.8972628934068363
20.580000000000002 35913.28510666666 0.8972510291833985
20.6 35913.46573066666 0.8973027251487924
20.62 35913.468426666666 0.8973542080574154
20.64 35913.64209066667 0.8971406441144055
20.66 35913.65331466666 0.8971385954929336
20.680000000000003 35913.66837866667 0.8974935164034711
20.700000000000003 35913.76965866667 0.8975100709959185
20.720000000000002 35913.56250666667 0.8976458379111087
20.740000000000002 35913.443616000004 0.8975684372231258
20.76 35913.233517333334 0.8975198453667148
20.78 35913.09966666667 0.8977067883689304
20.8 35913.13205066667 0.8974098594454539
20.82 35913.362104 0.8973558877426929
20.840000000000003 35913.455429333335 0.8972117022385588
20.860000000000003 35913.327461333334 0.897194056263637
20.880000000000003 35913.60557866667 0.8972592333137384
20.900000000000002 35913.62217333334 0.8973021810837706
20.92 35913.45148266667 0.8974101520321345
20.94 35913.081288 0.8975928180347194
20.96 35913.298237333336 0.8976146240098138
20.98 35913.76468533333 0.8976077598202499
21.0 35913.89016266666 0.8977560924522341
21.020000000000003 35913.70134666667 0.8978495528432183
21.040000000000003 35913.30017333334 0.8977033368296972
21.060000000000002 35913.133736 0.8976994201794516
21.080000000000002 35913.27380266666 0.897606715814774
21.1 35913.471549333335 0.8973379527035691
21.12 35913.64380533333 0.8974416248320558
21.14 35913.327381333336 0.8973367879408154
21.16 35912.872714666664 0.8971121221814874
21.180000000000003 35912.924088 0.8972193313532273
21.200000000000003 35912.67556266667 0.897421330092939
21.220000000000002 35912.46504533333 0.8973323150366843
21.240000000000002 35912.16515466667 0.8969935442520123
21.26 35912.11022666667 0.8971453345709258
21.28 35912.03626933333 0.8975524761747967
21.3 35912.077703999996 0.8976271810636633
21.32 35911.70324266667 0.8977421796026018
21.340000000000003 35912.093429333334 0.8978030792679019
21.360000000000003 35911.90762666667 0.8975057146726189
21.380000000000003 35911.40196266667 0.8972286910538905
21.400000000000002 35911.54150399999 0.897461712512634
21.42 35911.86972 0.8975265852428093
21.44 35912.08193866667 0.8976402081649523
21.46 35911.71950933333 0.8976927839960313
21.48 35911.69808533334 0.8978452897638542
21.5 35911.755919999996 0.8979333468563412
21.520000000000003 35911.83854933333 0.8978654382969808
21.540000000000003 35912.03114666667 0.8977918037113016
21.560000000000002 35911.83484533333 0.8979775854418051
21.580000000000002 35911.711632000006 0.8980092918467855
21.6 35911.71657333333 0.8981607699491174
21.62 35911.424456 0.8979729969621845
21.64 35911.45137066666 0.897804444227834
21.66 35911.54679733333 0.8978969850684755
21.680000000000003 35911.62995733334 0.897798317469768
21.700000000000003 35911.80046666667 0.8981257266803849
21.720000000000002 35911.70147466667 0.8980747844384195
21.740000000000002 35911.95950133333 0.8981019147164492
21.76 35911.963218666664 0.8980661033490009
21.78 35911.801704 0.8976843178210044
21.8 35911.89339733333 0.8975802420314687
21.82 35911.928256 0.897483217908315
21.840000000000003 35911.79785333334 0.8977129145097544
21.860000000000003 35911.88605866667 0.8976230048792712
21.880000000000003 35912.296048000004 0.8975872346056982
21.900000000000002 35912.381506666665 0.8978838450793643
21.92 35912.07975733333 0.8979548151799883
21.94 35911.77515733334 0.8979152640692196
21.96 35912.17564266667 0.8978496058655613
21.98 35912.01768533333 0.8980066247919836
22.0 35911.69733066666 0.8979451050572693
22.020000000000003 35911.63671466666 0.8983582102396003
22.040000000000003 35911.93880533334 0.8987793610162653
22.060000000000002 35911.951338666666 0.8986999022557869
22.080000000000002 35912.10765333333 0.8986481577504403
22.1 35912.343208000006 0.8988246520485952
22.12 35912.24666666667 0.8984371452821597
22.14 35912.19408266667 0.8982249200755672
22.16 35912.426136 0.898250995427724
22.180000000000003 35912.65796533333 0.898093206614956
22.200000000000003 35912.77943466666 0.8981465468053773
22.220000000000002 35912.230762666666 0.8981267257880723
22.240000000000002 35912.330568000005 0.8979539194291106
22.26 35912.39457333334 0.8980463664620266
22.28 35912.32248266667 0.8980347755856151
22.3 35912.49819466667 0.8982523660861975
22.32 35912.61988533333 0.898199246759941
22.340000000000003 35912.82089066667 0.8982275879542486
22.360000000000003 35912.808741333334 0.8980765494438336
22.380000000000003 35912.503866666666 0.8981126979968712
22.400000000000002 35912.532984000005 0.8980994020216039
22.42 35912.198077333334 0.8981490561088381
22.44 35911.843773333334 0.8980047529477841
22.46 35911.546544 0.8978194593420112
22.48 35911.558368 0.8978505005346017
22.5 35911.67034133333 0.8982204413535136
22.520000000000003 35912.10397066666 0.8985211548979285
22.540000000000003 35912.48273066667 0.8986631909511723
22.560000000000002 35912.373104 0.898485567621947
22.580000000000002 35912.096904 0.8985797464428624
22.6 35911.727152 0.8983086204998959
22.62 35911.523722666665 0.898308217307218
22.64 35911.42534666667 0.8981173594254092
22.66 35911.630525333334 0.8980990449625325
22.680000000000003 35911.919336 0.8981315061765609
22.700000000000003 35912.167354666664 0.8983256507515451
22.720000000000002 35911.90137866667 0.8982759592315191
22.740000000000002 35911.46234133333 0.8982675203080828
22.76 35911.503317333336 0.8981143793450309
22.78 35911.43292 0.8980596583097918
22.8 35911.62562133333 0.8979269566367208
22.82 35911.43082933333 0.8980518507435451
22.840000000000003 35911.32885866667 0.8980515433846229
22.860000000000003 35911.307069333336 0.8980617869435513
22.880000000000003 35911.417936 0.8979833832528917
22.900000000000002 35911.68134933333 0.8979501772438265
22.92 35911.761368 0.8980444872402531
22.94 35911.559632000004 0.8982254516803184
22.96 35911.954792 0.898238981169699
22.98 35912.27377866667 0.8981191432033628
23.0 35912.581256000005 0.8979365765762811
23.020000000000003 35912.479058666664 0.8977167467404109
23.040000000000003 35912.366504000005 0.8976974881434981
23.060000000000002 35912.29007733333 0.8977832402275451
23.080000000000002 35911.94439733333 0.8981826359421625
23.1 35912.204042666664 0.8981378288295374
23.12 35912.12185066666 0.8980215320083028
23.14 35912.14442133333 0.8980399935621155
23.16 35912.196496000004 0.898051032877676
23.180000000000003 35912.056421333335 0.8980738223344029
23.200000000000003 35912.154456000004 0.8979105685390877
23.220000000000002 35912.123794666666 0.897936274842925
23.240000000000002 35912.17906933333 0.8978086504065044
23.26 35912.21775733333 0.8977787189272953
23.28 35912.23376533334 0.8975164637034102
23.3 35912.759904 0.8973132504619311
23.32 35912.44908533333 0.8972851310037262
23.340000000000003 35912.453341333334 0.8973990194381565
23.360000000000003 35912.534608 0.8974593648152288
23.380000000000003 35912.556511999996 0.89722133980377
23.400000000000002 35912.69178933333 0.8973576152153896
23.42 35912.59838133333 0.8973865003496742
23.44 35912.57429333334 0.8975806567848973
23.46 35912.67713333333 0.8976142826696316
23.48 35912.87094666666 0.8976558047382095
23.5 35912.73352 0.8977629680029504
23.520000000000003 35912.626752 0.8976935336603237
23.540000000000003 35912.723298666664 0.8981028907001662
23.560000000000002 35912.65384 0.8981905438531722
23.580000000000002 35912.49189600001 0.8983188336479714
23.6 35912.45344533333 0.8983319159588645
23.62 35912.436250666666 0.8981105639185208
23.64 35912.589413333335 0.898042595057042
23.66 35912.61128533333 0.8981528813883884
23.680000000000003 35912.81002133334 0.8982894311501396
23.700000000000003 35912.749626666664 0.898052752472604
23.720000000000002 35912.39375466667 0.8979803483065857
23.740000000000002 35912.24518133333 0.8974650460308398
23.76 35912.56630133334 0.897411424616864
23.78 35912.63036533333 0.8974640461076013
23.8 35912.88371466666 0.897505759803034
23.82 35912.759104 0.8973199884289047
23.840000000000003 35912.86327733334 0.8973976717562285
23.860000000000003 35912.621 0.8974600019081068
23.880000000000003 35912.74129066667 0.8978613473666393
23.900000000000002 35913.01826133333 0.8977256879491146
23.92 35912.70811466667 0.897876578861512
23.94 35912.84156266667 0.8976990249602572
23.96 35912.591400000005 0.8973856667796375
23.98 35912.29906666667 0.8977816620333917
24.0 35912.472296 0.897610036002697
24.020000000000003 35912.364989333335 0.8976920580072332
24.040000000000003 35912.27105066666 0.8976968816834817
24.060000000000002 35912.140808 0.8977379557207913
24.080000000000002 35911.42852266667 0.8979387083360822
24.1 35911.099952 0.8979063172071519
24.12 35911.318104000005 0.8978005140277419
24.14 35911.361032 0.8980159834663507
24.16 35911.546696000005 0.8980312629038755
24.180000000000003 35911.766168 0.8980308456882844
24.200000000000003 35911.7562 0.898306472516291
24.220000000000002 35912.118336 0.898233146321828
24.240000000000002 35911.85029066667 0.8981888402039528
24.26 35911.937223999994 0.8980872672883498
24.28 35912.106024 0.8981060329094293
24.3 35911.956410666666 0.8979950339722796
24.32 35912.006047999996 0.8981676536104034
24.340000000000003 35912.168888 0.8981041381296727
24.360000000000003 35912.20942133333 0.8983377113991542
24.380000000000003 35912.060602666665 0.8981877061773761
24.400000000000002 35912.30548266666 0.8983809381907223
24.42 35912.34212 0.8979881399900205
24.44 35912.409664 0.8980540255348893
24.46 35912.453698666664 0.8984013230147813
24.48 35912.51478133333 0.8982913097563348
24.5 35912.286303999994 0.8981696706504693
24.520000000000003 35912.35264 0.8982088545773494
24.540000000000003 35912.398274666666 0.8979469593627359
24.560000000000002 35912.464808000004 0.8977572580593728
24.580000000000002 35912.316312 0.8977081543170515
24.6 35912.16489066667 0.8976501572752098
24.62 35912.09735733333 0.8977489740642832
24.64 35912.201696000004 0.8973876066517845
24.66 35911.639165333334 0.8974435281272066
24.680000000000003 35911.67227733333 0.8974313196765245
24.700000000000003 35911.645882666664 0.897298789012338
24.720000000000002 35911.75595466667 0.8974951909670094
24.740000000000002 35911.56763733333 0.8976213115579305
24.76 35911.676973333335 0.8975292457841404
24.78 35911.75214933333 0.8972376421693017
24.8 35911.50601333333 0.8973022964070201
24.82 35911.645650666665 0.8974335996497831
24.840000000000003 35911.536298666666 0.8975213015267955
24.860000000000003 35911.715610666666 0.8974797032030709
24.880000000000003 35911.552368000004 0.8974568477419477
24.900000000000002 35911.104664 0.8971933621601079
24.92 35911.24085066667 0.8971732305307167
24.94 35911.58408 0.8972410289814422
24.96 35911.86709066667 0.8974609973134178
24.98 35911.79218133334 0.8973760919775577
25.0 35912.355008 0.8974542342391958
25.020000000000003 35912.42601333333 0.897288909426778
25.040000000000003 35912.78240533333 0.8970654640202318
25.060000000000002 35913.144936 0.8972318064291772
25.080000000000002 35913.34106133334 0.8972654308616672
25.1 35913.40452533333 0.8974300931784853
25.12 35913.47775733333 0.897665119239374
25.14 35913.745098666666 0.8973289336802273
25.16 35914.088048 0.8975119907911021
25.180000000000003 35914.121565333335 0.8976054323025303
25.200000000000003 35914.05254933333 0.8975965139185175
25.220000000000002 35913.91723733333 0.8974069655158542
25.240000000000002 35914.13693866666 0.8974339048206952
25.26 35914.01958666667 0.897559209030607
25.28 35914.090352 0.8974906398952528
25.3 35914.00611466667 0.8972378762445168
25.32 35913.67272266667 0.8969470894514378
25.340000000000003 35913.70170133334 0.8967611715813062
25.360000000000003 35913.73572533333 0.8966568570915481
25.380000000000003 35913.60180533333 0.8966092069794219
25.400000000000002 35913.684277333334 0.8967483680493902
25.42 35913.81964533334 0.8969303599751656
25.44 35913.86196 0.8966807541302795
25.46 35913.87375466667 0.8969893341545973
25.48 35913.413389333335 0.8969800992736902
25.5 35913.368725333334 0.896765707116349
25.520000000000003 35913.12809333333 0.8965702513356161
25.540000000000003 35912.99346133333 0.8966902189960154
25.560000000000002 35912.79716266667 0.8964532127633191
25.580000000000002 35912.877456 0.8966193141706204
25.6 35912.86717333333 0.8966649851457118
25.62 35912.75158133333 0.896917363586046
25.64 35912.926490666665 0.8968555859237688
25.66 35912.864984 0.8970462615952696
25.680000000000003 35912.65313866666 0.8971279642390622
25.700000000000003 35912.374597333335 0.8967855553887746
25.720000000000002 35912.68920266666 0.896607741870066
25.740000000000002 35912.72847733333 0.8966169479512731
25.76 35912.81847466667 0.8964701120269781
25.78 35913.235224000004 0.896733230464177
25.8 35913.34686133334 0.8966936507741042
25.82 35913.59012 0.8970457675622603
25.840000000000003 35914.067533333335 0.8973152291241211
25.860000000000003 35913.978418666666 0.8972012647242376
25.880000000000003 35913.712413333335 0.8970709644507403
25.900000000000002 35913.621408 0.8970911791317989
25.92 35913.311045333336 0.8970235223022843
25.94 35913.431983999995 0.8969105256948874
25.96 35913.65203733333 0.8971032458173276
25.98 35913.545565333334 0.8969275567240337
26.0 35913.624765333334 0.8969700556155854
26.020000000000003 35913.45346933333 0.8970558893781612
26.040000000000003 35913.422416 0.8973516087534718
26.060000000000002 35913.07636266667 0.8973798168361514
26.080000000000002 35913.019624 0.8974245422439605
26.1 35913.260112 0.8975339020464371
26.12 35913.25871466666 0.8976771398904592
26.14 35913.58237333333 0.8975755941000774
26.16 35913.54606666666 0.8973729068898034
26.180000000000003 35913.718213333326 0.8973531125953031
26.200000000000003 35913.748808000004 0.897417410392054
26.220000000000002 35913.76090933333 0.897327445688513
26.240000000000002 35913.755456 0.8973403311805382
26.26 35913.448661333336 0.8971984762145557
26.28 35913.52682133333 0.8971493482750754
26.3 35913.47752 0.8969956290298764
26.32 35913.54521333333 0.8969665562986607
26.340000000000003 35913.59635466667 0.8969156155696546
26.360000000000003 35913.78114133333 0.8968770484468817
26.380000000000003 35913.876208 0.8970697856602204
26.400000000000002 35913.692312 0.8969032947181919
26.42 35913.880304000006 0.8970177809242328
26.44 35913.83710133333 0.8968198320208078
26.46 35914.09351466667 0.8967581583567301
26.48 35914.346842666666 0.8970946607885752
26.5 35914.34129066666 0.8973520227050179
26.520000000000003 35914.438034666666 0.897237236337471
26.540000000000003 35913.834192 0.897051034710166
26.560000000000002 35913.68205066667 0.897354271580144
26.580000000000002 35913.64466133333 0.8970717692003184
26.6 35913.835349333334 0.8973812384883715
26.62 35913.514242666664 0.8974268673370427
26.64 35913.602541333334 0.8975118743417013
26.66 35913.95748 0.8971896710318502
26.680000000000003 35913.85741866667 0.897538953568777
26.700000000000003 35913.929269333334 0.8972470011920363
26.720000000000002 35913.893336 0.8971206720881784
26.740000000000002 35913.696906666664 0.8971230357988895
26.76 35914.00947733333 0.8973082458365983
26.78 35913.73152 0.8972800480424599
26.8 35913.91186666666 0.8974909689799768
26.82 35913.906584 0.8973073349023346
26.840000000000003 35914.130269333335 0.8972051951042557
26.860000000000003 35914.15001866667 0.8971455090361224
26.880000000000003 35914.40088266667 0.897237077290951
26.900000000000002 35914.377792 0.8971112748609508
26.92 35914.67842933333 0.8975851680371706
26.94 35914.80881066667 0.8975113304894291
26.96 35914.707813333334 0.8973873521388225
26.98 35914.658448 0.8976726269177798
27.0 35914.768061333336 0.8975788989065214
27.020000000000003 35914.68196533334 0.8975891785925852
27.040000000000003 35914.56158666666 0.8976360864063732
27.060000000000002 35914.32907466667 0.8977717591924842
27.080000000000002 35914.46479466667 0.8977539193662788
27.1 35914.56700266666 0.8979833131995362
27.12 35914.556128 0.8981144571574444
27.14 35914.68854133334 0.8982514923704052
27.16 35914.554749333336 0.8979068570108496
27.180000000000003 35914.936816 0.8977948471840251
27.200000000000003 35914.90623733333 0.8977198241542599
27.220000000000002 35914.631647999995 0.8976780951768923
27.240000000000002 35914.550293333334 0.89790523012543
27.26 35914.17743733333 0.8979985785115349
27.28 35914.50168 0.8980595256776551
27.3 35914.52827466666 0.8982108968373016
27.32 35914.55176533334 0.8979830797314023
27.340000000000003 35914.30572800001 0.8981206392025924
27.360000000000003 35914.199704 0.898008264781626
27.380000000000003 35914.36764533333 0.8979319434808309
27.400000000000002 35914.43894666666 0.8979325364869071
27.42 35914.40784266667 0.8983289329398823
27.44 35914.200376 0.8983982370197451
27.46 35914.38094933334 0.8984061630908744
27.48 35914.11658933334 0.8983343580054145
27.5 35914.13602933333 0.8982834103002713
27.520000000000003 35914.276130666665 0.8981909099755332
27.540000000000003 35914.21149066667 0.8984082373384857
27.560000000000002 35914.473184 0.8984601779078969
27.580000000000002 35914.388648 0.8984078970131457
27.6 35914.353 0.8983768035936958
27.62 35914.23732 0.8981778023141088
27.64 35914.275424 0.8982308156547413
27.66 35914.406319999995 0.8982958655554143
27.680000000000003 35914.59550133333 0.8984203114076753
27.700000000000003 35914.558088 0.898247874196888
27.720000000000002 35914.53131466667 0.8978424736878295
27.740000000000002 35914.768376 0.8977201367634731
27.76 35914.88628 0.8977291319000015
27.78 35914.639762666666 0.8981884485276
27.8 35914.672080000004 0.8980034373704494
27.82 35914.971919999996 0.8978425548379747
27.840000000000003 35914.858312 0.8978317462561444
27.860000000000003 35914.83834933333 0.8978202051679521
27.880000000000003 35914.77182666666 0.8974294163157165
27.900000000000002 35915.00104 0.89749912086341
27.92 35914.783394666665 0.8975371829945618
27.94 35914.51044533333 0.8976018784281626
27.96 35914.51119999999 0.8977159446572456
27.98 35914.41177866666 0.8975609228778433
28.0 35914.407 0.8975027962156975
28.020000000000003 35914.206794666665 0.8974403912661584
28.040000000000003 35914.153690666666 0.897241405756478
28.060000000000002 35914.18609066667 0.8972418956286623
28.080000000000002 35914.145330666666 0.897233486286676
28.1 35914.12501333334 0.8974112455396442
28.12 35914.377709333334 0.8977682450057898
28.14 35914.37428 0.8978871773127306
28.16 35914.47463733333 0.897867395860845
28.180000000000003 35914.41511733334 0.8976820086677587
28.200000000000003 35914.61542933334 0.8978162845993727
28.220000000000002 35914.65108266666 0.8974602182481514
28.240000000000002 35914.542512 0.8977839322182521
28.26 35914.25157066667 0.8979553091042747
28.28 35914.373592 0.8980042369988
28.3 35914.83275466667 0.8978330997502264
28.32 35914.90273866667 0.8980131476847457
28.340000000000003 35914.82643733334 0.8983045815443313
28.360000000000003 35914.54463733333 0.8983557982044095
28.380000000000003 35914.47494666667 0.8983814678787697
28.400000000000002 35914.38935733333 0.8983532392128465
28.42 35914.33894933334 0.8982868279159228
28.44 35914.07682933333 0.8983607256676096
28.46 35914.56298666667 0.8983844798440341
28.48 35914.67121066667 0.8980465134807695
28.5 35914.45217333333 0.8983919623991532
28.520000000000003 35914.379069333336 0.8985063048590525
28.540000000000003 35914.061261333336 0.8985524148130697
28.560000000000002 35914.222128 0.8985612881159951
28.580000000000002 35914.242642666664 0.8982080879391798
28.6 35913.98034933333 0.8980072111318669
28.62 35913.83568533334 0.898062564949855
28.64 35913.75762133334 0.8979719168945463
28.66 35913.550552 0.8979516673604737
28.680000000000003 35913.654965333335 0.8977066838794386
28.700000000000003 35913.81519466666 0.8980136140607173
28.720000000000002 35913.816112 0.8980071090671004
28.740000000000002 35913.61698133333 0.8981259319183956
28.76 35913.88493866667 0.8979383367672479
28.78 35913.93901066667 0.8978842975147423
28.8 35913.765944 0.8980849225141253
28.82 35913.775482666664 0.8977719749056898
28.840000000000003 35913.99958133334 0.8975639708376212
28.860000000000003 35914.181802666666 0.8977074383812423
28.880000000000003 35914.13125866666 0.8977467536631886
28.900000000000002 35914.298698666666 0.8976004371363929
28.92 35914.171768 0.8977322346541108
28.94 35914.028424000004 0.8977342295394706
28.96 35913.718432 0.8973390740911809
28.98 35913.51671733333 0.8974497056440764
29.0 35913.728776 0.897762825730985
29.020000000000003 35913.783104 0.8979602811435679
29.040000000000003 35913.67565066667 0.8979140672555527
29.060000000000002 35913.869311999995 0.8976282387197811
29.080000000000002 35913.54489333333 0.8970870654263295
29.1 35913.225450666665 0.8971146006034355
29.12 35913.023162666665 0.8972202820737586
29.14 35912.95103733333 0.8974170698065143
29.16 35912.91553866667 0.8974750272827718
29.180000000000003 35912.503936 0.8973131037897258
29.200000000000003 35912.921890666665 0.8972508153752596
29.220000000000002 35913.11407733333 0.89727291058023
29.240000000000002 35913.04633333333 0.8974032091377665
29.26 35912.960029333335 0.8973673333639288
29.28 35912.887264000005 0.8971503448053051
29.3 35913.00848266667 0.897073965832992
29.32 35913.05319200001 0.8972612141079715
29.340000000000003 35912.72998133333 0.8972737032010586
29.360000000000003 35912.594736 0.8973521977906882
29.380000000000003 35912.459736000004 0.897217454581794
29.400000000000002 35912.52488 0.897153661295735
29.42 35912.59027466667 0.8972469507826843
29.44 35912.79388533333 0.8974278010754256
29.46 35912.73393066667 0.897501258712411
29.48 35912.59240266666 0.8973374709873634
29.5 35912.483104 0.8973164832633156
29.520000000000003 35912.607544 0.897190449924116
29.540000000000003 35912.96642933333 0.8972481937037353
29.560000000000002 35912.808869333334 0.8973160613852957
29.580000000000002 35912.838050666665 0.8972907877963394
29.6 35912.765082666665 0.8972379436000789
29.62 35912.785154666664 0.8971239225218803
29.64 35912.60538666667 0.8971952425402667
29.66 35912.548656 0.89719275547105
29.680000000000003 35912.232648000005 0.8972163358675687
29.700000000000003 35912.193224 0.8974207460667366
29.720000000000002 35912.07686933333 0.897606246518498
29.740000000000002 35912.187768 0.8973931130463861
29.76 35912.08406133333 0.8977411948962172
29.78 35911.668906666666 0.8978008703287029
29.8 35911.346792 0.8977951143155464
29.82 35911.56456266667 0.8979024426676223
29.840000000000003 35911.40124 0.8981057643802437
29.860000000000003 35911.336767999994 0.8982327509988356
29.880000000000003 35911.178821333335 0.8983066590380054
29.900000000000002 35910.84609333333 0.898210534497248
29.92 35910.73660533333 0.8979465941704751
29.94 35910.643866666665 0.8982493639004474
29.96 35910.54446133333 0.8981229183117372
29.98 35910.67905333333 0.8980297534486263
30.0 35910.880456 0.8980561975844676
30.020000000000003 35911.203568 0.8982138165213378
30.040000000000003 35911.22546933334 0.898047581986231
30.060000000000002 35911.61567466667 0.8979716598320732
30.080000000000002 35911.71860266667 0.8981116949068978
30.1 35911.834586666664 0.8979147541903555
30.12 35911.932453333335 0.897706497373226
30.14 35912.019759999996 0.897843469855998
30.16 35912.058688 0.8976196734782168
30.180000000000003 35912.23116266666 0.8975299273313803
30.200000000000003 35912.57273066667 0.8977678985718698
30.220000000000002 35912.543064 0.8975648981178249
30.240000000000002 35912.375237333334 0.8978251837535479
30.26 35912.42724 0.8977037285558888
30.28 35912.278856 0.8971732581166201
30.3 35912.37028266667 0.8973495878408606
30.32 35912.266213333336 0.8972434228657061
30.340000000000003 35912.092096 0.8972631243398612
30.360000000000003 35911.998216 0.8971787395113353
30.380000000000003 35911.843210666666 0.8970905414768044
