0.0 145059.97519733332 0.23930075802181183
0.02 144455.37236933334 0.24009709164718057
0.04 143873.71523733332 0.24092933245313508
0.06 143314.18477199998 0.24182023625703572
0.08 142776.21328666667 0.24260340537937108
0.1 142258.65333333332 0.24326919468760272
0.12 141760.94903733334 0.24381991959375088
0.14 141282.26939466665 0.24450878339976928
0.16 140821.839072 0.24505466315418722
0.18 140379.14160133334 0.24555393875817583
0.2 139953.44103733334 0.24614423276475247
0.22 139544.08749733336 0.24664363214149468
0.24 139150.502524 0.247093250626772
0.26 138772.11628000002 0.2475128440023259
0.28 138408.203544 0.24795295248010799
0.3 138058.3950506667 0.2482546080202445
0.32 137722.08689333333 0.24860150859056307
0.34 137398.80674933334 0.2489299849244375
0.36 137088.06249866667 0.24930798264644333
0.38 136789.20692666667 0.24964456755419312
0.4 136502.08041866665 0.24994613037739508
0.42 136226.11403466668 0.25017183478934724
0.44 135960.87978133332 0.250458374680872
0.46 135706.04162266664 0.25060039690893654
0.48 135460.97367066666 0.2508596188274547
0.5 135225.67676 0.25108986339630524
0.52 134999.40759066667 0.2512752080685678
0.54 134782.07894133334 0.2514104990855029
0.56 134573.2262 0.2515826552258282
0.58 134372.73115066666 0.25172507347920237
0.6 134180.21203066668 0.2518178525556962
0.62 133995.1815693333 0.25204819993223054
0.64 133817.51058533334 0.25224002676432244
0.66 133646.851228 0.2523441714287014
0.68 133483.13085199997 0.2525236785986
0.7 133325.939128 0.25263183388436145
0.72 133174.89922666666 0.2527952946316651
0.74 133029.83506399998 0.2528820487950044
0.76 132890.67983733333 0.25298262155840595
0.78 132757.03539733333 0.2531098937098474
0.8 132628.85211333336 0.25324540235051096
0.82 132505.857032 0.2533595462948506
0.84 132387.93060133333 0.25342243239435913
0.86 132274.706764 0.2535404286391051
0.88 132166.19394933333 0.25362184246163494
0.9 132062.148656 0.25364351439816435
0.92 131962.42865333334 0.2536730342648006
0.94 131866.84220266668 0.2537098920188463
0.96 131774.96703466668 0.2537367339419988
0.98 131687.004396 0.25381271492748675
1.0 131602.67594133332 0.25381265017841287
1.02 131521.882844 0.25378714358895843
1.04 131444.51539999997 0.25379554130889254
1.06 131370.449424 0.2538108013376338
1.08 131299.48402 0.2538545274572785
1.1 131231.6695106667 0.2538453542515462
1.12 131166.6893293333 0.2538394385411026
1.14 131104.560532 0.25385506235155436
1.16 131045.001644 0.2538836086209742
1.18 130988.05847866667 0.2538894837827425
1.2 130933.41545733335 0.2539636943079891
1.22 130881.35493866666 0.25396877600796763
1.24 130831.53922266667 0.25393765321005446
1.26 130783.99356533332 0.25391505184515534
1.28 130738.52037733332 0.2538986291827692
1.3 130695.01469733333 0.25388428892886444
1.32 130653.536352 0.2539026112882085
1.34 130614.012036 0.253972460441874
1.36 130576.14897733333 0.25403210915873425
1.38 130540.11364133333 0.2539945714963903
1.4 130505.70624 0.2541052388233636
1.42 130472.89800799999 0.2541317490351196
1.44 130441.54097999999 0.254129580843065
1.46 130411.83063600001 0.25415146933612554
1.48 130383.43665733334 0.2542311266759021
1.5 130356.42460666667 0.2542083969638174
1.52 130330.80130266667 0.25433280751851334
1.54 130306.18355466667 0.2542559559924916
1.56 130283.052376 0.25425447856236355
1.58 130260.94982 0.25418349977034654
1.6 130240.03782133333 0.25421386108034594
1.62 130220.09150533334 0.2541456180841866
1.64 130201.187472 0.25414467819637043
1.66 130183.36165466666 0.25411358244283677
1.68 130166.31290133335 0.25407210654627355
1.7 130150.40135866666 0.25403831936211985
1.72 130135.21824533332 0.2540594193079537
1.74 130120.83659733334 0.25411229896178317
1.76 130107.28961066666 0.254157365477877
1.78 130094.53173866666 0.2541401593485351
1.8 130082.54891733333 0.2540936358573112
1.82 130071.25102 0.2540773915050635
1.84 130060.46424933334 0.2540819289703242
1.86 130050.22087866667 0.2540836118617083
1.88 130040.834204 0.2540847761046693
1.9 130032.08981599999 0.25411506767486547
1.92 130023.82585200001 0.2541585117226259
1.94 130016.07379733335 0.25414336927628084
1.96 130008.831776 0.2541765897759794
1.98 130002.15552799999 0.25416839256088564
2.0 129995.89365466667 0.2541196430761649
2.02 129990.12302266667 0.2541400454127442
2.04 129984.77222800002 0.2541664117049369
2.06 129979.86994533332 0.2541439936578073
2.08 129975.340252 0.25418056234581893
2.1 129971.19578800001 0.25420468774973626
2.12 129967.39108666667 0.25423309867575106
2.14 129963.97537200002 0.2542223833519693
2.16 129960.86820666667 0.25422711308872803
2.18 129958.10856 0.2541689682322359
2.2 129955.69071466666 0.25425513183107834
2.22 129953.55451466667 0.25417444307525977
2.24 129951.67131599999 0.25417919019016627
2.26 129950.05517333334 0.25419984743513596
2.28 129948.62606000001 0.2542608617372856
2.3 129947.45678933332 0.2542316407209763
2.32 129946.55168133334 0.2542247449572654
2.34 129945.79748400001 0.2542663591017081
2.36 129945.26545466666 0.25429537006561403
2.38 129944.92784799999 0.25438375342633224
2.4 129944.78702533332 0.25440335727440283
2.42 129944.82766933333 0.2543306827230614
2.44 129945.13620666666 0.25432759860437837
2.46 129945.53871866666 0.2543472729813273
2.48 129946.09261466668 0.2543429355696212
2.5 129946.81752800001 0.25437096573691115
2.52 129947.5895 0.25435467768658837
2.54 129948.54793866667 0.2543366487953969
2.56 129949.66839466667 0.2543247570938209
2.58 129950.67621333334 0.2543110377817995
2.6 129951.94513866666 0.2542884291891778
2.62 129953.32291066668 0.2543617797754666
2.64 129954.90964533333 0.2543777770924494
2.66 129956.51795466668 0.2542969906281044
2.68 129958.20568799999 0.25433795329166625
2.7 129960.04597333333 0.2543551496256479
2.72 129961.85037333332 0.2544211960850905
2.74 129963.73025066667 0.2543152323205077
2.76 129965.61030666667 0.2542976685541927
2.78 129967.69928266668 0.2542728025003793
2.8 129969.80992 0.25431474512378766
2.82 129971.85983066667 0.25426092707743836
2.84 129974.06948266667 0.2542372346199569
2.86 129976.27995333335 0.25426001599285075
2.88 129978.60489466667 0.2541869863000952
2.9 129981.02151066667 0.25408802447630846
2.92 129983.369152 0.25400035264277626
2.94 129985.76767866666 0.2539702877750342
2.96 129988.17626400001 0.2539504660685351
2.98 129990.78929599999 0.2539334690477881
3.0 129993.23258933335 0.25400612390294347
3.02 129995.80542799999 0.25406816960591216
3.04 129998.44448533334 0.2540841079764772
3.06 130000.98983466666 0.25405805985212915
3.08 130003.64306266666 0.25399614590912023
3.1 130006.16034666667 0.25400892862390084
3.12 130008.91431733334 0.25398102601809375
3.14 130011.54826666665 0.2539538595082049
3.16 130014.234768 0.2539620221014245
3.18 130016.85463466667 0.2539154721904561
3.2 130019.40029866667 0.2539232038905337
3.22 130021.91375733334 0.25389706728396116
3.24 130024.54390133334 0.253828895571992
3.26 130027.16847866667 0.25383679066654047
3.28 130029.64155333335 0.25383774205471
3.3 130032.23695333334 0.253866656663645
3.32 130034.85685066668 0.2538349586762565
3.34 130037.43515733333 0.25385642590502555
3.36 130040.03891733332 0.2539122585882623
3.38 130042.53737866666 0.25397708378347583
3.4 130045.11119200001 0.25400370368834313
3.42 130047.747576 0.25395511050700553
3.44 130050.318816 0.2539703610807961
3.46 130052.86932 0.2539601236861431
3.48 130055.44178666666 0.2539903403982375
3.5 130057.99354533332 0.25394652737278867
3.52 130060.70038933332 0.2539477717180684
3.54 130063.20236666666 0.2539959168108841
3.56 130065.60652666667 0.2539077101844665
3.58 130068.16973066668 0.2539519664306349
3.6 130070.61353733334 0.2540991669669638
3.62 130073.039684 0.2541012662650021
3.64 130075.48902000001 0.25414531237427507
3.66 130077.944464 0.25412394028444774
3.68 130080.246304 0.25408645734343716
3.7 130082.62833333333 0.2539805369169277
3.72 130084.90789733334 0.2539220754888745
3.74 130087.20665066666 0.2539145060919659
3.76 130089.659212 0.2539693896836399
3.78 130092.0219146667 0.2539017232881417
3.8 130094.27923866667 0.2539830075823998
3.82 130096.51142 0.2539771844772794
3.84 130098.72186533333 0.25391967651159913
3.86 130101.06667066665 0.2539035819976149
3.88 130103.31876533332 0.2538640718285812
3.9 130105.50849333334 0.25372436499271056
3.92 130107.68804933332 0.2536994792487691
3.94 130109.77068 0.2537151380679857
3.96 130111.95647066666 0.2537940186790925
3.98 130114.06389733334 0.2537855052307569
4.0 130116.08384533334 0.25381191665120917
4.02 130118.23608266667 0.25385841070226806
4.04 130120.23793200002 0.25391042179447604
4.06 130122.23060266665 0.25398684544606903
4.08 130124.23809466665 0.25390111062870285
4.1 130126.23263866667 0.2538588852674458
4.12 130128.263456 0.2537738451134741
4.14 130130.35906266666 0.25377998198482055
4.16 130132.17928533332 0.25367247296017037
4.18 130134.06298933334 0.25366801293095
4.2 130135.93712133332 0.2536953157317819
4.22 130137.94294133334 0.2536676964984249
4.24 130139.84073866667 0.2535820788319234
4.26 130141.57230266667 0.2536002907035122
4.28 130143.46849733334 0.2535339433380296
4.3 130145.37302666667 0.25347498296696513
4.32 130147.080716 0.2534743801823462
4.34 130148.89608666667 0.25346875689734694
4.36 130150.79000400001 0.2534589862528676
4.38 130152.46258266666 0.2534355203546584
4.4 130154.19838 0.25338241464734945
4.42 130155.90519066666 0.25334277375160064
4.44 130157.66451333335 0.25331090544329693
4.46 130159.253876 0.2534313221736667
4.48 130160.94457066667 0.2535175205991391
4.5 130162.51670666668 0.25351373815146694
4.52 130164.16189466667 0.2535009153548517
4.54 130165.77163733332 0.25345083834766624
4.56 130167.34838133334 0.2536074129920799
4.58 130168.84730266666 0.25352325090236777
4.6 130170.47922133333 0.2534803887791799
4.62 130171.91726399999 0.253504865549547
4.64 130173.49774266666 0.25365326714084135
4.66 130174.93776666666 0.25362533193517
4.68 130176.24903866666 0.2536342799397542
4.7 130177.74859866666 0.25356182387462645
4.72 130179.15041466667 0.25359647530151047
4.74 130180.635988 0.2534727080756483
4.76 130182.08365866667 0.25345759172972915
4.78 130183.53281066667 0.2534858319181577
4.8 130184.85121866665 0.25351313162870887
4.82 130186.21704000002 0.2535655242375526
4.84 130187.62913866667 0.2536197127461928
4.86 130188.89658 0.25370278079643616
4.88 130190.34308266666 0.2537025592427609
4.9 130191.62564 0.2536420837677058
4.92 130192.89805466667 0.25365352893365406
4.94 130194.14331466667 0.2536393708522378
4.96 130195.447484 0.2535668034018381
4.98 130196.61574000001 0.2536296357475349
5.0 130197.76736133333 0.2535586635860009
5.02 130198.91082000002 0.25356817609622806
5.04 130200.040224 0.25347267467121376
5.06 130201.17620266667 0.25346462331231445
5.08 130202.271228 0.25357085480693625
5.1 130203.32759333332 0.25350193187929415
5.12 130204.38120933333 0.2534935042211981
5.14 130205.44742533335 0.2534848014318928
5.16 130206.55995466668 0.25348552586036655
5.18 130207.70959066667 0.2535497583151391
5.2 130208.78760000001 0.2535602153725509
5.22 130209.86837466666 0.25354474535480326
5.24 130210.960176 0.25350971404541994
5.26 130212.00437466666 0.2534575468302233
5.28 130213.074072 0.2535027503563816
5.3 130214.00222933333 0.2535728338009434
5.32 130215.05405066667 0.2535330790576595
5.34 130216.01516266668 0.2535613804923957
5.36 130216.97122800001 0.25357056155391033
5.38 130217.97799999999 0.25350147082137603
5.4 130218.85871866666 0.25344402097757485
5.42 130219.79838666669 0.25349243516575926
5.44 130220.71892933332 0.25356447493862067
5.46 130221.54594400001 0.2535495343781524
5.48 130222.45433866666 0.2534638580450681
5.5 130223.36452666669 0.2535882983402599
5.52 130224.172804 0.253559143969767
5.54 130225.033292 0.25352187296862433
5.56 130225.77463066668 0.25345951663133465
5.58 130226.608576 0.2534903722539759
5.6 130227.49749066666 0.2534866071248665
5.62 130228.29990933332 0.25344470702770877
5.64 130229.11405733333 0.2533576901263862
5.66 130229.94960666666 0.2534418414822503
5.68 130230.66809066667 0.2534474005062595
5.7 130231.423148 0.2534882443183652
5.72 130232.19991066666 0.2534389369542076
5.74 130232.94032533333 0.2534465099297246
5.76 130233.66511733332 0.2535034553981628
5.78 130234.41779733333 0.25355671491952114
5.8 130235.14867600001 0.2535613375000826
5.82 130235.93400933334 0.25352797517293896
5.84 130236.62755733334 0.25354538027193946
5.86 130237.34920266666 0.2535209054719684
5.88 130238.00623466667 0.2535162561858799
5.9 130238.75508266667 0.25348302673420153
5.92 130239.377644 0.2534747431232229
5.94 130239.971728 0.2535406598916959
5.96 130240.56115866668 0.25357700865299015
5.98 130241.14997733332 0.2535819114283479
6.0 130241.85902933333 0.2536491089821251
6.02 130242.48092799999 0.2536579844587048
6.04 130243.10048933333 0.253614816400168
6.06 130243.62255066665 0.25357199945761766
6.08 130244.35534266666 0.2535670073811449
6.1 130244.90279866668 0.25359670396755196
6.12 130245.62274266666 0.2535972308414289
6.14 130246.24554533334 0.25364312150325685
6.16 130246.83267333335 0.25353726734316995
6.18 130247.42412266665 0.25348625263655733
6.2 130248.044464 0.25349300709413175
6.22 130248.50881333333 0.2534868612795286
6.24 130249.02028266666 0.25344237426048993
6.26 130249.657316 0.2534512643190494
6.28 130250.171696 0.2534761510808873
6.3 130250.72099199999 0.25343280217484093
6.32 130251.31938266667 0.2534729757622351
6.34 130251.83157466666 0.2534378452690124
6.36 130252.28719733332 0.2535106298058088
6.38 130252.83459066667 0.25350739410419176
6.4 130253.23520133331 0.25355990432872966
6.42 130253.74954533332 0.2535969994793843
6.44 130254.24750133333 0.2535671411256257
6.46 130254.72848133332 0.2535585047535375
6.48 130255.16398266665 0.25355672942328933
6.5 130255.68161866667 0.25355439971516897
6.52 130256.16694800001 0.2535414275439779
6.54 130256.587504 0.25355905912324583
6.56 130257.05862666667 0.2535679786265486
6.58 130257.50546933335 0.25356027941444614
6.6 130257.935528 0.2535858653029687
6.62 130258.35628933334 0.2535304380410792
6.64 130258.76926533334 0.2535615114509039
6.66 130259.328 0.25356483918373374
6.68 130259.86941066667 0.2535391974269612
6.7 130260.29010266668 0.25347644620835713
6.72 130260.80971466667 0.25343795306301253
6.74 130261.164044 0.25340964662687665
6.76 130261.548872 0.2533399269753529
6.78 130261.83933733334 0.2533290231526591
6.8 130262.27221333333 0.2534241429677677
6.82 130262.68177999998 0.2535168943640362
6.84 130263.18262400001 0.2534797659243532
6.86 130263.41282266667 0.25352578956383365
6.88 130263.74104 0.2535101485033649
6.9 130264.11656266666 0.2535377748631905
6.92 130264.47338133334 0.2535914801494833
6.94 130264.914124 0.25356401982959614
6.96 130265.26667866667 0.25349283381371285
6.98 130265.615124 0.2533781865028441
7.0 130265.973704 0.2533836525476812
7.02 130266.44215733334 0.2532793621961216
7.04 130266.75365066667 0.25331851906362773
7.06 130267.16326 0.25328497462484345
7.08 130267.43342533332 0.25328606664178854
7.1 130267.83267066667 0.2532327230668244
7.12 130268.17888 0.25324129207784557
7.14 130268.56006933333 0.25324737484439186
7.16 130268.77666133332 0.25322515409539686
7.18 130269.09894533332 0.2533000598874735
7.2 130269.45397733332 0.253287611576821
7.22 130269.77781866667 0.2532995638904396
7.24 130270.14381866666 0.2533142373003134
7.26 130270.34872666668 0.25321999461783246
7.28 130270.59811866666 0.2531880365485861
7.3 130270.932996 0.2532110271067389
7.32 130271.25170666666 0.25323904632364086
7.34 130271.52229066665 0.25323949018990527
7.36 130271.77319733331 0.2531273517132645
7.38 130272.15196933335 0.2532277181835683
7.4 130272.49901066667 0.2531292352890223
7.42 130272.72423599998 0.25321161369582673
7.44 130272.98824666666 0.2531407537067042
7.46 130273.23606400001 0.2531124000889277
7.48 130273.50640800002 0.2530832650003949
7.5 130273.74234933333 0.25323912849061614
7.52 130273.883548 0.2532488958819555
7.54 130274.05477466669 0.2531243962497165
7.56 130274.23882533333 0.25311447553921707
7.58 130274.51487066667 0.25308973766030385
7.6 130274.76373866666 0.25307281430265416
7.62 130275.09694400002 0.25302562478459917
7.64 130275.30210266668 0.25306279823377414
7.66 130275.44998 0.25311601586863464
7.68 130275.73178533334 0.2532034674537618
7.7 130275.95008133333 0.2531365911563833
7.72 130276.18538266665 0.2532101385769162
7.74 130276.464304 0.2532099245149653
7.76 130276.69067733332 0.2531882026902906
7.78 130276.93666933334 0.2532076262340395
7.8 130277.13774533334 0.2531533778855299
7.82 130277.28858133333 0.25315621729227294
7.84 130277.495228 0.25311773160108814
7.86 130277.67929066665 0.2531287940762644
7.88 130277.96037733334 0.2531548160477193
7.9 130278.23268800002 0.2531997946069395
7.92 130278.45938933335 0.25320906606597327
7.94 130278.58663199999 0.25322310579299634
7.96 130278.78066399999 0.2532852865593386
7.98 130279.05980133335 0.2532608514410184
8.0 130279.37139066667 0.2532360196364503
8.02 130279.59171866666 0.2532264199165962
8.04 130279.74985999998 0.2532592222029241
8.06 130279.81344533333 0.25323024279980194
8.08 130279.87760533334 0.25321275102530844
8.1 130280.13474799998 0.25318878528290134
8.12 130280.25791466665 0.25319154772254643
8.14 130280.41512666666 0.25317527737473966
8.16 130280.50085333332 0.2532442375589279
8.18 130280.72653866668 0.25322935183226847
8.2 130280.86942666666 0.25327003090790745
8.22 130281.04154266667 0.2533138669801076
8.24 130281.25193466665 0.25334426110858704
8.26 130281.346256 0.2533602017912706
8.28 130281.52722266669 0.25327027499964444
8.3 130281.71672 0.2533051640055262
8.32 130281.986428 0.25330380925647417
8.34 130282.26380400002 0.2533301850219492
8.36 130282.41422933334 0.2533694109349886
8.38 130282.63503466667 0.25341404268777545
8.4 130282.873864 0.2533362878542966
8.42 130283.02502533334 0.25339057085477906
8.44 130283.20678533334 0.2533059262984212
8.46 130283.40347866667 0.25328564162461237
8.48 130283.48056800001 0.2532702574775845
8.5 130283.60053066666 0.253293609462128
8.52 130283.691292 0.2532594530057734
8.54 130283.87209199999 0.25326313143852774
8.56 130283.95325866668 0.2531787228427259
8.58 130284.15633333333 0.2532166696133693
8.6 130284.37607333332 0.25322022246348885
8.62 130284.51914933333 0.2531907434321624
8.64 130284.65108000001 0.25321643437259644
8.66 130284.771704 0.25336013370089283
8.68 130284.833504 0.2534235433467412
8.7 130285.13168800001 0.2534696178749471
8.72 130285.29347333332 0.2534354216181148
8.74 130285.458604 0.2534373605258186
8.76 130285.68678 0.2535325506937855
8.78 130285.881944 0.25348894668740174
8.8 130286.01011333332 0.2534853171007529
8.82 130286.177968 0.25350444313165593
8.84 130286.20761333333 0.253510056039493
8.86 130286.330276 0.2533983651869471
8.88 130286.40851066666 0.25336052009646637
8.9 130286.54215466668 0.253355844943347
8.92 130286.70526266666 0.25337746493138996
8.94 130286.80318533332 0.2533744356516539
8.96 130286.92642133334 0.2533563568681992
8.98 130287.12468533333 0.2533090624861614
9.0 130287.27765999999 0.2534313402567359
9.02 130287.41047733335 0.2534796629782351
9.04 130287.54859466667 0.25344992609513073
9.06 130287.62730133333 0.25337289643780214
9.08 130287.68503733333 0.2532662827401741
9.1 130287.82545599999 0.2532791178821928
9.12 130287.93066133335 0.25333034026530243
9.14 130287.93748400001 0.25328698017664336
9.16 130288.01954266668 0.2532605796724453
9.18 130288.19923066668 0.2532912928019816
9.2 130288.24458799999 0.2533001716687639
9.22 130288.19236666666 0.25323778441135397
9.24 130288.272052 0.253318705028352
9.26 130288.54800133333 0.2533058622022597
9.28 130288.65945066666 0.25334812969741366
9.3 130288.74991733333 0.2533097808021158
9.32 130288.835036 0.2533239891012079
9.34 130288.71954933333 0.2533389456042591
9.36 130288.88788533333 0.253323568534263
9.38 130288.95179066666 0.2533574637053935
9.4 130289.00158133332 0.2532690387403447
9.42 130289.06303066669 0.25322500228828587
9.44 130289.09797466667 0.25328014391085146
9.46 130289.12231733334 0.2532307752521987
9.48 130289.17124266669 0.25330168578401224
9.5 130289.24563066667 0.2533326217217956
9.52 130289.350828 0.25335141569842123
9.54 130289.48841600001 0.2533668993199846
9.56 130289.61938000002 0.25330489656565314
9.58 130289.75211733332 0.2532899679204753
9.6 130289.62560266668 0.2532530457251176
9.62 130289.59666133331 0.25323964011795885
9.64 130289.78677333333 0.25325129693924814
9.66 130289.80171066668 0.25327486532038457
9.68 130289.94726799999 0.2532547251820196
9.7 130290.03359466666 0.2532464181687624
9.72 130290.20763866667 0.2532828798247131
9.74 130290.29891066666 0.2532818286291206
9.76 130290.35735866666 0.25334568522717754
9.78 130290.38102266667 0.25333930235272173
9.8 130290.38797200001 0.2533588289431446
9.82 130290.56556933334 0.2533797721172706
9.84 130290.52234666666 0.2532927245932211
9.86 130290.63924933333 0.2533518202501339
9.88 130290.63917066666 0.2533511262636512
9.9 130290.76799333333 0.25328750966863645
9.92 130290.75532666667 0.25331024719463374
9.94 130290.840052 0.25331008523065357
9.96 130290.83915866668 0.25329440998427627
9.98 130290.79756533334 0.2532548891487462
10.0 130290.90586666667 0.25334137142263913
10.02 130291.027772 0.25327559210238104
10.04 130291.12414266668 0.2531709828621656
10.06 130291.24617466668 0.25315451705186554
10.08 130291.31246799999 0.25309581654793467
10.1 130291.34554533332 0.2531448064048729
10.12 130291.28960399999 0.25316909965910966
10.14 130291.36647733334 0.253135928311845
10.16 130291.41865733333 0.25310246271376496
10.18 130291.41568666666 0.25305526182781446
10.2 130291.53504666666 0.2530693066567581
10.22 130291.68170666667 0.25303644916999274
10.24 130291.78907866668 0.2530286590553314
10.26 130291.91761733334 0.2529727345319524
10.28 130291.93018533333 0.2529317302912289
10.3 130291.94756133333 0.25281292511457315
10.32 130292.08950666667 0.25284797797409597
10.34 130292.09101333332 0.25294451831377984
10.36 130292.12150133334 0.2529489028108484
10.38 130292.22942799999 0.25295941412358935
10.4 130292.27522533333 0.25307525624934046
10.42 130292.29512133331 0.2531015378891376
10.44 130292.37374933333 0.25307205989832166
10.46 130292.43598266666 0.25304616422195747
10.48 130292.36742 0.2530897850185014
10.5 130292.31447066666 0.25313097214348956
10.52 130292.352236 0.25317338821187213
10.54 130292.40057733333 0.2530749717603539
10.56 130292.41934933333 0.2530832361457632
10.58 130292.41958799999 0.2530862360421847
10.6 130292.50629066667 0.2530534688718513
10.62 130292.56751333333 0.2529848484891026
10.64 130292.51146533333 0.2530207232614829
10.66 130292.50686 0.25303168785880725
10.68 130292.4728 0.2530761684059272
10.7 130292.382408 0.25308795228580927
10.72 130292.35869999998 0.25303411623711686
10.74 130292.39540533333 0.2530578289103923
10.76 130292.42542133332 0.2530100875035372
10.78 130292.47850133333 0.2530285487079902
10.8 130292.63174133332 0.25301970097982696
10.82 130292.73346266666 0.2530325981915814
10.84 130292.73109333332 0.25307211691269094
10.86 130292.68583199999 0.2530662863440056
10.88 130292.73494400001 0.25305389182000587
10.9 130292.77168666667 0.2530966087565769
10.92 130292.89849333334 0.25309132606744555
10.94 130292.98384 0.25309660900647374
10.96 130292.99713066667 0.2531163365253228
10.98 130293.08732933334 0.25309453023591827
11.0 130293.17948533334 0.2530856332119441
11.02 130293.10918666665 0.25305300320716995
11.04 130293.19764666667 0.25304392683888516
11.06 130293.11471200001 0.253060362200381
11.08 130293.142972 0.2530606390267214
11.1 130293.13442666666 0.25310329686974564
11.12 130293.18262933334 0.253095546220164
11.14 130293.30483466666 0.2530831589746924
11.16 130293.37317866666 0.25306170866075733
11.18 130293.35258800001 0.25302965854194176
11.2 130293.30787866666 0.25302191018922204
11.22 130293.30864 0.2530617872087686
11.24 130293.30913066666 0.2531066802745142
11.26 130293.45970799998 0.25311923519553836
11.28 130293.46532133335 0.2531941393635406
11.3 130293.49381733334 0.2531965850985145
11.32 130293.48395200001 0.2532698590389639
11.34 130293.59012666665 0.25326166320746335
11.36 130293.60218400002 0.2532821822768406
11.38 130293.57832666667 0.2531513084091622
11.4 130293.65229999999 0.25312374567511586
11.42 130293.69702133333 0.253101316297284
11.44 130293.76767733335 0.2530882665931457
11.46 130293.72851733334 0.2530764534145993
11.48 130293.71284 0.2530103935811347
11.5 130293.808268 0.2530608592048997
11.52 130293.80316933333 0.2530456116880036
11.54 130293.94156266667 0.25312742301133956
11.56 130294.00446266666 0.25326590696592677
11.58 130294.03682933333 0.25333804360726814
11.6 130294.08847066667 0.25328300802488657
11.62 130294.10309466666 0.2532677492264951
11.64 130294.10731066667 0.2532645016721301
11.66 130294.10951866666 0.2533276342879041
11.68 130294.09209733334 0.2533488586166949
11.7 130294.11330533333 0.25337238017482033
11.72 130294.01209333334 0.25332087531653774
11.74 130293.90323466665 0.25340633561421005
11.76 130293.90069333333 0.2534836904663116
11.78 130293.90855866668 0.25340501205939
11.8 130293.99061066666 0.25332715094542946
11.82 130294.01523466666 0.25330809432498963
11.84 130294.059508 0.25332255237455686
11.86 130294.06064399998 0.25343354549699143
11.88 130294.08081466668 0.2534752801210477
11.9 130293.96959733333 0.25344341673792364
11.92 130293.94192533332 0.25353425287590586
11.94 130293.9476 0.25345804806672845
11.96 130293.899292 0.2534226918571335
11.98 130293.97402533333 0.253382948174405
12.0 130294.07515333334 0.25331537979979163
12.02 130294.09864666667 0.2533131852182219
12.04 130294.13463866668 0.25323691074339727
12.06 130294.21789466665 0.2532317187869673
12.08 130294.39735866667 0.2532946203006474
12.1 130294.41256266666 0.25327119591467073
12.12 130294.36477066668 0.2531950504687915
12.14 130294.350908 0.25314918974280665
12.16 130294.28556133335 0.2531168479010305
12.18 130294.43553333334 0.25302947295332423
12.2 130294.51548533334 0.2530328391890778
12.22 130294.50073733335 0.25305770827176804
12.24 130294.52987466665 0.25300951166141866
12.26 130294.52473733334 0.25299819778081384
12.28 130294.55383733334 0.2530630631620818
12.3 130294.58305333334 0.2530742358581051
12.32 130294.62644133334 0.2530910078065111
12.34 130294.60396000001 0.25309398751082257
12.36 130294.72567866667 0.25300473169642956
12.38 130294.71729866667 0.25304709309612344
12.4 130294.60344933334 0.2531460867231649
12.42 130294.61941333333 0.2532082309277725
12.44 130294.56693333334 0.2532935547143647
12.46 130294.60402 0.253335072510212
12.48 130294.71005466668 0.2533053740363143
12.5 130294.67942399999 0.2532513389229549
12.52 130294.50621333333 0.2532302890904107
12.54 130294.59972 0.2532475467735723
12.56 130294.534564 0.25319831401012494
12.58 130294.58309733332 0.25320410984040875
12.6 130294.49595066666 0.25317274354328767
12.62 130294.50333733333 0.2531466054980691
12.64 130294.544884 0.25330104405430287
12.66 130294.45686533331 0.2533345850573957
12.68 130294.36799333333 0.25336385724538035
12.7 130294.36449866668 0.25333247463545444
12.72 130294.46214666669 0.25329079214192346
12.74 130294.51893466667 0.25328064507011955
12.76 130294.46757866668 0.2533492047402997
12.78 130294.41970666667 0.2533771321980948
12.8 130294.37831466665 0.2533509748773464
12.82 130294.43310533333 0.25324154189408193
12.84 130294.47483066667 0.2533615705890076
12.86 130294.55887866666 0.25336085244590906
12.88 130294.5317 0.253417680013613
12.9 130294.66544933333 0.2533853297196873
12.92 130294.77098133333 0.25338502098966853
12.94 130294.76951333333 0.2533717118790071
12.96 130294.91947733334 0.2533889376318588
12.98 130294.91061066667 0.2533402520280478
13.0 130295.049572 0.253341511775106
13.02 130295.06300533333 0.25343442990897913
13.04 130295.09109466666 0.2534009321253348
13.06 130295.09700933333 0.2534747656590516
13.08 130295.05786666667 0.2534255709589234
13.1 130295.03996666666 0.2534247296996169
13.12 130295.04289866667 0.25347778937899773
13.14 130295.04889733333 0.25347492948929085
13.16 130295.04182266668 0.25344185016794923
13.18 130295.01696400001 0.2534551268634509
13.2 130295.08152133334 0.2533608846366413
13.22 130295.10327866668 0.25333977723080386
13.24 130295.180984 0.2533148360680293
13.26 130295.26922 0.25325623982550366
13.28 130295.25003466665 0.2532100225006624
13.3 130295.21665333334 0.2532295228031745
13.32 130295.21844133333 0.25331290051935773
13.34 130295.289364 0.2532776707525629
13.36 130295.32843200001 0.2533018659044815
13.38 130295.40488533332 0.2533895945820471
13.4 130295.31975466668 0.25339339412191014
13.42 130295.30556800001 0.253362043511824
13.44 130295.29868133333 0.25329692354035777
13.46 130295.48173733335 0.25328182562927115
13.48 130295.55565466668 0.2532090870380221
13.5 130295.58944000001 0.2532235125497804
13.52 130295.56704266666 0.2532548257139379
13.54 130295.58946933335 0.2532762952684935
13.56 130295.65671066666 0.2531139299684549
13.58 130295.655764 0.2531213540367868
13.6 130295.60958533332 0.2531369656088005
13.62 130295.58941066667 0.253063301713962
13.64 130295.62007066666 0.25306858225971035
13.66 130295.66055066665 0.2531117956848959
13.68 130295.57394133334 0.25321136654917814
13.7 130295.59584266666 0.25321127593504406
13.72 130295.58864266668 0.2530896384295799
13.74 130295.53632 0.2531818490805241
13.76 130295.759376 0.253235001489941
13.78 130295.724212 0.25328108008343986
13.8 130295.71420666667 0.2532593395821803
13.82 130295.74487466668 0.25331773662583634
13.84 130295.61450133333 0.25334685321994255
13.86 130295.63345466668 0.2533513407776162
13.88 130295.73161466667 0.25331020013507577
13.9 130295.67611600002 0.253311992687733
13.92 130295.64398133333 0.25340990724743234
13.94 130295.61594 0.2534268299623062
13.96 130295.661296 0.2534860796612492
13.98 130295.603156 0.25348120182496997
14.0 130295.495032 0.25342584673665763
14.02 130295.59221066665 0.2534746788041438
14.04 130295.56451733335 0.25349233003098187
14.06 130295.56615733333 0.2535033024409272
14.08 130295.626244 0.2535105371621602
14.1 130295.63592933332 0.25353000916896395
14.12 130295.74118666665 0.2535332866467888
14.14 130295.69353866666 0.2535101138497899
14.16 130295.61373066666 0.2535182176939746
14.18 130295.6649 0.2534654966409332
14.2 130295.66442133335 0.25341699747182655
14.22 130295.83988666665 0.25343332240982364
14.24 130295.769356 0.2534576674390988
14.26 130295.73166666666 0.253410750308622
14.28 130295.824812 0.25336370840898503
14.3 130295.88352399999 0.2534125389557595
14.32 130295.79240666666 0.253348219003693
14.34 130295.80248933332 0.2533100675428869
14.36 130295.74040533333 0.25328138544612594
14.38 130295.85805733333 0.25326247720189843
14.4 130295.73948266667 0.25334025371774016
14.42 130295.65067733335 0.25338667207437826
14.44 130295.65497866666 0.25339219843697364
14.46 130295.638292 0.25343324240205983
14.48 130295.57628133334 0.2534688013971529
14.5 130295.56845466666 0.25351394870631033
14.52 130295.56083066667 0.2534920094394254
14.54 130295.60444666666 0.25350929103039654
14.56 130295.66087466668 0.25349005244513506
14.58 130295.78252266666 0.25353216514185883
14.6 130295.75439466667 0.25351811938748153
14.62 130295.68190133333 0.25347723085362356
14.64 130295.65217866667 0.2534731054157293
14.66 130295.69379466666 0.2535124458742966
14.68 130295.74113066666 0.25347246928824263
14.7 130295.70629333334 0.25345241124333556
14.72 130295.72111333333 0.2534671715027683
14.74 130295.75849866666 0.2534478163029288
14.76 130295.75995866666 0.25337261129096283
14.78 130295.69190800001 0.25339141179715774
14.8 130295.61357999999 0.25343346998269906
14.82 130295.586588 0.2534451028957224
14.84 130295.54407466667 0.2533855334371884
14.86 130295.55061199999 0.25339708039271913
14.88 130295.55855733331 0.2533586029239492
14.9 130295.52439333333 0.2532729463327166
14.92 130295.57160800001 0.25324456731048806
14.94 130295.62214666669 0.25331400279584226
14.96 130295.66861333334 0.2532856738883443
14.98 130295.65940266666 0.2532875641880295
15.0 130295.72721333333 0.2533101895995901
15.02 130295.81983200001 0.25326830261384237
15.04 130295.75206266667 0.25336330198223744
15.06 130295.78100133332 0.2533363236993818
15.08 130295.83748266665 0.25327436952451987
15.1 130295.85706799998 0.2532157412461318
15.12 130295.80900666665 0.2532360560784402
15.14 130295.80948400001 0.2531967260715551
15.16 130295.832624 0.253210085656622
15.18 130295.92686133333 0.25326542053252715
15.2 130295.91638133331 0.25324967578213986
15.22 130295.87492533334 0.2532354171405122
15.24 130295.85103466667 0.2532111255030098
15.26 130295.87065466665 0.2532134810503549
15.28 130295.910288 0.25322128661447496
15.3 130295.89737733333 0.25324466779812427
15.32 130295.86053066666 0.253205540352264
15.34 130295.80912133332 0.2531534810754024
15.36 130295.82141599999 0.2532529579140114
15.38 130295.70690533334 0.2532757723573555
15.4 130295.71984666667 0.2532484558040527
15.42 130295.66153733333 0.25324927704730377
15.44 130295.63828800002 0.25325234154482423
15.46 130295.61309733332 0.2533246305746823
15.48 130295.67690133334 0.25337514600285344
15.5 130295.664456 0.253438251067874
15.52 130295.7595 0.2533693989690913
15.54 130295.76935733331 0.25340752173654235
15.56 130295.78823066667 0.2533661302167183
15.58 130295.87117466665 0.25332200255599546
15.6 130295.86870266666 0.25328381661682864
15.62 130295.922412 0.2532785980952937
15.64 130295.95453866666 0.253257056557163
15.66 130296.02995200001 0.2532789756823728
15.68 130295.91244266668 0.2532943471583769
15.7 130295.99682266667 0.253279065406085
15.72 130295.94857466668 0.2533398421652779
15.74 130296.07302800001 0.25333824861897014
15.76 130296.01205733334 0.2533393741543061
15.78 130296.06907733332 0.2533713686916748
15.8 130295.990712 0.2533724099185861
15.82 130296.003648 0.2533661996579445
15.84 130296.02559066666 0.2533093152593692
15.86 130296.11145600001 0.253269455617662
15.88 130296.199288 0.253310317053101
15.9 130296.17429466665 0.25334432512788174
15.92 130296.16242133331 0.253356036140405
15.94 130296.15933600001 0.2533335494140241
15.96 130296.127496 0.25331749614165944
15.98 130296.09871466666 0.2533525115282105
16.0 130296.16923999999 0.25335995167742126
16.02 130296.07356799999 0.2533612737829604
16.04 130295.99245466666 0.25340967570623085
16.06 130295.84152266665 0.2534138743221202
16.08 130295.87463066666 0.25348402807920506
16.1 130295.82940666669 0.2535889783931665
16.12 130295.74653066667 0.25363050661331804
16.14 130295.73144666669 0.25358876867230445
16.16 130295.789544 0.2536417910794495
16.18 130295.70802266667 0.2537017166265739
16.2 130295.60116933333 0.2537005122112497
16.22 130295.65367466667 0.25370837854548667
16.24 130295.70301066668 0.25369619555846035
16.26 130295.70078266667 0.25370641270614236
16.28 130295.70636266666 0.2536932822126736
16.3 130295.75417466667 0.2536604931264018
16.32 130295.73868800001 0.25366929557298984
16.34 130295.792976 0.253635508979498
16.36 130295.82027733332 0.2535773383446148
16.38 130295.75008933333 0.25358769598040787
16.4 130295.82144533333 0.2535429284778769
16.42 130295.901528 0.2535009999599068
16.44 130295.82584933333 0.2534538361437342
16.46 130295.98615066666 0.2535098511580316
16.48 130295.979432 0.25351350322665245
16.5 130295.99013600001 0.25351326926020257
16.52 130295.98517199999 0.2533576637206801
16.54 130296.02076666667 0.25329479464055993
16.56 130296.09582133332 0.25332580452957204
16.58 130296.01376 0.25337113220060825
16.6 130296.01639733333 0.25334581041682047
16.62 130296.08319866666 0.25337766866703065
16.64 130296.06601066666 0.25335990870638087
16.66 130296.10887199998 0.25329130965014285
16.68 130296.08903999999 0.25333467614312544
16.7 130296.07758266668 0.25342853444827335
16.72 130296.09215733333 0.2534483062921987
16.74 130296.135332 0.2535381126532251
16.76 130296.15682799999 0.2535262113092353
16.78 130296.23068933334 0.25347592001415026
16.8 130296.26620800002 0.2534640083615901
16.82 130296.25865466666 0.25345470940209586
16.84 130296.28559466667 0.2534722885251013
16.86 130296.38302133334 0.25351459156175365
16.88 130296.43042799999 0.25344891979519624
16.9 130296.425728 0.25353611102398715
16.92 130296.43893466666 0.2534846596537376
16.94 130296.49610400002 0.2534945039927511
16.96 130296.53278666665 0.2535146421449442
16.98 130296.46026133333 0.2535711787016699
17.0 130296.43190933333 0.2535544006879602
17.02 130296.38699333332 0.2535536098215638
17.04 130296.36437466668 0.25357973789778954
17.06 130296.24252266667 0.25349430021843716
17.08 130296.20089066669 0.25348209941099203
17.1 130296.17943733334 0.25345582761890484
17.12 130296.23031466667 0.2534456985225559
17.14 130296.24058266667 0.2534117323195178
17.16 130296.18711866665 0.2533727312548803
17.18 130296.15946933333 0.25333384116274976
17.2 130296.20027066667 0.25338075815740707
17.22 130296.17621466666 0.25342654293960093
17.24 130296.17874933334 0.25338745194496054
17.26 130296.06326666666 0.2533595893783997
17.28 130296.06376933334 0.25337183083026577
17.3 130296.02934799998 0.2534005684048443
17.32 130296.06560533334 0.2533828973834788
17.34 130296.04665999999 0.253388609100607
17.36 130296.02532533335 0.2534092038740038
17.38 130296.06219999999 0.25337285704042206
17.4 130295.98419333334 0.2534217264967151
17.42 130296.03140533334 0.253464821181021
17.44 130296.02673066666 0.25343276349078164
17.46 130296.10298533335 0.25339132589848445
17.48 130296.04127333334 0.2533627484778704
17.5 130296.01863866669 0.25339541106819624
17.52 130296.020344 0.25334315026740467
17.54 130296.104436 0.25336817390829597
17.56 130296.14302533332 0.2533281580584469
17.58 130296.03770533335 0.25337759475351396
17.6 130296.08656533332 0.2533486011397811
17.62 130296.03279866665 0.2532892300581345
17.64 130296.11998533332 0.25328728912569615
17.66 130295.97065333332 0.25324288243271414
17.68 130296.010296 0.25320916210810296
17.7 130295.99055066667 0.25324641953897997
17.72 130295.95832 0.2532574621523469
17.74 130295.84689866667 0.2532334417182078
17.76 130295.82836 0.2532666563321681
17.78 130295.89117866667 0.2532268622084032
17.8 130295.920068 0.2532358927706455
17.82 130295.99287466667 0.2532000323815778
17.84 130296.069644 0.2531974358730108
17.86 130296.07875066667 0.25319546854263797
17.88 130296.073004 0.253160254924603
17.9 130296.05929866666 0.25314106041146667
17.92 130296.06169599999 0.25311322647780243
17.94 130296.00407733335 0.25311914479197883
17.96 130296.00067733333 0.2531897110906266
17.98 130296.00796133335 0.2532523425125833
18.0 130295.91600933333 0.2533282624900412
18.02 130295.93196933334 0.253297603560014
18.04 130296.02260400001 0.25331931383034045
18.06 130296.11526266667 0.253235216718096
18.08 130296.074304 0.2531979610823114
18.1 130296.08255600001 0.2531704665856672
18.12 130296.032416 0.2531045236384609
18.14 130296.172672 0.2532080498810606
18.16 130296.16678933334 0.2532236686726615
18.18 130296.197264 0.2531889241164837
18.2 130296.25956533333 0.2532532642939982
18.22 130296.239608 0.2532973471943828
18.24 130296.26266266668 0.25326460433723474
18.26 130296.30739466666 0.25325176041155645
18.28 130296.30776133333 0.25330204821383157
18.3 130296.27728133334 0.25324213411035323
18.32 130296.269496 0.25313831982437174
18.34 130296.21333066665 0.2531013745582804
18.36 130296.255916 0.2530641138185131
18.38 130296.22165066667 0.2530855008833044
18.4 130296.10222266665 0.253074824070336
18.42 130296.03771866666 0.25299173845731004
18.44 130296.09545866666 0.2529900196350139
18.46 130296.099644 0.25303118898191185
18.48 130296.03292666668 0.25304148354301526
18.5 130295.96603600001 0.25304141902681804
18.52 130295.95645866667 0.25313250382780045
18.54 130295.97756133332 0.2531448216703039
18.56 130296.02007066668 0.2531316167844356
18.58 130296.09329199999 0.25314776373008774
18.6 130296.17976 0.2531995577660705
18.62 130296.12096933334 0.2532668824928974
18.64 130296.11301999999 0.25332311876612823
18.66 130296.03504133332 0.2533687943059843
18.68 130296.02719066667 0.2533082523539855
18.7 130296.030712 0.25339766082923754
18.72 130296.16509333334 0.2533501247841479
18.74 130296.24289199998 0.2532892718074435
18.76 130296.31429066666 0.2532583038139039
18.78 130296.427612 0.2532494860246798
18.8 130296.37522799999 0.2532777865782227
18.82 130296.35372933332 0.2532622325275931
18.84 130296.42587199999 0.2533070873746296
18.86 130296.41572933333 0.2532898478557676
18.88 130296.22331866666 0.2533222571946256
18.9 130296.26312933333 0.25338239744769897
18.92 130296.35231333334 0.2534119464908463
18.94 130296.36276133334 0.2533508029469761
18.96 130296.33824133335 0.2534458377164993
18.98 130296.20377600001 0.25339669234428963
19.0 130296.04772133334 0.2534224854721187
19.02 130296.055464 0.25339715764138226
19.04 130296.16356266665 0.2534117122126246
19.06 130296.23115733334 0.25339540997837795
19.08 130296.28171466666 0.2533819003725798
19.1 130296.38736933333 0.25344934877269965
19.12 130296.36332 0.2534454286246334
19.14 130296.42700533333 0.2534659747006459
19.16 130296.41650533333 0.25339500503734197
19.18 130296.387544 0.2534513493407049
19.2 130296.36198666668 0.2533922148187622
19.22 130296.47577199999 0.25342241376677
19.24 130296.36143066667 0.2534128765609867
19.26 130296.37606666668 0.2534741243501834
19.28 130296.42834266665 0.2534614399367944
19.3 130296.37348933335 0.2534309336044656
19.32 130296.401812 0.25344649137940545
19.34 130296.42881066666 0.25338821324006966
19.36 130296.38496 0.25334579981817484
19.38 130296.30824266665 0.25338640240112065
19.4 130296.33146266667 0.25339475950417834
19.42 130296.30938 0.2533478885883751
19.44 130296.33943333334 0.25329545559396405
19.46 130296.52261333333 0.25330042031961175
19.48 130296.51996800001 0.25324993999776485
19.5 130296.481068 0.2531168072470756
19.52 130296.57440533335 0.2530786877594057
19.54 130296.51803866666 0.25308752567731535
19.56 130296.60948266668 0.25308725321120806
19.58 130296.636228 0.25322377512716626
19.6 130296.69808133334 0.2532318078853424
19.62 130296.78411866666 0.25321965041788297
19.64 130296.740972 0.25324277166087594
19.66 130296.64564266666 0.25322457327936015
19.68 130296.58470133331 0.25324108210714225
19.7 130296.57450799999 0.2532804727014252
19.72 130296.51080800002 0.25334546014072457
19.74 130296.47215733334 0.2533331248568272
19.76 130296.48892666667 0.25329017930391917
19.78 130296.522336 0.25325192157666726
19.8 130296.47444133334 0.25320451716212333
19.82 130296.43405333333 0.2531224278167211
19.84 130296.47603866666 0.2531230892408339
19.86 130296.40803466666 0.25313285808380337
19.88 130296.471304 0.2532003919215731
19.9 130296.3952 0.2531374828106069
19.92 130296.41467733332 0.253049110720772
19.94 130296.356392 0.25304689361108074
19.96 130296.34584933333 0.25309180878613236
19.98 130296.41236933332 0.2529222292082844
20.0 130296.40563333333 0.25295180543251694
20.02 130296.42654399999 0.25302118034810006
20.04 130296.421324 0.2530302369874264
20.06 130296.48954800001 0.2530565930593653
20.08 130296.55268666666 0.25309504848532244
20.1 130296.54879199999 0.25308052279933435
20.12 130296.58773466667 0.25297577948963423
20.14 130296.54303866667 0.25296768929179075
20.16 130296.48047733332 0.2529134998749777
20.18 130296.50217466668 0.2530138248591434
20.2 130296.60253733333 0.25298293129382426
20.22 130296.55366533334 0.253018079774667
20.24 130296.56958133331 0.2530564151882847
20.26 130296.49996133333 0.25305728764062085
20.28 130296.37290533334 0.25309365031899567
20.3 130296.282368 0.2532082873697161
20.32 130296.20506000001 0.2531448385749961
20.34 130296.16727866666 0.2532248146532438
20.36 130296.26442933333 0.2532761246380193
20.38 130296.23662666668 0.25323380721880606
20.4 130296.29725599999 0.25324116747147596
20.42 130296.29642266667 0.2531512773450292
20.44 130296.35203600001 0.2531357963923975
20.46 130296.368008 0.25323071646186884
20.48 130296.40508933333 0.25324197286219463
20.5 130296.436104 0.25328613023816404
20.52 130296.42952933334 0.2533616547892051
20.54 130296.263556 0.25336795531042566
20.56 130296.19472666667 0.25336458599182304
20.58 130296.13899866666 0.25335177854101126
20.6 130296.13593733334 0.2534024357611072
20.62 130296.090028 0.2534258203303399
20.64 130295.957712 0.2534151539612737
20.66 130295.91377733334 0.25346197826518324
20.68 130295.91068666666 0.25336865455015173
20.7 130295.83427200001 0.2533377828867358
20.72 130295.73664666666 0.2533103636167799
20.74 130295.81778000001 0.25333526427845293
20.76 130295.84179733333 0.25331625367986543
20.78 130295.81096266667 0.25339190003839346
20.8 130295.83718533334 0.2533998181711606
20.82 130295.74904266666 0.2534689200881764
20.84 130295.77687866666 0.253500934971231
20.86 130295.76384133333 0.25339848097237766
20.88 130295.80033066665 0.25344083272558976
20.9 130295.83575333333 0.2534325062730746
20.92 130295.82569733333 0.2533337493267045
20.94 130295.70585466668 0.25338310579168993
20.96 130295.69754533333 0.2534038345027279
20.98 130295.80386666665 0.2534860565096635
21.0 130295.90140666667 0.2535274087636849
21.02 130295.83058666668 0.2535115681564921
21.04 130295.83616933334 0.2534645547604355
21.06 130295.88530133333 0.25353831316543385
21.08 130295.95271333333 0.25353930884063963
21.1 130296.02507866666 0.25359838376762134
21.12 130296.02593599999 0.25358277978931837
21.14 130296.07956 0.2536120577325832
21.16 130296.00494133332 0.2535991258911397
21.18 130296.076868 0.25363126444502987
21.2 130296.198804 0.2535876021853602
21.22 130296.22876666668 0.2536826613653092
21.24 130296.26843333332 0.2536276088736295
21.26 130296.26707866667 0.2536027613925381
21.28 130296.226864 0.25361507674951717
21.3 130296.17853599999 0.2536070053865352
21.32 130296.19667199999 0.25352495980060263
21.34 130296.16435066667 0.25345393230762847
21.36 130296.18194666668 0.25341126362876565
21.38 130296.17928533332 0.2534530074619284
21.4 130296.174356 0.2533757751660842
21.42 130296.12571333334 0.2533515709782562
21.44 130296.04544400002 0.2533466364583642
21.46 130296.05104133334 0.2533242377151787
21.48 130296.11649866666 0.25321561857977276
21.5 130296.185568 0.25314600660032427
21.52 130296.17390400001 0.2531850823961027
21.54 130296.12722266669 0.25320048711478016
21.56 130296.19395466667 0.25321849148577585
21.58 130296.21895333333 0.25322324696754445
21.6 130296.31598266667 0.25327643433704583
21.62 130296.381344 0.2533009248583066
21.64 130296.38754666667 0.25333420706992976
21.66 130296.25614533332 0.25328748509195376
21.68 130296.23503466666 0.25331353753161856
21.7 130296.28958133333 0.25344749848719317
21.72 130296.289108 0.25338636197902936
21.74 130296.31976933332 0.25335083635285155
21.76 130296.32928666666 0.25336382034735944
21.78 130296.259004 0.2533635998138442
21.8 130296.25190799999 0.2533064417416809
21.82 130296.33438800002 0.2533385024709458
21.84 130296.37704666666 0.25335957965095046
21.86 130296.370864 0.2533231697548921
21.88 130296.37150000001 0.25335513623026784
21.9 130296.44159066668 0.2532709396869812
21.92 130296.47654933334 0.253321043806911
21.94 130296.45146266668 0.2533735605063162
21.96 130296.60774533331 0.25330557017351346
21.98 130296.497932 0.25330217199063626
22.0 130296.42974666666 0.25332490134156843
22.02 130296.41653733334 0.2533549370951846
22.04 130296.32942533333 0.25339851204661457
22.06 130296.29194 0.25335572382632976
22.08 130296.30860533334 0.2532243792435587
22.1 130296.408096 0.2532263248684717
22.12 130296.39567999999 0.2532076574295543
22.14 130296.35164000001 0.2532250617309627
22.16 130296.41835333334 0.25317802088647173
22.18 130296.37006 0.25321261998369765
22.2 130296.426824 0.25321612298416385
22.22 130296.37995066665 0.25320220054351
22.24 130296.40815866667 0.2531511714917134
22.26 130296.42095733332 0.253170338397021
22.28 130296.46059999999 0.25314481179680964
22.3 130296.50329466668 0.2531801864625626
22.32 130296.50008933333 0.25324449250611847
22.34 130296.502568 0.25331058779085264
22.36 130296.53376666666 0.25328339481907125
22.38 130296.49888666667 0.25337437963769843
22.4 130296.440008 0.2533581577998866
22.42 130296.45723999999 0.25328626278954475
22.44 130296.51089199999 0.25326803575161105
22.46 130296.44474 0.25322509367557655
22.48 130296.39287733333 0.2533131139724437
22.5 130296.40859866666 0.2532421375224557
22.52 130296.385056 0.2532371175615825
22.54 130296.34475599999 0.25332669839310146
22.56 130296.26180133334 0.25340887923641076
22.58 130296.16599733333 0.25346653593137886
22.6 130296.20219333332 0.2534575795552401
22.62 130296.13175333333 0.25345450100440736
22.64 130296.15291066667 0.25352141128249556
22.66 130296.19219199999 0.2535144156169779
22.68 130296.21278266665 0.25346525662276925
22.7 130296.22145333333 0.25346843457969076
22.72 130296.18037066667 0.25350498644693953
22.74 130296.25981733331 0.2533975119510899
22.76 130296.30842 0.25348640170205244
22.78 130296.23369200001 0.2534773368098559
22.8 130296.16038533332 0.2534499152141481
22.82 130296.18198933333 0.25348381388270114
22.84 130296.2042 0.2535568274391494
22.86 130296.1994 0.2535863940600589
22.88 130296.31085466666 0.2536217580139454
22.9 130296.22014133334 0.2536943796617107
22.92 130296.38090933333 0.25380129069819063
22.94 130296.31887733334 0.2537065392975699
22.96 130296.30430266667 0.2537158097816142
22.98 130296.288844 0.2537339745952248
23.0 130296.36996266668 0.2537261615032543
23.02 130296.37624533333 0.25366129493363837
23.04 130296.32725733334 0.2535905160859232
23.06 130296.29617333334 0.2535117728308764
23.08 130296.26445333334 0.2534709652064119
23.1 130296.27566133332 0.2534507716810615
23.12 130296.32024799999 0.253438607308212
23.14 130296.315232 0.25347573470199763
23.16 130296.320148 0.2534899140660176
23.18 130296.28293733334 0.2534568835175419
23.2 130296.43316133333 0.2534392010823731
23.22 130296.47609466666 0.2533938630158002
23.24 130296.431412 0.25330601587139545
23.26 130296.50436533333 0.25322421758465985
23.28 130296.493892 0.2532682824689076
23.3 130296.47971866667 0.2531745542800689
23.32 130296.44489066667 0.25313050504640433
23.34 130296.40196666667 0.2531086186265302
23.36 130296.44276 0.25317145577532596
23.38 130296.49908266668 0.25317358623899044
23.4 130296.480528 0.25306389425367914
23.42 130296.35989600001 0.25310586038395677
23.44 130296.404852 0.2531192738512566
23.46 130296.437812 0.25317379797735595
23.48 130296.36887066666 0.2531968814220822
23.5 130296.41304 0.2532172341423473
23.52 130296.398064 0.253200098412736
23.54 130296.28788799999 0.25317483150781783
23.56 130296.210532 0.2532087852516797
23.58 130296.24111333332 0.25319259864369564
23.6 130296.252324 0.25323190392421363
23.62 130296.186308 0.25318098900528957
23.64 130296.17103866667 0.25320552621687564
23.66 130296.13970666667 0.2532994727891719
23.68 130296.12876533333 0.25340348108293337
23.7 130296.04957466666 0.25336365650979786
23.72 130296.11744533334 0.2533206767129249
23.74 130296.09347466666 0.25327535920392336
23.76 130296.146912 0.2532000080832441
23.78 130296.23489866666 0.2532388586323201
23.8 130296.10708399999 0.25326670683237423
23.82 130296.13254133333 0.2532472798844638
23.84 130296.12257066666 0.25325795767755005
23.86 130296.15145066666 0.253308526961323
23.88 130296.15162799999 0.253349388915193
23.9 130296.22773333333 0.2533817361704932
23.92 130296.26036666665 0.2533811218204335
23.94 130296.25655066666 0.25344864309916787
23.96 130296.07346666667 0.2533852475001062
23.98 130296.07965599999 0.25334888921703413
24.0 130296.09579733334 0.2533032367481408
24.02 130296.078268 0.25334718509415033
24.04 130295.91959199999 0.2533840894508294
24.06 130295.96169333333 0.2533634998174194
24.08 130296.07918933334 0.2533851866433476
24.1 130296.16844933335 0.25338182505008267
24.12 130296.314972 0.2534294917531394
24.14 130296.29203466667 0.253417157070911
24.16 130296.34662533333 0.2534388634491172
24.18 130296.222556 0.25345994637182345
24.2 130296.183268 0.2534049608480074
24.22 130296.14683333333 0.2533774941372041
24.24 130296.15787733332 0.253418562336822
24.26 130296.28346666666 0.25343528353670486
24.28 130296.27260666667 0.2534394396089051
24.3 130296.24770799998 0.253423043522896
24.32 130296.29806 0.25336820155010115
24.34 130296.25808266667 0.25331150346798686
24.36 130296.230068 0.25331818502060244
24.38 130296.19915466667 0.25334160314097015
24.4 130296.24436666665 0.2533300151761803
24.42 130296.17712933331 0.25339142150435806
24.44 130296.16963466667 0.2533570998122497
24.46 130296.09505866667 0.25344424662118875
24.48 130295.99333199998 0.2534967801321489
24.5 130296.069776 0.2534398745996069
24.52 130296.07246266669 0.2534909831276849
24.54 130295.98910800001 0.25343660218392855
24.56 130295.98073333333 0.2534888837254531
24.58 130295.91836933333 0.25351541434397407
24.6 130295.99827066666 0.25354446060303665
24.62 130295.98250266667 0.25354669120831025
24.64 130296.020728 0.25350844477053486
24.66 130295.96605066667 0.2535280392070505
24.68 130295.89207466667 0.25356184350093164
24.7 130295.89765333333 0.25341770283400916
24.72 130295.94032933333 0.2533376287681116
24.74 130295.88044666666 0.25326768721976917
24.76 130295.88454933334 0.2532485256460374
24.78 130295.88056133332 0.25330000317022994
24.8 130295.92943733334 0.25328942500176654
24.82 130295.96358133333 0.25333382433554513
24.84 130295.94344533331 0.2533273139198032
24.86 130295.957548 0.25328451196052754
24.88 130295.95600533333 0.25323935240731615
24.9 130295.94250666666 0.25317373189890807
24.92 130295.97568133334 0.2531394455269722
24.94 130295.988548 0.25317518247006954
24.96 130296.07102399999 0.2533330862471539
24.98 130296.00185733334 0.2532813289624349
25.0 130296.05178666668 0.25330513607053073
25.02 130296.04783066666 0.25322487954078426
25.04 130296.04390266667 0.2531671161998511
25.06 130296.01169333333 0.2531551969223857
25.08 130296.04144266667 0.25317727629188674
25.1 130296.04410933334 0.25308697523725565
25.12 130295.97172266665 0.25305221602446343
25.14 130295.92670266666 0.25303904519911335
25.16 130295.86775066667 0.25306654406716506
25.18 130295.807256 0.2531862821404559
25.2 130295.87510133334 0.25319231821510685
25.22 130295.995868 0.25323819423984456
25.24 130296.01825866665 0.2532228389563506
25.26 130295.98307333334 0.25327943658331564
25.28 130295.95351066667 0.25341331645738496
25.3 130296.06461599999 0.2534057139610881
25.32 130296.08922266666 0.25338587302150983
25.34 130296.12101866666 0.2533914884717163
25.36 130296.164496 0.2533290395618759
25.38 130296.21843066666 0.2534230528723947
25.4 130296.20347066667 0.25347540118423895
25.42 130296.19209466668 0.2534836457096292
25.44 130296.07812533333 0.2534404540744491
25.46 130296.12459333333 0.25341503526280545
25.48 130296.22772266666 0.25339573681989014
25.5 130296.22976666667 0.2533276205226028
25.52 130296.14561466666 0.25332520785185636
25.54 130296.18458533332 0.25343507271163046
25.56 130296.201012 0.25339869685148747
25.58 130296.21146133333 0.2533167906079094
25.6 130296.21431866667 0.2533146820107314
25.62 130296.22475600001 0.2533677180012014
25.64 130296.16168533333 0.2533709960065097
25.66 130296.124956 0.25333569347028545
25.68 130296.06502000001 0.25337222243669955
25.7 130296.03621466667 0.2533659765102214
25.72 130295.98852666667 0.2533191103111766
25.74 130296.025436 0.2533038528428956
25.76 130296.03667866667 0.25333123627866666
25.78 130296.07891066666 0.2532741511756332
25.8 130296.12296799998 0.2532599292900937
25.82 130296.10072133335 0.25325025398092293
25.84 130296.12171333333 0.25324008442220597
25.86 130296.13975733332 0.2532377256192893
25.88 130296.24464799999 0.2532853466306197
25.9 130296.26305866666 0.2532556387554785
25.92 130296.18286133333 0.2532963621712631
25.94 130296.130568 0.2532682786619484
25.96 130296.17826800002 0.25331214409632885
25.98 130296.11015199998 0.25338264233381463
26.0 130296.10364799999 0.25335162325007904
26.02 130296.08990533334 0.2533681465088361
26.04 130296.03689866667 0.2534142656172086
26.06 130296.04310000001 0.25341908390114737
26.08 130295.98684 0.2534922317443194
26.1 130296.01863466666 0.2534240093262479
26.12 130296.01435066666 0.25347888414195935
26.14 130295.99384533333 0.25335997741495114
26.16 130296.03696 0.25337831072548994
26.18 130295.99910266665 0.2534401683207105
26.2 130295.99844666666 0.25337723336509244
26.22 130295.99834666666 0.25332495326946125
26.24 130295.95330666666 0.2533809969105946
26.26 130295.91221200001 0.25329706762588755
26.28 130295.969056 0.2533332227147957
26.3 130296.01215466668 0.25338405588733
26.32 130296.009712 0.2533236260367419
26.34 130296.06333066667 0.2533971406797843
26.36 130296.14128266666 0.2533883714226841
26.38 130296.07459733333 0.25343033035867113
26.4 130295.98108666667 0.25349686228323476
26.42 130296.03576933334 0.253603837278082
26.44 130296.052956 0.2536196443350951
26.46 130296.12060933333 0.25355950788134285
26.48 130296.180596 0.2535440764104868
26.5 130296.14924 0.25354151759663973
26.52 130296.01926533334 0.25349499105630396
26.54 130296.05481466668 0.2535319527615313
26.56 130296.10936933334 0.2535099524245341
26.58 130296.09660799999 0.25343321746418807
26.6 130296.14333066667 0.25347536850045277
26.62 130296.27520666666 0.2533954416012499
26.64 130296.290656 0.25334892488568816
26.66 130296.26450666666 0.25334361948534606
26.68 130296.33903066666 0.2533769621723838
26.7 130296.17946266667 0.2534373862735007
26.72 130296.15185333333 0.2534464058121206
26.74 130296.11810533333 0.2534306445285865
26.76 130296.07695733334 0.25351751832577224
26.78 130296.03513333332 0.2535527805170357
26.8 130296.09503333335 0.2534718251587398
26.82 130296.07550266666 0.2535133899253738
26.84 130296.03516266667 0.25356055035775854
26.86 130296.14706 0.2534812228070327
26.88 130296.24236933334 0.25337094855058573
26.9 130296.25968133335 0.2534373387725222
26.92 130296.22372133331 0.2534481921965978
26.94 130296.25211066665 0.25332335220434665
26.96 130296.17341333334 0.253309541123317
26.98 130296.14938399999 0.25330248079555123
27.0 130296.13869866666 0.2533691301684589
27.02 130296.12909200002 0.2533285474974092
27.04 130296.09578266666 0.253287489883786
27.06 130296.251732 0.25333244322008935
27.08 130296.22089866668 0.2533098694655694
27.1 130296.272004 0.25326414904517924
27.12 130296.29058533334 0.2531992156568331
27.14 130296.305528 0.2532979476038957
27.16 130296.32102133334 0.25330904441526975
27.18 130296.33361466668 0.25342625842655375
27.2 130296.24818933333 0.2534889144785752
27.22 130296.16842 0.2534881952018727
27.24 130296.25727466668 0.25347610272188026
27.26 130296.21940266667 0.25348814218745513
27.28 130296.29496533333 0.253543018290119
27.3 130296.275404 0.25357817834746965
27.32 130296.35119599999 0.25352365725307047
27.34 130296.32433466669 0.2534648826885863
27.36 130296.23636799998 0.2534149540596372
27.38 130296.28280666667 0.2534927542280626
27.4 130296.34871600001 0.25348907862939085
27.42 130296.43335066667 0.253563552062201
27.44 130296.30540266668 0.2535253151866561
27.46 130296.329536 0.25359852377342523
27.48 130296.40080799999 0.25346422733750995
27.5 130296.36121733335 0.2535557285862497
27.52 130296.32034800001 0.2535188043114326
27.54 130296.33600666666 0.2535977041681212
27.56 130296.302268 0.25362690493652346
27.58 130296.43299733335 0.2535733219595755
27.6 130296.26835066667 0.25351461904810957
27.62 130296.25057333332 0.2535893100760643
27.64 130296.22715066667 0.25358008324272213
27.66 130296.33285333333 0.2535615201308741
27.68 130296.42933733333 0.2535464414094839
27.7 130296.39919066665 0.2534927100836189
27.72 130296.46472133332 0.25351618284711785
27.74 130296.465776 0.25353436816413694
27.76 130296.43399866666 0.2535833012148304
27.78 130296.42989333332 0.25352128922024186
27.8 130296.40694133332 0.25339634956236223
27.82 130296.49045066666 0.25333504858579314
27.84 130296.47970533333 0.2533637690876588
27.86 130296.517832 0.2533576196579253
27.88 130296.463476 0.25341636962548825
27.9 130296.40999066667 0.2534151162083618
27.92 130296.45323066667 0.2533373401012754
27.94 130296.45492666669 0.25340930030416914
27.96 130296.39719866666 0.25333497883054323
27.98 130296.372748 0.25327531815214677
28.0 130296.356768 0.2532759229194653
28.02 130296.40910666666 0.2533194997772344
28.04 130296.52280266666 0.2533334488756429
28.06 130296.62364266667 0.2533253600298869
28.08 130296.58555866667 0.25336803812146974
28.1 130296.58197466665 0.2534113483231267
28.12 130296.5546 0.25347945657327403
28.14 130296.574096 0.2534586001508566
28.16 130296.52465333333 0.2535361234677521
28.18 130296.50572533335 0.25352249574074925
28.2 130296.48241466668 0.25356354084616595
28.22 130296.42279333332 0.2536405896615925
28.24 130296.45840533334 0.2536514597986249
28.26 130296.42584933335 0.2535800620631638
28.28 130296.34572533332 0.25359431345982203
28.3 130296.39928533333 0.25358757829561296
28.32 130296.35616266666 0.25359914671948885
28.34 130296.51557066667 0.253598729402113
28.36 130296.44520533332 0.2535330050983778
28.38 130296.45217199999 0.2535270436160365
28.4 130296.388672 0.2534973778175483
28.42 130296.48627333334 0.25352037111943543
28.44 130296.54165333332 0.2535274344868183
28.46 130296.58481733335 0.2535429337988182
28.48 130296.597524 0.2535215594630625
28.5 130296.42375733334 0.2535408240138074
28.52 130296.58956266666 0.2534478514309079
28.54 130296.63242266668 0.2534444721466066
28.56 130296.64827333333 0.2534092333733618
28.58 130296.65839066668 0.2533856828131274
28.6 130296.70450533334 0.253344992738632
28.62 130296.66195200001 0.2533103645579983
28.64 130296.52689733334 0.2533549641686632
28.66 130296.60489733331 0.2533165839934879
28.68 130296.60913733335 0.25330238493109347
28.7 130296.599396 0.2532971188863746
28.72 130296.69661333333 0.25318741670857636
28.74 130296.61178533334 0.25315957417306456
28.76 130296.666212 0.25320475642051515
28.78 130296.620516 0.25322282606908797
28.8 130296.54699866666 0.2532333630667128
28.82 130296.53752666667 0.25327459075588726
28.84 130296.53793866666 0.2532962347570456
28.86 130296.46055199999 0.25323879316246845
28.88 130296.385844 0.2532361795903931
28.9 130296.38456800001 0.2532742892400874
28.92 130296.35456400001 0.253266807448329
28.94 130296.38382799999 0.2532352308985419
28.96 130296.50757333334 0.2532192198273412
28.98 130296.53166400001 0.2532728530716192
29.0 130296.52579733334 0.25323071564492594
29.02 130296.50853466667 0.25322943918592566
29.04 130296.42395066665 0.25328157076971713
29.06 130296.35278 0.25332842456892674
29.08 130296.33487466667 0.2532610092692026
29.1 130296.32676933332 0.25327135944747076
29.12 130296.40986933332 0.2533088320183346
29.14 130296.36056666668 0.2533094416053634
29.16 130296.37578 0.2532827382049658
29.18 130296.33406133333 0.25330443013852333
29.2 130296.32005733333 0.2532399125116475
29.22 130296.28256933333 0.2533238910095945
29.24 130296.204208 0.2533538680169577
29.26 130296.20863066666 0.2533326575253793
29.28 130296.30460666667 0.2534156463890878
29.3 130296.30692 0.25340908220117514
29.32 130296.236868 0.25342003568958044
29.34 130296.17132933333 0.253406159830912
29.36 130296.13263066666 0.2533812812782613
29.38 130296.105572 0.2533773391721077
29.4 130296.11460533334 0.25335463332420827
29.42 130296.12651333332 0.2533813204444402
29.44 130296.10171333331 0.2533184052744627
29.46 130296.14677200001 0.2533822036805339
29.48 130296.08587066669 0.2534495737538237
29.5 130296.04066266667 0.2535168415747801
29.52 130296.03561066667 0.2535751298629846
29.54 130296.06312400001 0.2535457150916924
29.56 130296.18302933333 0.25358908096070903
29.58 130296.166284 0.25350638526155683
29.6 130296.31017066666 0.25353813431666455
29.62 130296.25155866669 0.2534591058978466
29.64 130296.14958666667 0.2534897342809923
29.66 130296.216544 0.25350064994436056
29.68 130296.20698133332 0.25347729214730585
29.7 130296.24452133334 0.25344204552443356
29.72 130296.27714399999 0.25341433883396475
29.74 130296.29693333333 0.25342146737398297
29.76 130296.17272399999 0.25346789136742787
29.78 130296.06456266667 0.25353708093655886
29.8 130296.10879466668 0.25354735708321213
29.82 130296.16129866667 0.2536093599845933
29.84 130296.07654933333 0.2536387900604709
29.86 130296.047692 0.25355641823032155
29.88 130296.026748 0.2535196319367914
29.9 130296.03893066666 0.2534636144407483
29.92 130296.02034799999 0.253433163002913
29.94 130296.17036666666 0.2533706382820952
29.96 130296.11414266666 0.2532603236608325
