0.0 145059.75360333335 0.1691509814078608
0.02 147292.59316933333 0.17026780059873953
0.04 149480.19952 0.1712449900015898
0.06 151623.41195933335 0.17209913618926695
0.08 153723.188138 0.17281940407305552
0.1 155780.310392 0.17344675172167137
0.12 157795.692904 0.17401095378052897
0.14 159770.097954 0.1744752416150573
0.16 161704.34687333333 0.17481778511688464
0.18 163599.31673666666 0.17506540758796083
0.2 165455.712602 0.17522746443069293
0.22 167274.32428333332 0.17530561147030937
0.24 169055.83793266668 0.17535472716593362
0.26 170801.08398 0.17533525177446074
0.28 172510.78968133332 0.1752561473136459
0.3 174185.56205133334 0.17509864813218648
0.32 175826.20983133334 0.17490532794482427
0.34 177433.285406 0.17465259562382127
0.35 178225.20343333334 0.2463700068084505
0.37 176491.94346266665 0.24699162139120395
0.38999999999999996 174825.47048933333 0.24755600368737765
0.41 173222.978732 0.2480577123262719
0.43 171681.81354933334 0.24856916035626592
0.44999999999999996 170199.20601866668 0.24890192720636692
0.47 168773.081136 0.24919623574420863
0.49 167400.8720626667 0.24951424149041782
0.51 166080.30239199998 0.24972261492321088
0.53 164809.47935733333 0.24993551859956728
0.55 163586.29415600002 0.2501375474934058
0.57 162408.81184266665 0.25028005181705104
0.59 161275.12477599998 0.25042341012212244
0.61 160183.61185333334 0.25051070849522467
0.63 159132.383256 0.25060973704806633
0.6499999999999999 158120.01582133333 0.2506996379688265
0.6699999999999999 157144.83433333336 0.2507368701244509
0.69 156205.562128 0.25082978957190805
0.71 155300.711288 0.25084686513522886
0.73 154428.86186 0.25092378777541435
0.75 153588.81546133335 0.25106824639946723
0.77 152779.39003066666 0.25109530151870296
0.79 151999.35371333332 0.2510543730874732
0.81 151247.45499333332 0.25112614418181706
0.83 150522.75062666665 0.25115708125184755
0.85 149824.19760533335 0.25111151726527275
0.87 149150.67521733334 0.25117511050731106
0.89 148501.35435333333 0.25122930139025756
0.91 147875.33172133332 0.25120269855088223
0.9299999999999999 147271.61484 0.25124279105864566
0.95 146689.45098933333 0.25135426755676266
0.97 146128.13474666665 0.2513675308777466
0.99 145586.61764133332 0.25135964362123486
1.01 145064.442404 0.251385132948977
1.03 144560.70574266667 0.2513622620180939
1.0499999999999998 144074.80511733334 0.2514020807867674
1.0699999999999998 143606.0946 0.25145926564411686
1.0899999999999999 143153.89469466667 0.2515194769729607
1.1099999999999999 142717.65964133333 0.2515354113306759
1.13 142296.6714146667 0.25157683545613363
1.15 141890.41904400004 0.25161698561083856
1.17 141498.49539733335 0.25164504763313855
1.19 141120.220872 0.2516090020473864
1.21 140755.181064 0.25161958203860796
1.23 140402.95893999998 0.25156087422660944
1.25 140062.90220133332 0.25155066376730284
1.27 139734.63718533335 0.2516125523899026
1.29 139417.87679200002 0.251634956290103
1.31 139112.014112 0.2516521268197912
1.33 138816.75436933333 0.2516316371260041
1.35 138531.74961733335 0.2516790067532145
1.37 138256.56282266666 0.2518042138402086
1.3900000000000001 137990.97026933334 0.25185615189920435
1.4100000000000001 137734.43535066667 0.2519447539520972
1.4300000000000002 137486.705824 0.2519999711232856
1.4500000000000002 137247.63338933332 0.25195863655050127
1.4700000000000002 137016.678568 0.2520019688471317
1.4899999999999998 136793.61070000002 0.25205272568130893
1.5099999999999998 136578.10844933335 0.2520716352216142
1.5299999999999998 136370.15689466667 0.25213988481513755
1.5499999999999998 136169.2223866667 0.2521726815874287
1.5699999999999998 135975.28633733332 0.25214086395608265
1.5899999999999999 135787.88093466667 0.25218337830434995
1.6099999999999999 135606.83057733334 0.25216634713093344
1.63 135431.87474133333 0.2521479433435976
1.65 135262.9591053333 0.2521721669427246
1.67 135099.76360533334 0.25222661162636134
1.69 134942.05644000001 0.2522322629469159
1.71 134789.725748 0.25224830051737557
1.73 134642.51951733333 0.2523411811649104
1.75 134500.33233733333 0.2523955460414672
1.77 134362.95658266667 0.25245081617069914
1.79 134230.074664 0.25244440877665664
1.81 134101.80772133335 0.25247252003424436
1.83 133977.88138666668 0.2525203680622055
1.85 133858.06041866666 0.2525887404545827
1.87 133742.3065 0.2525510814934595
1.8900000000000001 133630.45315066667 0.2526109824928402
1.9100000000000001 133522.25602666667 0.25268286258987305
1.9300000000000002 133417.82095733332 0.2527331105468605
1.9500000000000002 133316.85874533333 0.25275278937047424
1.9700000000000002 133219.13633333333 0.25277549708854985
1.9899999999999998 133124.78048133332 0.25288006529408114
2.01 133033.64257866668 0.25291533547364675
2.03 132945.43410800002 0.25289892267385067
2.05 132860.04918666667 0.2529785539102833
2.07 132777.55935733335 0.25305446760109535
2.09 132697.93658266668 0.2530831260292654
2.11 132620.83509866666 0.25310884625777746
2.13 132546.42875866668 0.25316065386120945
2.15 132474.34245733335 0.25319307044687633
2.17 132404.81572266668 0.2531967532437205
2.19 132337.504408 0.25317181963283697
2.21 132272.36334533332 0.25320747511204544
2.23 132209.48752133333 0.2531442934808248
2.25 132148.554 0.2530710157418328
2.27 132089.70775066665 0.253063007864658
2.29 132032.777432 0.25310829135502183
2.31 131977.721296 0.25309490525450246
2.33 131924.4963 0.25313282484925836
2.35 131873.018452 0.2531871355118479
2.37 131823.28803333332 0.25315112776768833
2.39 131775.09014533332 0.25311674634458947
2.41 131728.56885600003 0.2531449303016861
2.43 131683.52619866666 0.25322077965569034
2.45 131640.08456133335 0.2532469586889635
2.47 131597.89727333334 0.2532205942201487
2.49 131557.09793733334 0.2532685019910985
2.5100000000000002 131517.56466666667 0.2532716940760868
2.5300000000000002 131479.4727306667 0.25325862018131134
2.5500000000000003 131442.46019466667 0.25316928265144234
2.5700000000000003 131406.69032533333 0.253172463727741
2.5900000000000003 131372.1092 0.253193501596996
2.61 131338.61420933332 0.253202959251761
2.63 131306.16218266665 0.25320657628212934
2.65 131274.83717866667 0.2531962854965876
2.67 131244.46335466666 0.2531168316929611
2.69 131215.0262 0.25307943367590346
2.71 131186.60696 0.2531080691785701
2.73 131159.11338266666 0.2530913214087433
2.75 131132.48795333333 0.25315428366756193
2.77 131106.70490133332 0.253155544335968
2.79 131081.73034533334 0.2531762729839191
2.81 131057.55929599999 0.2532517988794311
2.83 131034.13763733333 0.2531980208702398
2.85 131011.60546666666 0.2531983600027758
2.87 130989.65763999999 0.2531499668972107
2.89 130968.43694266667 0.25316786459222146
2.91 130948.01958933333 0.25318649766987816
2.93 130928.203312 0.253267388976895
2.95 130908.87175733334 0.2532761784720177
2.97 130890.20562933333 0.2532632998102662
2.99 130872.12264666666 0.2532107167356786
3.0100000000000002 130854.61074399999 0.2532132580500815
3.0300000000000002 130837.71977733335 0.25322663284395674
3.0500000000000003 130821.20003066669 0.25320003140126013
3.0700000000000003 130805.21253866666 0.2531643430117685
3.0900000000000003 130789.97189599999 0.25309692335976136
3.11 130775.15267733333 0.25314464048821483
3.13 130760.868248 0.2531241857073618
3.15 130746.88822533334 0.25311075289908347
3.17 130733.31306 0.2531720353774506
3.19 130720.26777466666 0.2530506899036212
3.21 130707.49212666665 0.25301631469581615
3.23 130695.252016 0.2531057321973685
3.25 130683.38078399998 0.2531328873143845
3.27 130671.75225199999 0.25305035440037976
3.29 130660.48243733332 0.25303470136417505
3.31 130649.72661866667 0.25310892074509406
3.33 130639.283768 0.2531470381403512
3.35 130629.13831066666 0.2531915949714699
3.37 130619.32681866665 0.25324237055779464
3.39 130609.77953599999 0.25330990484243554
3.41 130600.53829866665 0.25331116370956536
3.43 130591.55636400002 0.2533178289588868
3.45 130582.85776133335 0.2533021146227885
3.47 130574.41588266665 0.2533802189207265
3.49 130566.36566133333 0.25339587446077105
3.5100000000000002 130558.50808266667 0.2534255241737403
3.5300000000000002 130550.80749333334 0.253349802983087
3.5500000000000003 130543.31629333334 0.2533358410750137
3.5700000000000003 130536.15538000001 0.25333457485391814
3.5900000000000003 130529.14976266667 0.2533220340771447
3.61 130522.40575466667 0.25332904348812263
3.63 130515.74012666667 0.2532282504711763
3.65 130509.38672133333 0.25323569148330344
3.67 130503.28348266667 0.2531794304060589
3.69 130497.20832 0.253133014401859
3.71 130491.44262400002 0.2530879142319591
3.73 130485.80503466669 0.25307596722335446
3.75 130480.33958266667 0.25307779490816057
3.77 130475.06092266666 0.25313089687905843
3.79 130469.92872533333 0.2532055763925641
3.81 130465.00524933334 0.2532289123313178
3.83 130460.11987333334 0.25324000473314234
3.85 130455.38598666666 0.2533329929907045
3.87 130450.76637066665 0.2533652119457195
3.89 130446.32167466666 0.25337503577422754
3.91 130441.95341733334 0.2533239566954138
3.93 130437.87756666666 0.25334384122781467
3.95 130433.796028 0.2533296729153829
3.97 130429.940676 0.2533117814442863
3.99 130426.14976533334 0.2533004265436848
4.01 130422.364248 0.25337598074378664
4.03 130418.75936533333 0.25331325396974125
4.05 130415.33520666667 0.2532607096719284
4.07 130411.94352533334 0.2532291424617968
4.09 130408.71155866666 0.2531851223582317
4.109999999999999 130405.62568933333 0.2532461471422704
4.13 130402.63963333334 0.25323013723531757
4.1499999999999995 130399.62567466666 0.25319246210489715
4.17 130396.85246666666 0.2531773580152642
4.1899999999999995 130393.92508933332 0.2531919410912235
4.21 130391.17087599999 0.25314873765061496
4.2299999999999995 130388.56000666667 0.25316284306414655
4.25 130386.01605866666 0.25314809205361133
4.27 130383.43526933333 0.2530945109512276
4.29 130380.94072666665 0.25311940940791366
4.31 130378.63105866668 0.2530758650447327
4.33 130376.37997866666 0.2531626361580553
4.35 130374.19182666666 0.2531879626707639
4.369999999999999 130372.10622399999 0.25321515187682886
4.39 130370.00614933335 0.25322145070299873
4.409999999999999 130367.960888 0.2531877083813254
4.43 130366.02383866668 0.25318744730147086
4.449999999999999 130364.33321200001 0.25323576987479907
4.47 130362.48267866665 0.25320285216480093
4.489999999999999 130360.74518 0.2532534760051227
4.51 130358.85871866668 0.2532186208749112
4.529999999999999 130357.26567333333 0.25319722451746324
4.55 130355.56090000001 0.2532417673782496
4.569999999999999 130353.93869466666 0.2532447722875694
4.59 130352.41481999999 0.25317122026668254
4.609999999999999 130350.876232 0.25318726719573786
4.63 130349.37259066667 0.25315464859795506
4.6499999999999995 130347.91674533332 0.25317871344469073
4.67 130346.383256 0.2531910168573118
4.6899999999999995 130345.06112933333 0.25319900009323204
4.71 130343.75546533334 0.2532088953694008
4.7299999999999995 130342.485216 0.25318777610746007
4.75 130341.157584 0.2533007267139099
4.77 130339.89577466669 0.2532439801840924
4.79 130338.72315733333 0.25329181201731005
4.81 130337.56496399999 0.25335806021543383
4.83 130336.49604266667 0.2533182640801615
4.85 130335.42000133333 0.2533046242071155
4.869999999999999 130334.45085066668 0.25326071437491837
4.89 130333.51566933334 0.2533017061321312
4.909999999999999 130332.483164 0.2533067313883799
4.93 130331.59606000001 0.25334001335288076
4.949999999999999 130330.67377066666 0.253386119031095
4.97 130329.721872 0.25333896867744476
4.989999999999999 130328.876328 0.2533842759574643
5.01 130327.967376 0.25338505688655627
5.029999999999999 130327.12372933334 0.25331592916570606
5.05 130326.369836 0.2533066072787749
5.069999999999999 130325.63539733335 0.2534190028339111
5.09 130324.816476 0.2534911238584646
5.109999999999999 130324.03831333332 0.2534865292370189
5.13 130323.28438533332 0.2534811357297477
5.1499999999999995 130322.64813866666 0.2533885095854816
5.17 130322.02478533334 0.25341745547234945
5.1899999999999995 130321.44591466666 0.2533855907010575
5.21 130320.62118799999 0.2533484021084212
5.2299999999999995 130319.951952 0.2533119686775965
5.25 130319.31485200001 0.2533516903025075
5.27 130318.74667866665 0.25339122261375174
5.29 130318.033508 0.25337644002219734
5.31 130317.472384 0.2534526750496016
5.33 130316.98254933333 0.2534387437952444
5.35 130316.44367733331 0.2534064983249736
5.369999999999999 130315.88258800001 0.2533701035552568
5.39 130315.33749199999 0.2532990042684937
5.409999999999999 130314.8805 0.2533176359481662
5.43 130314.369728 0.2532718140842854
5.449999999999999 130313.96287333331 0.25324803275442165
5.47 130313.539144 0.25329860794634207
5.489999999999999 130313.05307200001 0.2533248436428866
5.51 130312.57823866668 0.253456630401887
5.529999999999999 130312.08616400001 0.2534863736535779
5.55 130311.61629333334 0.2534028544396266
5.569999999999999 130311.13490533334 0.2533295340625082
5.59 130310.758936 0.25337002628042965
5.609999999999999 130310.36364133333 0.25340817284525824
5.63 130310.04374133334 0.2534081433794257
5.6499999999999995 130309.73321466667 0.25349534065007095
5.67 130309.252876 0.25358288307268206
5.6899999999999995 130308.85986266666 0.2536020658175758
5.71 130308.59407733334 0.2536896424893466
5.7299999999999995 130308.22462133334 0.25375601223419864
5.75 130307.842008 0.2537628139932936
5.77 130307.63720533332 0.25368343568883517
5.79 130307.35364266668 0.253657197488739
5.81 130307.00219733335 0.2536574043384175
5.83 130306.65878266667 0.2536870353988613
5.85 130306.31241733333 0.2535512658822071
5.869999999999999 130306.18399733334 0.2535004999181408
5.89 130305.98647599999 0.2535186504648073
5.909999999999999 130305.63304933332 0.25346308675141205
5.93 130305.44360533333 0.25350609736165486
5.949999999999999 130305.14886266665 0.25339741250456843
5.97 130304.90748800001 0.25344177338993656
5.989999999999999 130304.67824133334 0.2533532753782192
6.01 130304.43366533332 0.2533770724106581
6.029999999999999 130304.23468 0.2534450406103884
6.05 130304.007732 0.25343431239210973
6.069999999999999 130303.79326666667 0.2534776576346239
6.09 130303.503392 0.2534888699589724
6.109999999999999 130303.33503599999 0.2534715664962096
6.13 130303.11496 0.25350262310352717
6.1499999999999995 130302.89514666666 0.2533954856041323
6.17 130302.67581466667 0.2534717230364253
6.1899999999999995 130302.51577066668 0.25355402362070867
6.21 130302.42778266667 0.25367675168968373
6.2299999999999995 130302.33930533333 0.25363512640728125
6.25 130302.14069866666 0.2535875494289124
6.27 130302.026608 0.2536317956938906
6.29 130301.86858133331 0.25355003240052826
6.31 130301.68043866669 0.25353840415782153
6.33 130301.594632 0.25348373485939346
6.35 130301.436628 0.2535730871985479
6.369999999999999 130301.22647466668 0.25359986744717733
6.39 130301.07115333335 0.25355532861585905
6.409999999999999 130300.98167466669 0.25349839031247967
6.43 130300.90424 0.2534645333750461
6.449999999999999 130300.81412133333 0.2534943117505697
6.47 130300.68955466666 0.2536480193487147
6.489999999999999 130300.74400400001 0.25366299529937775
6.51 130300.57286533332 0.2537451911989246
6.529999999999999 130300.508996 0.253781337830074
6.55 130300.39841599998 0.25381493259784094
6.569999999999999 130300.30294266666 0.2538319449451479
6.59 130300.19392933333 0.2538150554828541
6.609999999999999 130300.035812 0.2537832091946303
6.63 130299.86786 0.25376726225783314
6.6499999999999995 130299.78864133333 0.2537014587173478
6.67 130299.67854666666 0.2537056905947164
6.6899999999999995 130299.56711866666 0.2536632786535497
6.71 130299.456676 0.25362923412378435
6.7299999999999995 130299.35989733334 0.25357124305574386
6.75 130299.34760133334 0.25359151895765164
6.77 130299.31416266665 0.25356101042427137
6.79 130299.37433333333 0.25351608255294866
6.81 130299.28279200001 0.2535151308609539
6.83 130299.24320533333 0.2535322894006452
6.85 130299.09695199999 0.253578272373828
6.869999999999999 130299.04544266667 0.25350005686972216
6.89 130298.97226133334 0.25355573228745654
6.909999999999999 130298.965784 0.2536014599329847
6.93 130298.86800799999 0.25361463230847503
6.949999999999999 130298.93172933334 0.2536725058542082
6.97 130298.95094533333 0.2537038351761835
6.989999999999999 130298.96848000001 0.2536317520975741
7.01 130299.08608933333 0.2536404171734698
7.029999999999999 130299.01188399999 0.2536392265011804
7.05 130298.97602266667 0.25368355124146474
7.069999999999999 130298.90726133333 0.2537586335980287
7.09 130298.81588 0.2537177200916446
7.109999999999999 130298.734576 0.25367758097966175
7.13 130298.63716266665 0.2536311782957325
7.1499999999999995 130298.490788 0.25363213790695344
7.17 130298.434648 0.25350595747611737
7.1899999999999995 130298.40691866667 0.2534823884819222
7.21 130298.30222666665 0.25346078196941424
7.2299999999999995 130298.26812933333 0.2534350596528087
7.25 130298.14894533335 0.2533557040520995
7.27 130298.08306266667 0.25332884984328075
7.29 130298.07357733333 0.2533123960835477
7.31 130298.054804 0.2533495850258437
7.33 130298.09023866666 0.2533228767451862
7.35 130298.12972533333 0.25338107666554305
7.369999999999999 130298.08270533333 0.2534622875129115
7.39 130298.11848666667 0.253493679338759
7.409999999999999 130298.10516800001 0.2534441380035575
7.43 130298.027812 0.2533810604461283
7.449999999999999 130297.96426533333 0.25335480528549814
7.47 130297.91897466667 0.2533777855393077
7.489999999999999 130297.94378266667 0.25338166427713116
7.51 130297.80728266665 0.25337220825304796
7.529999999999999 130297.67941066666 0.25339641139577734
7.55 130297.65311999999 0.2533892727331116
7.569999999999999 130297.53870266667 0.25334518908024756
7.59 130297.40812000001 0.2533769861555459
7.609999999999999 130297.377256 0.25339957777329425
7.63 130297.41122133334 0.2534753085326323
7.6499999999999995 130297.35307466667 0.2534299215774002
7.67 130297.35456400001 0.2533563926508505
7.6899999999999995 130297.34731866667 0.25338067805873365
7.71 130297.40631466666 0.2533539079887114
7.7299999999999995 130297.33569866666 0.253365426339416
7.75 130297.25843333334 0.2533564551766559
7.77 130297.18101599999 0.25341642757465743
7.79 130297.126332 0.253403787477164
7.81 130297.139512 0.2534768847137178
7.83 130297.14290666666 0.25350503601051533
7.85 130297.00638933331 0.2534513296771806
7.869999999999999 130297.101524 0.25342188030431445
7.89 130297.05528 0.2534439378420145
7.909999999999999 130297.13000800001 0.25342958131059873
7.93 130297.09612 0.25337216124379486
7.949999999999999 130297.08766933333 0.25324850126893744
7.97 130297.06225333334 0.25327779247773513
7.989999999999999 130296.98693866667 0.2532266616577361
8.01 130296.866212 0.2532161269232929
8.03 130296.74349200001 0.2533039534727331
8.05 130296.766584 0.2533584308445774
8.07 130296.792796 0.25342397230252445
8.09 130296.70726933333 0.25338858569521755
8.11 130296.54336133334 0.2534267178653949
8.13 130296.5282 0.25342720689541326
8.15 130296.50959466667 0.2533772489817449
8.17 130296.58366133334 0.25337043840792683
8.19 130296.49015733335 0.2533002833324876
8.21 130296.56669066666 0.2532571451652249
8.23 130296.52785466667 0.25325629416151935
8.25 130296.52074 0.2532290231895646
8.27 130296.45438133334 0.25327211294183866
8.290000000000001 130296.44355866667 0.2532329507054753
8.31 130296.38724933335 0.2531795611572704
8.33 130296.30638 0.253154437260845
8.35 130296.32854266666 0.2530831855941891
8.37 130296.36687733335 0.2530564722881476
8.389999999999999 130296.25781200001 0.25306602886728286
8.41 130296.27402133335 0.25304183500700256
8.43 130296.35764666667 0.2531073514206366
8.45 130296.35684533331 0.25311847454160685
8.469999999999999 130296.30289600001 0.2531749836675618
8.49 130296.31163066666 0.25320880228236586
8.51 130296.39508933332 0.2531964022518796
8.53 130296.34987866666 0.253128039738605
8.549999999999999 130296.36195733331 0.2530902935046843
8.57 130296.31890266665 0.25313824515777744
8.59 130296.32870000001 0.25318743752389966
8.61 130296.34787466668 0.2531725690841826
8.629999999999999 130296.3613 0.25322018572065724
8.65 130296.41427066669 0.2532725801637341
8.67 130296.44444800001 0.2532880528778956
8.69 130296.43483866667 0.253286776447362
8.709999999999999 130296.44681066668 0.25323288705328895
8.73 130296.505264 0.25320707556937505
8.75 130296.56841600001 0.2532144183140021
8.77 130296.57145466667 0.253293367571098
8.79 130296.562052 0.2533167593775864
8.81 130296.50080533333 0.25333760040087977
8.83 130296.417684 0.2533761666824563
8.85 130296.48230666666 0.25338330963438893
8.87 130296.44469733333 0.2534951913943196
8.889999999999999 130296.31813466668 0.2535221906353934
8.91 130296.31165866666 0.2534846065194595
8.93 130296.26560666665 0.25342435074305186
8.95 130296.22818800001 0.25336356571459895
8.969999999999999 130296.25407466666 0.25335850626477047
8.99 130296.21968399998 0.25334185887283595
9.01 130296.34556666666 0.253301431704759
9.03 130296.36913466666 0.2532803781737582
9.049999999999999 130296.38920133334 0.2532601728812161
9.07 130296.34107733335 0.2533003774569171
9.09 130296.362864 0.2533299099772414
9.11 130296.40209599999 0.25334445084796275
9.129999999999999 130296.43550266666 0.25333230767028814
9.15 130296.47853866668 0.25328477772716407
9.17 130296.456124 0.2533266187423787
9.19 130296.52610666667 0.25333320509482826
9.209999999999999 130296.605652 0.2533065506666509
9.23 130296.515516 0.253347046998025
9.25 130296.65853733334 0.2533244655427768
9.27 130296.56812266668 0.25326858784665773
9.29 130296.52068933334 0.25322601590904703
9.31 130296.55295466667 0.2532888922603796
9.33 130296.58256800001 0.2533777001605766
9.35 130296.51156266667 0.25333916650976696
9.37 130296.60581066666 0.2533334895942489
9.389999999999999 130296.54494933333 0.25333047804961534
9.41 130296.43530266668 0.25328941016806994
9.43 130296.47714133334 0.25327304138013046
9.45 130296.46913066666 0.25329610746211945
9.469999999999999 130296.51434933333 0.25339171390667153
9.49 130296.49841066665 0.2534033431747092
9.51 130296.42599066667 0.2534318264478096
9.53 130296.39299466666 0.25347290949383294
9.549999999999999 130296.35630533332 0.2534949708602478
9.57 130296.31617199999 0.2534871650371368
9.59 130296.26513333333 0.25348277990247886
9.61 130296.34448533333 0.2535502494107103
9.629999999999999 130296.38260266665 0.2536164182386285
9.65 130296.3792 0.2535867071126218
9.67 130296.45607066667 0.25352010930448643
9.69 130296.53028133334 0.25358064892558924
9.709999999999999 130296.44501466665 0.2535444834515408
9.73 130296.42056 0.2534959101177727
9.75 130296.381784 0.25353197107745795
9.77 130296.419872 0.25348506676487137
9.79 130296.40655866667 0.2534917921596129
9.81 130296.41769866666 0.25353306153376776
9.83 130296.48904933334 0.253463051722963
9.85 130296.53449600001 0.25342674295696216
9.87 130296.522096 0.2533227011342212
9.889999999999999 130296.49572666666 0.25333528664036054
9.91 130296.52175733334 0.2532776928570823
9.93 130296.53067066669 0.25323680365128404
9.95 130296.58361333332 0.2531954840779923
9.969999999999999 130296.583544 0.2532082936557703
9.99 130296.56528533334 0.25328797216717136
10.01 130296.50616000002 0.253326460292489
10.03 130296.52433066667 0.25327573032526135
10.049999999999999 130296.460724 0.2533050057532921
10.07 130296.50792133331 0.2533085446350114
10.09 130296.47499466666 0.25332099226196514
10.11 130296.43935466665 0.2532484007972795
10.129999999999999 130296.43887466667 0.2532460242377412
10.15 130296.37557066667 0.2532827756196902
10.17 130296.333692 0.2533761796954704
10.19 130296.38465200001 0.2534619160130485
10.209999999999999 130296.37842933333 0.2534260430416596
10.23 130296.39684533331 0.2534968109072914
10.25 130296.51092133332 0.25352528003464514
10.27 130296.53989066667 0.25342312678268397
10.29 130296.533256 0.2533981641818038
10.31 130296.51715866668 0.25343892288164066
10.33 130296.52847866667 0.2535573684719529
10.35 130296.62527333334 0.25361870658778407
10.37 130296.60477866666 0.25352450948474997
10.389999999999999 130296.62291733334 0.2535733467511297
10.41 130296.69331866666 0.2535828185904294
10.43 130296.77686933332 0.2535572773175673
10.45 130296.772316 0.2536494980584991
10.469999999999999 130296.84806933333 0.2536845975528174
10.49 130296.87904799999 0.2536257330445244
10.51 130296.85126133333 0.25370320640932176
10.53 130296.74827066666 0.253720366200934
10.549999999999999 130296.65648666666 0.25371920427354266
10.57 130296.64700133333 0.25370157964022755
10.59 130296.67766133335 0.25363597698206214
10.61 130296.63557333332 0.25365090526221673
10.629999999999999 130296.68160266668 0.2536519439004763
10.65 130296.69788533333 0.25361381070833394
10.67 130296.65031333333 0.25357327973401955
10.69 130296.58019066667 0.2536317822094324
10.709999999999999 130296.51367466667 0.2536781585389837
10.73 130296.50341733334 0.25360632171751213
10.75 130296.51231866666 0.25356083533731055
10.77 130296.42285999999 0.2534706236855099
10.79 130296.48990266667 0.2535400387048121
10.81 130296.375972 0.2534925658695457
10.83 130296.41727866669 0.25348631338919914
10.85 130296.52961333332 0.25350070782066797
10.87 130296.47716666668 0.25348378421192724
10.889999999999999 130296.57531866667 0.2534897174253981
10.91 130296.56430266667 0.25340391403233986
10.93 130296.60657866666 0.25342589752176437
10.95 130296.68055066667 0.25347187830966555
10.969999999999999 130296.65857999999 0.25351160832634273
10.99 130296.544108 0.25348989710837266
11.01 130296.55426399999 0.2533746923924122
11.03 130296.51421600001 0.25331659075213403
11.049999999999999 130296.52080266667 0.25335299293264385
11.07 130296.5092 0.2533668187358308
11.09 130296.52311866666 0.2533159879804988
11.11 130296.457204 0.2532972682201587
11.129999999999999 130296.485864 0.25323507403353374
11.15 130296.53152133332 0.25324670494126117
11.17 130296.446956 0.253210879312331
11.19 130296.41886666667 0.25313878765889036
11.209999999999999 130296.45720933334 0.2531921039723297
11.23 130296.48058133334 0.25314310919709293
11.25 130296.50821333332 0.25317161958984247
11.27 130296.540684 0.2531614164328086
11.29 130296.55249599999 0.25319470027782
11.31 130296.60216533333 0.25316125720338406
11.33 130296.66707466668 0.25315635537517006
11.35 130296.69438533334 0.2530070422598504
11.37 130296.67425333332 0.2529559410783838
11.389999999999999 130296.69565066666 0.25300137331641814
11.41 130296.670792 0.2530210653542098
11.43 130296.65219733334 0.2530002801988775
11.45 130296.58898533334 0.2530452755068775
11.469999999999999 130296.48162800001 0.2530846101378156
11.49 130296.42191333334 0.2530988151181533
11.51 130296.48278133332 0.25307340691371505
11.53 130296.45796666667 0.25310742539720615
11.549999999999999 130296.40211200001 0.2530029024260997
11.57 130296.33308400001 0.25296145725164737
11.59 130296.30024133335 0.25303625864726165
11.61 130296.32562933333 0.25302991917206513
11.629999999999999 130296.35677866665 0.25305554021739957
11.65 130296.34015066666 0.2530866796163301
11.67 130296.355976 0.2531003208390633
11.69 130296.46477600001 0.2531766577336658
11.709999999999999 130296.44248133333 0.2532463432651488
11.73 130296.33294133333 0.25331171734459157
11.75 130296.41787599999 0.25328392256605914
11.77 130296.47225866666 0.25330597971409147
11.79 130296.54488133334 0.2532562044585372
11.81 130296.45388133335 0.2532124538528647
11.83 130296.38130133333 0.25323045967152785
11.85 130296.45924266666 0.2533113776142362
11.87 130296.46403866667 0.2533064421837861
11.889999999999999 130296.480268 0.2533076591857595
11.91 130296.53415866666 0.25338500832634153
11.93 130296.530092 0.25344356928015405
11.95 130296.55559999999 0.2535768746821656
11.969999999999999 130296.61029200001 0.2535922578905565
11.99 130296.60534533332 0.2535188256449058
12.01 130296.52662533332 0.2535208173328498
12.03 130296.49744666668 0.25346931178850846
12.049999999999999 130296.51796933333 0.25345965606351023
12.07 130296.420992 0.25353561494800064
12.09 130296.26854 0.2535636294518154
12.11 130296.25971066667 0.25352999983419144
12.129999999999999 130296.30245199999 0.25372661257000506
12.15 130296.348992 0.2536878285775114
12.17 130296.32256266667 0.2537148971480885
12.19 130296.377508 0.25374319300328446
12.209999999999999 130296.36129066667 0.25380480077364276
12.23 130296.35850933334 0.2537949588080408
12.25 130296.376204 0.25372734780127226
12.27 130296.25355866668 0.2535981949576334
12.29 130296.20960666666 0.25353381565405225
12.31 130296.11304666667 0.2536244308036969
12.33 130296.15171733333 0.25359942437649713
12.35 130296.10069600001 0.2536180641133196
12.37 130296.06050666666 0.2535106949074963
12.389999999999999 130296.03143466666 0.25353635987588435
12.41 130295.99136400002 0.2535420373348124
12.43 130296.09739866666 0.25344807575053047
12.45 130296.15696266666 0.2534513431857098
12.469999999999999 130296.06438000001 0.2534254938144748
12.49 130296.01904 0.25344740374317826
12.51 130296.021156 0.2534900931483492
12.53 130296.00806533334 0.2534482568666642
12.549999999999999 130296.05115866667 0.25344782995893633
12.57 130295.97155333334 0.25347655934337116
12.59 130296.02479866665 0.2534350000854164
12.61 130295.95694266666 0.2534550560101409
12.629999999999999 130295.994332 0.25339427379646273
12.65 130296.12715733334 0.253397241916174
12.67 130296.24524266666 0.2533500231946233
12.69 130296.31731866667 0.25330841182662944
12.709999999999999 130296.23763733334 0.25327739906260593
12.73 130296.14680133335 0.25333660933987034
12.75 130296.20443733333 0.2533820987861465
12.77 130296.22733599998 0.2532998082649837
12.79 130296.25062800001 0.2533218599911431
12.81 130296.323544 0.25335119721787647
12.83 130296.37203866667 0.2532967685386802
12.85 130296.30687866667 0.2532877724112902
12.87 130296.279188 0.25330130783226434
12.889999999999999 130296.32114933334 0.2532901823511605
12.91 130296.291596 0.25331231723819414
12.93 130296.18177733335 0.25323292364963534
12.95 130296.27367599998 0.2533230717706597
12.969999999999999 130296.38982133333 0.2532321305205463
12.99 130296.347444 0.25319791360986704
13.01 130296.423524 0.25318850463573866
13.03 130296.36685866668 0.25318490714254543
13.049999999999999 130296.34647866667 0.2532017890735361
13.07 130296.23619466665 0.25328661419838544
13.09 130296.323772 0.2533006141109498
13.11 130296.26321066667 0.25332084710195885
13.129999999999999 130296.20357733333 0.2533762568265689
13.15 130296.24616133333 0.253376280867096
13.17 130296.194424 0.25334707572203874
13.19 130296.25576799999 0.253282663813437
13.209999999999999 130296.27976533333 0.25329291865051484
13.23 130296.21252666666 0.2534056816701689
13.25 130296.18054666667 0.25342545602438177
13.27 130296.11153466666 0.25342095328646463
13.29 130296.23524 0.25333483015239094
13.31 130296.33248533335 0.2532679367353062
13.33 130296.34291600001 0.25329421514928546
13.35 130296.33721866665 0.25329937268919467
13.37 130296.330044 0.25328330999319515
13.389999999999999 130296.32334666666 0.25325844032464356
13.41 130296.27996666667 0.25333307739157535
13.43 130296.27393333334 0.25353250532653765
13.45 130296.24656266667 0.253482195548086
13.469999999999999 130296.31153199999 0.2535291441230639
13.49 130296.34024266666 0.25358760399733454
13.51 130296.32911866666 0.25350399737330087
13.53 130296.29670266666 0.2535376935433725
13.549999999999999 130296.300472 0.2535756631384263
13.57 130296.376208 0.25364314301470064
13.59 130296.37547866665 0.2535800194966057
13.61 130296.37352933332 0.2536251915920829
13.629999999999999 130296.25998933334 0.2535692418368104
13.65 130296.202996 0.2535371586964336
13.67 130296.11729866668 0.2534552012978627
13.69 130296.09608266666 0.2534525947075774
13.709999999999999 130296.08892266665 0.253388059547554
13.73 130296.157992 0.2532827410870723
13.75 130296.22716533334 0.253328415719943
13.77 130296.24440933333 0.2533911541990564
13.79 130296.25239466666 0.2534253593327868
13.81 130296.28022 0.253455229834333
13.83 130296.11081733333 0.25343122571700905
13.85 130296.16925466669 0.25344840917948336
13.87 130296.26864933333 0.25330527001543396
13.889999999999999 130296.21345866667 0.2533898599133214
13.91 130296.24179466668 0.253425273300332
13.93 130296.22402400001 0.25344764605855524
13.95 130296.19557333333 0.2533666402086987
13.969999999999999 130296.23854533334 0.25340139277604223
13.99 130296.23068533334 0.25346842668974057
14.01 130296.18146133333 0.253529540665948
14.03 130296.14132933333 0.25351055925145344
14.049999999999999 130296.14367466666 0.2535623913545672
14.07 130296.24871999999 0.25351872796593533
14.09 130296.27056133334 0.25340681715078084
14.11 130296.28824933333 0.253314711619214
14.129999999999999 130296.25914666665 0.2532796740369307
14.15 130296.26697866668 0.25332147189792176
14.17 130296.19997466667 0.2532911586458496
14.19 130296.24871733334 0.25327802289248014
14.209999999999999 130296.21243466667 0.25335242527184726
14.23 130296.23701466667 0.2533164662319309
14.25 130296.261676 0.25331533094826164
14.27 130296.29766933332 0.2533893195110105
14.29 130296.325528 0.2533016362732098
14.31 130296.217768 0.25328738222085
14.33 130296.24646933333 0.25325120426946357
14.35 130296.23068799998 0.25328926629511594
14.37 130296.27535066666 0.25334398303371775
14.389999999999999 130296.22196400001 0.2533859468423202
14.41 130296.29748800001 0.25335593775584847
14.43 130296.33729866668 0.2534273847503652
14.45 130296.31111066666 0.2534577196232644
14.469999999999999 130296.37822800002 0.25338679201324227
14.49 130296.5085 0.2533988246684899
14.51 130296.533008 0.25338378567903974
14.53 130296.50982533333 0.25337155758453306
14.549999999999999 130296.49540933332 0.25339541245456565
14.57 130296.45433066667 0.25339191062402333
14.59 130296.506536 0.25341927335972
14.61 130296.49735466667 0.2534266990283452
14.629999999999999 130296.61489066668 0.2534033833233555
14.65 130296.624304 0.25342649251786165
14.67 130296.671436 0.2533392099711007
14.69 130296.756772 0.2532596177284764
14.709999999999999 130296.85687333334 0.2532588494451653
14.73 130296.740548 0.2532419126260672
14.75 130296.75622933335 0.2532162621896159
14.77 130296.71793466667 0.25324060366134493
14.79 130296.769096 0.25318293427913946
14.81 130296.75244266668 0.2532802965770297
14.83 130296.71343733332 0.25325859779702714
14.85 130296.675108 0.25329532728374665
14.87 130296.70445066667 0.25328035636555707
14.889999999999999 130296.79886533335 0.25320003946304265
14.91 130296.817536 0.25320958373015706
14.93 130296.62614533333 0.2532350658772506
14.95 130296.76411066666 0.2532956673404944
14.969999999999999 130296.71980133334 0.25324803345939106
14.99 130296.67653733335 0.25320651567844116
15.01 130296.67716133333 0.25323982534010114
15.03 130296.62608133332 0.25323930782068277
15.049999999999999 130296.57197866667 0.25327278732963954
15.07 130296.529876 0.25326669893383863
15.09 130296.49843466666 0.25333427415013166
15.11 130296.49256799999 0.25328331832330714
15.129999999999999 130296.48279200001 0.25325811325824954
15.15 130296.428752 0.25317705331154466
15.17 130296.42472933335 0.25317440564154636
15.19 130296.38261866667 0.25318263929698187
15.209999999999999 130296.431072 0.2532452591838205
15.23 130296.39897066669 0.25328052456235856
15.25 130296.314492 0.25322714887594266
15.27 130296.28969733333 0.2531623210926926
15.29 130296.28372533334 0.25319124732702836
15.31 130296.34729333334 0.2532378757148551
15.33 130296.374132 0.25323732728636766
15.35 130296.44937733334 0.253235133909427
15.37 130296.50424000001 0.25329334771273004
15.389999999999999 130296.59068933332 0.2531588655480618
15.41 130296.62702933335 0.25324443857078804
15.43 130296.60602800001 0.2532642750684813
15.45 130296.58497066666 0.2533747062081685
15.469999999999999 130296.618996 0.2534526836420026
15.49 130296.664492 0.2534363857548003
15.51 130296.73678400001 0.25334837868721366
15.53 130296.80450266667 0.2532282510919829
15.549999999999999 130296.79036400001 0.2532350458004271
15.57 130296.82939333332 0.25324983259008077
15.59 130296.79125466666 0.2531477453281637
15.61 130296.77564400001 0.2531171248209396
15.629999999999999 130296.69474933334 0.25308219737821724
15.65 130296.61221466667 0.253147267621515
15.67 130296.57314266666 0.2532234462781771
15.69 130296.52840666668 0.25332295615871336
15.709999999999999 130296.43294533333 0.25336740162179033
15.73 130296.46991066667 0.25340551558936203
15.75 130296.54212533333 0.2534915211719459
15.77 130296.58387466666 0.2535711373864132
15.79 130296.63952933333 0.2535044885219765
15.81 130296.56137866667 0.25348320089960324
15.83 130296.49583866667 0.25336574650869803
15.85 130296.41846266667 0.25334977556365484
15.87 130296.34232533333 0.25336542912498916
15.889999999999999 130296.317784 0.2533750423800958
15.91 130296.37308133334 0.25337088236418825
15.93 130296.35883466667 0.2533549627203945
15.95 130296.43847466666 0.2533154422728341
15.969999999999999 130296.42000133335 0.2532788832533038
15.99 130296.51471333331 0.25329886371862587
16.01 130296.42831466667 0.253312507086133
16.03 130296.370368 0.2533095413259793
16.05 130296.28383733332 0.2532571697340437
16.07 130296.39092666666 0.25331362618787145
16.09 130296.48918266666 0.2532998430191739
16.11 130296.52696799999 0.253297886776441
16.13 130296.64117866667 0.25334441382253675
16.150000000000002 130296.68144533332 0.253275052819185
16.17 130296.56483866666 0.25322145967917
16.19 130296.63082133334 0.2532265723367876
16.21 130296.58361200002 0.25325093003291166
16.23 130296.64868666667 0.2532999173310774
16.25 130296.71438533333 0.2533434533308672
16.27 130296.74292666666 0.253475707575156
16.29 130296.699672 0.2533497185695828
16.310000000000002 130296.694224 0.25331757259494553
16.330000000000002 130296.67096133332 0.25331240657230847
16.35 130296.57631066667 0.253320890461401
16.37 130296.57196133333 0.25338821550196766
16.39 130296.60273066667 0.25332100635247484
16.41 130296.60499066667 0.2533133315267969
16.43 130296.561456 0.2532256373819588
16.450000000000003 130296.54529866666 0.2532667270075319
16.470000000000002 130296.54004666666 0.25329352240207703
16.490000000000002 130296.577104 0.25335134816103433
16.51 130296.655448 0.25329230223549304
16.53 130296.69596666665 0.25334987024899686
16.55 130296.50716533334 0.25322635455040554
16.57 130296.42365466667 0.25325703302853037
16.59 130296.44330933334 0.2533465855930551
16.610000000000003 130296.45279733335 0.25326178587949855
16.630000000000003 130296.52060400002 0.25326001519520713
16.650000000000002 130296.586316 0.25314853295765377
16.67 130296.54871866667 0.2532323960207048
16.69 130296.60994800001 0.25318257863541366
16.71 130296.63440133333 0.2531874863063814
16.73 130296.63646533334 0.25316698142450456
16.75 130296.66990133331 0.2532211732438875
16.770000000000003 130296.62838666668 0.25317279197051923
16.790000000000003 130296.622164 0.2532191720578294
16.810000000000002 130296.62934399999 0.253200871314113
16.830000000000002 130296.57906799999 0.25319124456323083
16.85 130296.51182666665 0.2532169809813881
16.87 130296.49320666667 0.2532427864694255
16.89 130296.45386266668 0.25331402993444413
16.91 130296.53323733332 0.2532636096445295
16.93 130296.50055466665 0.25324838246778447
16.950000000000003 130296.50826 0.253246189948697
16.970000000000002 130296.45032533334 0.2532487274176637
16.990000000000002 130296.58468666667 0.2532899039818001
17.01 130296.61060933332 0.25335154076791166
17.03 130296.63990799998 0.25330756295560325
17.05 130296.75552400001 0.2533376059682449
17.07 130296.734336 0.2533514076138111
17.09 130296.72226400001 0.25335283676446924
17.110000000000003 130296.61901866668 0.25332405744784675
17.130000000000003 130296.675848 0.25325339178467543
17.150000000000002 130296.741668 0.25331301182480503
17.17 130296.813968 0.253366158204726
17.19 130296.801076 0.2533973781594167
17.21 130296.820932 0.25329458530942345
17.23 130296.8471533333 0.25333818657992696
17.25 130296.75676399999 0.2533418863485293
17.270000000000003 130296.887576 0.25331860637839654
17.290000000000003 130296.76223200001 0.2533445492780692
17.310000000000002 130296.70736 0.25332791326571724
17.330000000000002 130296.70936000001 0.25333289503104667
17.35 130296.688312 0.25333047986715507
17.37 130296.78178000002 0.2533357107882966
17.39 130296.75188000001 0.25339490250397945
17.41 130296.752132 0.25339017983429707
17.43 130296.70216933334 0.2534309033431048
17.450000000000003 130296.68331066666 0.25340883237060324
17.470000000000002 130296.644936 0.2534084265899929
17.490000000000002 130296.74684800001 0.2533880484116156
17.51 130296.725064 0.2534045508621211
17.53 130296.68188666667 0.25352017199059423
17.55 130296.61223066668 0.25358476039492456
17.57 130296.69828133333 0.25359433538465875
17.59 130296.57628533334 0.2536174674646605
17.610000000000003 130296.55794133333 0.25354204428364807
17.630000000000003 130296.63374666666 0.25362392952384666
17.650000000000002 130296.683644 0.25354081995541866
17.67 130296.68409733333 0.2534509674376093
17.69 130296.68861333332 0.25344823847911757
17.71 130296.59402799999 0.2534072930459604
17.73 130296.49530400001 0.25337249143249024
17.75 130296.50994399999 0.2533659459351103
17.770000000000003 130296.46070933333 0.2533930782395791
17.790000000000003 130296.51571466666 0.25335039890647204
17.810000000000002 130296.60328000001 0.2533471579740096
17.830000000000002 130296.58605333333 0.2533216009406571
17.85 130296.58041600001 0.2532744826440147
17.87 130296.62359599999 0.2532095637971591
17.89 130296.627708 0.25328304661850454
17.91 130296.65145066666 0.25328788274951486
17.93 130296.59717466666 0.2533482676081844
17.950000000000003 130296.52359466668 0.25329603448775445
17.970000000000002 130296.49045333333 0.25332018545478613
17.990000000000002 130296.47887999998 0.25335555405696575
18.01 130296.51864933333 0.2533365259143328
18.03 130296.56099333332 0.2532671627650489
18.05 130296.40832933332 0.2531876289899491
18.07 130296.355396 0.2532989742678601
18.09 130296.303992 0.2533242735828804
18.110000000000003 130296.29636933333 0.2534021153544609
18.130000000000003 130296.42001999999 0.2534526043824237
18.150000000000002 130296.36551866667 0.25347256864686607
18.17 130296.45836000002 0.25346830386012625
18.19 130296.43580666668 0.2535037452662396
18.21 130296.44162533333 0.25344343782839135
18.23 130296.43662933333 0.2534079278614461
18.25 130296.58299733335 0.253387301531207
18.270000000000003 130296.626444 0.25343404056996505
18.290000000000003 130296.47702666666 0.2534171410087123
18.310000000000002 130296.45706266665 0.2534237719111316
18.330000000000002 130296.395224 0.2534757017171108
18.35 130296.405584 0.2534578142054749
18.37 130296.49008 0.25349564245935996
18.39 130296.554884 0.2535027384644892
18.41 130296.592384 0.253592613767441
18.43 130296.55602533334 0.2535254462368263
18.450000000000003 130296.55331866666 0.25344179342670675
18.470000000000002 130296.69862666668 0.2534697831025374
18.490000000000002 130296.68745333335 0.2534873223458672
18.51 130296.67334799998 0.2535077396940446
18.53 130296.63542533334 0.2534629867418632
18.55 130296.72425599999 0.25349395143108827
18.57 130296.66668933333 0.25348438298142467
18.59 130296.67633466666 0.25346429160933487
18.610000000000003 130296.64175466666 0.25349865164144586
18.630000000000003 130296.58098 0.25352338562512255
18.650000000000002 130296.61739066665 0.25352815848713556
18.67 130296.628148 0.25345831206772423
18.69 130296.51767466668 0.2534225081716581
18.71 130296.583316 0.253473519278455
18.73 130296.541932 0.25347044885211406
18.75 130296.50525333334 0.2533679678732341
18.770000000000003 130296.53804666667 0.2534286174776275
18.790000000000003 130296.49862133333 0.2534622505751993
18.810000000000002 130296.477836 0.2535444209692244
18.830000000000002 130296.43860533334 0.2535747640295138
18.85 130296.42166133333 0.25350855938639316
18.87 130296.41759866665 0.2534713832243804
18.89 130296.35636666667 0.25344605432010575
18.91 130296.37889200001 0.25343248202788604
18.93 130296.31186133332 0.25337638450183253
18.950000000000003 130296.34884133334 0.2533778224971188
18.970000000000002 130296.338252 0.2534035398197767
18.990000000000002 130296.38779466666 0.2534062244377675
19.01 130296.39901600001 0.25348584923565126
19.03 130296.54422400001 0.2535709685481039
19.05 130296.67724399999 0.2535968444172538
19.07 130296.68087733333 0.2535896699102583
19.09 130296.56845466667 0.25348913763306113
19.110000000000003 130296.56725333334 0.2534567187927521
19.130000000000003 130296.54150266666 0.25349414778980667
19.150000000000002 130296.572216 0.2534233728179772
19.17 130296.56092800002 0.2534834783667821
19.19 130296.45101066667 0.2534757738208476
19.21 130296.549272 0.25351777125635905
19.23 130296.59601466666 0.253536612178457
19.25 130296.51183866666 0.25348743480860075
19.270000000000003 130296.37098666668 0.25341181427053766
19.290000000000003 130296.44350533334 0.2534140288671652
19.310000000000002 130296.333744 0.2534473973144977
19.330000000000002 130296.25436266667 0.2533271355651221
19.35 130296.26101333332 0.2532698856324625
19.37 130296.24292133335 0.25336459181523335
19.39 130296.24381733334 0.2534057450809857
19.41 130296.23295466667 0.2534517803512587
19.43 130296.283628 0.25340362033577035
19.450000000000003 130296.29589066666 0.25346498847745463
19.470000000000002 130296.24123466667 0.2534637408180863
19.490000000000002 130296.26784 0.25348928893727796
19.51 130296.19363466666 0.253485960563968
19.53 130296.35166933332 0.25352446518316
19.55 130296.35829199999 0.25343033284562905
19.57 130296.32099466669 0.25345758542346736
19.59 130296.40095866667 0.25352678004447066
19.610000000000003 130296.51166399999 0.253531816485332
19.630000000000003 130296.52648266667 0.25346287804071677
19.650000000000002 130296.486944 0.2535377478497814
19.67 130296.37854266667 0.25354551726140706
19.69 130296.32041333333 0.25351958261939533
19.71 130296.24739599999 0.2535296609326319
19.73 130296.31398533334 0.2535672362599519
19.75 130296.43462666667 0.2535471688652214
19.770000000000003 130296.49487866668 0.25361172379662567
19.790000000000003 130296.55229733334 0.25358702420702317
19.810000000000002 130296.527404 0.2536038252303664
19.830000000000002 130296.560436 0.253631250347439
19.85 130296.71655066666 0.25358928608550313
19.87 130296.72955466667 0.2535848580747392
19.89 130296.73366666667 0.25349916075056605
19.91 130296.62464133333 0.25351048266544235
19.93 130296.696256 0.25347518487204856
19.950000000000003 130296.65697200001 0.25345997227189626
19.970000000000002 130296.70153466667 0.25339218484118303
19.990000000000002 130296.69283866667 0.2534183176492546
20.01 130296.75426266668 0.2534226981335904
20.03 130296.71977066668 0.25337204773864563
20.05 130296.64172666667 0.2532669456104037
20.07 130296.63152933333 0.2532642434282637
20.09 130296.64324 0.25325421583151975
20.110000000000003 130296.699432 0.2532587611345679
20.130000000000003 130296.68156266666 0.2532070167576561
20.150000000000002 130296.76678 0.2532756051467434
20.17 130296.63486666666 0.25322917823794117
20.19 130296.609028 0.2532261042622302
20.21 130296.589964 0.2531970881517881
20.23 130296.62598133332 0.25327106395131305
20.25 130296.70787066667 0.25323096190429045
20.270000000000003 130296.59037466667 0.25323115182984596
20.290000000000003 130296.49885866666 0.2532346939259458
20.310000000000002 130296.60284800001 0.2532901405631908
20.330000000000002 130296.55702400001 0.253248310217795
20.35 130296.53034266667 0.2532428297976077
20.37 130296.61196 0.253292303435917
20.39 130296.54359866667 0.25324882225414497
20.41 130296.547616 0.25323681908348394
20.43 130296.571964 0.25317748227400244
20.450000000000003 130296.52406666668 0.25318265290472514
20.470000000000002 130296.45394666668 0.25313646655184047
20.490000000000002 130296.42452533334 0.2532090800004141
20.51 130296.35111733334 0.25318372084512974
20.53 130296.184756 0.2531908660113648
20.55 130296.31070666666 0.25323202051967675
20.57 130296.36833866665 0.25312438796605446
20.59 130296.33837733333 0.25314731154368564
20.610000000000003 130296.40405733333 0.2531267807795596
20.630000000000003 130296.36852666666 0.2530378447772053
20.650000000000002 130296.33544266666 0.25299157963863494
20.67 130296.45574800001 0.2530607860176742
20.69 130296.46613599999 0.25298530659733476
20.71 130296.491664 0.2530169755878988
20.73 130296.420092 0.2530522243893097
20.75 130296.50171466667 0.2531246911290544
20.770000000000003 130296.60028266668 0.25306734060012537
20.790000000000003 130296.589748 0.25310085841431135
20.810000000000002 130296.45597733333 0.25318282035112605
20.830000000000002 130296.43574799999 0.25321743812009023
20.85 130296.45472266666 0.25324316544710135
20.87 130296.45607066667 0.2532729223103019
20.89 130296.50063199998 0.25332393725434577
20.91 130296.51407199999 0.2533035434920838
20.93 130296.49122933333 0.25316788662023676
20.950000000000003 130296.51201066666 0.2531641340122855
20.970000000000002 130296.57638933332 0.253238306050534
20.990000000000002 130296.519708 0.2532582540130512
21.01 130296.57550533331 0.2532013578821588
21.03 130296.42783066667 0.2531858255983972
21.05 130296.49856533334 0.2532031731084047
21.07 130296.48725466666 0.25321507445074465
21.09 130296.54425866666 0.25327844738680066
21.110000000000003 130296.500096 0.25323138876615914
21.130000000000003 130296.60275866666 0.25320913217578894
21.150000000000002 130296.440416 0.2532320400330709
21.17 130296.46127866665 0.2533129403199606
21.19 130296.53454 0.2533166557229873
21.21 130296.50058133333 0.25327638011840165
21.23 130296.52944266668 0.25318983949226337
21.25 130296.63887600001 0.25317123293993293
21.270000000000003 130296.64201466666 0.25322969256890726
21.290000000000003 130296.703792 0.253215295006708
21.310000000000002 130296.68211866668 0.253216848737451
21.330000000000002 130296.69801866668 0.25329085375586224
21.35 130296.78048933334 0.253287195864941
21.37 130296.72293066666 0.25321603914559054
21.39 130296.63463333333 0.2532554374126742
21.41 130296.63402933333 0.2532071753746857
21.43 130296.61230533334 0.2532259951673677
21.450000000000003 130296.64937733333 0.2532794550024845
21.470000000000002 130296.68593466666 0.25328961958915425
21.490000000000002 130296.70723333332 0.25337412707686874
21.51 130296.85665066668 0.2533696742561805
21.53 130296.778204 0.2533043776479434
21.55 130296.627604 0.2533223799759031
21.57 130296.60398533334 0.25329011091669495
21.59 130296.62070133333 0.2533926891975342
21.610000000000003 130296.73235066666 0.2533593085955955
21.630000000000003 130296.73618133333 0.2533314088626156
21.650000000000002 130296.78040133332 0.2533952049452825
21.67 130296.74394266665 0.2532937295287565
21.69 130296.76154266667 0.25329404603376615
21.71 130296.79455333334 0.2532771389648612
21.73 130296.73484399999 0.25331049198408095
21.75 130296.74632133334 0.25336131137949786
21.770000000000003 130296.70522266667 0.25338651517286537
21.790000000000003 130296.65263733333 0.253405356340399
21.810000000000002 130296.676488 0.253379814815216
21.830000000000002 130296.59025466669 0.2534174975350745
21.85 130296.53099066665 0.25342311509424054
21.87 130296.512452 0.25347837300993653
21.89 130296.49422933332 0.2535284050703949
21.91 130296.59691333333 0.2535056168181577
21.93 130296.51392666667 0.25348551531579977
21.950000000000003 130296.65181333333 0.2534574680347516
21.970000000000002 130296.721596 0.25341393467088497
21.990000000000002 130296.75999600001 0.2533330783204514
22.01 130296.73710133333 0.2533981298043877
22.03 130296.75450800001 0.25338404235906337
22.05 130296.74996799999 0.2533501212347431
22.07 130296.803772 0.2533777095059647
22.09 130296.88047866666 0.2533258348776331
22.110000000000003 130296.75229333334 0.25333610562178266
22.130000000000003 130296.76384933334 0.2533148567026868
22.150000000000002 130296.69458933333 0.25327159655226505
22.17 130296.68397066667 0.25331460957945223
22.19 130296.54029333335 0.2533656637517582
22.21 130296.573092 0.253267179081799
22.23 130296.47786133332 0.2533654117107515
22.25 130296.46142266667 0.2533509011611867
22.270000000000003 130296.53263999999 0.25342861181697945
22.290000000000003 130296.51255066667 0.2533526141635325
22.310000000000002 130296.52823066666 0.25340920505033093
22.330000000000002 130296.48451866666 0.2533678289785846
22.35 130296.52791466667 0.25338088270549775
22.37 130296.48032133334 0.25332341191502555
22.39 130296.558764 0.25331655216927434
22.41 130296.55151066667 0.253321308643845
22.43 130296.55060266666 0.253395115619723
22.450000000000003 130296.47948800001 0.2533748413986056
22.470000000000002 130296.49231333334 0.2533894755629235
22.490000000000002 130296.460976 0.2532811590931032
22.51 130296.50286666666 0.25336029203255467
22.53 130296.53021733332 0.25351626560828205
22.55 130296.46298800001 0.25356524965133803
22.57 130296.47673999998 0.25354035551610604
22.59 130296.46905333333 0.2535323599665638
22.610000000000003 130296.405504 0.25357369746904385
22.630000000000003 130296.45930266667 0.2535903140902187
22.650000000000002 130296.56136666669 0.25367776991401114
22.67 130296.53561600001 0.25372255267817706
22.69 130296.58937333332 0.25372476294935137
22.71 130296.57175466667 0.25366647595826247
22.73 130296.56646 0.2537626512806666
22.75 130296.60791600001 0.25367943651064817
22.770000000000003 130296.422004 0.253660911519955
22.790000000000003 130296.47646800001 0.2537795014941633
22.810000000000002 130296.49774933333 0.2538405324816835
22.830000000000002 130296.61288 0.25376969756060824
22.85 130296.56350266666 0.25378098895750556
22.87 130296.58648 0.2537230961780055
22.89 130296.522192 0.25367783239293157
22.91 130296.35281866667 0.25365344119626343
22.93 130296.30766666666 0.2536767283748684
22.950000000000003 130296.351252 0.2536361365641887
22.970000000000002 130296.31557866666 0.2536187507134625
22.990000000000002 130296.41268933335 0.253638912345427
23.01 130296.34493466666 0.2535876011722635
23.03 130296.41820800002 0.25353018892735407
23.05 130296.50258799999 0.253558603945415
23.07 130296.518664 0.2536361966850362
23.09 130296.50363466667 0.2536479860197763
23.110000000000003 130296.40962133334 0.25357911788834936
23.130000000000003 130296.48832 0.25357688612383306
23.150000000000002 130296.47311866666 0.25351828074804517
23.17 130296.358452 0.25362477924628385
23.19 130296.33081866668 0.2535703457979937
23.21 130296.40354266667 0.25352899383716077
23.23 130296.50135466666 0.2534649204943162
23.25 130296.50644533333 0.2534315981398442
23.270000000000003 130296.522372 0.25340367336315917
23.290000000000003 130296.54498533333 0.2534304866686201
23.310000000000002 130296.595504 0.25336375488775176
23.330000000000002 130296.54479733334 0.2533615891611809
23.35 130296.48953333334 0.253342173792669
23.37 130296.50582399999 0.2534708527991522
23.39 130296.53760933335 0.25336277015474806
23.41 130296.62824533334 0.2534834260481501
23.43 130296.58466 0.25348992167398127
23.450000000000003 130296.57053200001 0.25357734439480195
23.470000000000002 130296.61852133335 0.2535695216731986
23.490000000000002 130296.69100533334 0.25358995212411933
23.51 130296.71542 0.2536747933708463
23.53 130296.74372133332 0.25357380925354117
23.55 130296.69764266667 0.2536056080525662
23.57 130296.72482 0.25356876419702024
23.59 130296.72067333333 0.2535580974026269
23.610000000000003 130296.83718 0.25352449652420495
23.630000000000003 130296.82554533334 0.2534634365202597
23.650000000000002 130296.80144933333 0.25341962378559185
23.67 130296.71371600001 0.2533855884482567
23.69 130296.68249866666 0.2533893217066845
23.71 130296.62604933334 0.2533498269851489
23.73 130296.57996666666 0.2533444255612544
23.75 130296.58587200001 0.2533200252972393
23.770000000000003 130296.56123466667 0.253286724403643
23.790000000000003 130296.59004266668 0.25331805435312255
23.810000000000002 130296.58269066666 0.2532946682795815
23.830000000000002 130296.55818133333 0.25327485943763545
23.85 130296.59958533334 0.25324647695854324
23.87 130296.60508400001 0.2532782532671385
23.89 130296.64318000001 0.2532355264224215
23.91 130296.59049199999 0.2532166142594565
23.93 130296.56618666668 0.25310618417213454
23.950000000000003 130296.60633466666 0.2531969340678829
23.970000000000002 130296.63528933334 0.2532123107644514
23.990000000000002 130296.529016 0.25325913736129413
24.01 130296.57357733331 0.25336131470277873
24.03 130296.51217733334 0.2533271505312502
24.05 130296.473348 0.2533338269508983
24.07 130296.37891733332 0.2533033882387566
24.09 130296.49528133334 0.2532316951142284
24.110000000000003 130296.46108133333 0.2532418429311753
24.130000000000003 130296.47911333333 0.2532844411073098
24.150000000000002 130296.464508 0.2532594895353464
24.17 130296.52209066667 0.2532858747221806
24.19 130296.44064933335 0.2532408109948603
24.21 130296.44443866667 0.25321296006820865
24.23 130296.68031466668 0.253297464253278
24.25 130296.73010533335 0.25334812478846086
24.270000000000003 130296.71810666667 0.25331522930878764
24.290000000000003 130296.73900533334 0.2534108738260333
24.310000000000002 130296.61287466667 0.25336005621622865
24.330000000000002 130296.62457866668 0.2533831860921453
24.35 130296.69313333335 0.2534496051519888
24.37 130296.67376933333 0.25343266143024323
24.39 130296.63659333333 0.25343778819436635
24.41 130296.70265600001 0.25336585608259177
24.43 130296.67526266667 0.253362529241131
24.450000000000003 130296.63202399999 0.25335248472797667
24.470000000000002 130296.62889600001 0.2534295791416126
24.490000000000002 130296.56536666666 0.2533888589099066
24.51 130296.52947866666 0.2533496897943535
24.53 130296.50067466666 0.2534123077669952
24.55 130296.53236533332 0.25331254099322575
24.57 130296.52565199998 0.2533340594333764
24.59 130296.46457733333 0.25341566001712507
24.610000000000003 130296.47843066666 0.2533773209911414
24.630000000000003 130296.51446 0.25323320835528573
24.650000000000002 130296.42346266669 0.253254214327623
24.67 130296.48098666666 0.2531633265968146
24.69 130296.45470399999 0.2531678023858257
24.71 130296.46909866667 0.25317106158508695
24.73 130296.53713866667 0.253139832258409
24.75 130296.50567066667 0.2530505970565198
24.770000000000003 130296.374476 0.2531427648432145
24.790000000000003 130296.38156000001 0.25327756198819384
24.810000000000002 130296.503908 0.2533117642147265
24.830000000000002 130296.47532933333 0.25339756713881706
24.85 130296.478264 0.2534489938864193
24.87 130296.50636933334 0.25341212533604224
24.89 130296.42646 0.25338135386410776
24.91 130296.414372 0.2533946697865546
24.93 130296.40541733333 0.2533775471728469
24.950000000000003 130296.372252 0.25338043693346
24.970000000000002 130296.39662800002 0.2533948871958766
24.990000000000002 130296.43182 0.25342071311480685
25.01 130296.349028 0.25338163619869225
25.03 130296.24666 0.2532071951577727
25.05 130296.34943066665 0.25320219975085245
25.07 130296.40403066667 0.25317949902030296
25.09 130296.49260533333 0.25327172371209095
25.110000000000003 130296.47369866667 0.25327341928321384
25.130000000000003 130296.56694533332 0.2533175300628781
25.150000000000002 130296.55486266667 0.2532316698809668
25.17 130296.56375999999 0.25329770405025454
25.19 130296.44924133332 0.25325675297638106
25.21 130296.48878266665 0.2532182198905545
25.23 130296.35474133334 0.25338460702358534
25.25 130296.34841333334 0.2534073279389522
25.270000000000003 130296.34517466668 0.2534520247594718
25.290000000000003 130296.286356 0.2535418469109248
25.310000000000002 130296.25594533334 0.25354106133410664
25.330000000000002 130296.277012 0.2535336106261429
25.35 130296.221976 0.25350166557274895
25.37 130296.180244 0.25354136724460974
25.39 130296.16354000001 0.25357187006358045
25.41 130296.24899733331 0.253562012923402
25.43 130296.27553866665 0.2535855402103857
25.450000000000003 130296.33851866666 0.25361128676799666
25.470000000000002 130296.40496799999 0.2535475258348476
25.490000000000002 130296.37634933334 0.253549896285719
25.51 130296.42920266665 0.2534708458045923
25.53 130296.47544266665 0.2533949063654116
25.55 130296.38066933333 0.25334784994855264
25.57 130296.42454800001 0.2532972371906335
25.59 130296.53859866667 0.2533115916845612
25.610000000000003 130296.54692800001 0.2533815795689436
25.630000000000003 130296.42968 0.25334347446875133
25.650000000000002 130296.498324 0.2532431154670733
25.67 130296.54351866667 0.25315622222691003
25.69 130296.40181066666 0.2532193162112365
25.71 130296.34016266666 0.2531769194187294
25.73 130296.38851466667 0.2531580628350416
25.75 130296.47020266668 0.25316166131716844
25.770000000000003 130296.41168266666 0.2531956386007248
25.790000000000003 130296.494236 0.25320485884478455
25.810000000000002 130296.41112133334 0.2531357265433577
25.830000000000002 130296.55840400001 0.2531606492431603
25.85 130296.52389066666 0.25327084155823504
25.87 130296.521576 0.25325541198785445
25.89 130296.58739466665 0.2534048830279452
25.91 130296.690008 0.2534657373854669
25.93 130296.61428800001 0.2534736202537026
25.950000000000003 130296.70195599999 0.25343518845209834
25.970000000000002 130296.572104 0.253461373232951
25.990000000000002 130296.482996 0.2534423807128873
26.01 130296.48010933335 0.25342408790723975
26.03 130296.56220133333 0.25345594579207215
26.05 130296.44312266668 0.2533286841134181
26.07 130296.42035866666 0.2533498171230391
26.09 130296.42497333334 0.2533424758345945
26.110000000000003 130296.43262 0.2533234334498772
26.130000000000003 130296.55267333334 0.25340322604971716
26.150000000000002 130296.60303066668 0.25342052917515967
26.17 130296.62093333332 0.2534357983785484
26.19 130296.772208 0.25335945422068207
26.21 130296.77452400001 0.2532920467865173
26.23 130296.76420266667 0.2533703961523242
26.25 130296.81114933334 0.25332321377985384
26.270000000000003 130296.789308 0.253346468001742
26.290000000000003 130296.64307333334 0.2533509868172885
26.310000000000002 130296.72034 0.25330308146972325
26.330000000000002 130296.70400266667 0.25327574921957746
26.35 130296.77768133333 0.2532610008279703
26.37 130296.83807999999 0.2532362048565016
26.39 130296.89666933334 0.2533183923356977
26.41 130296.87449466667 0.2533467037225975
26.43 130296.887108 0.25331360030871664
26.450000000000003 130296.88583333333 0.25325659107463117
26.470000000000002 130297.02053866666 0.2532110702252926
26.490000000000002 130297.01002799999 0.2531855141812198
26.51 130297.03867200001 0.2531642755311515
26.53 130296.94119466667 0.2532723323095546
26.55 130296.81621466666 0.25330628486377876
26.57 130296.80915733334 0.2532918793800631
26.59 130296.877732 0.2532995009423746
26.610000000000003 130296.77365866667 0.2532724237121686
26.630000000000003 130296.70592400001 0.2533342446254134
26.650000000000002 130296.77429866666 0.25334915457950696
26.67 130296.73207200001 0.25338003450104635
26.69 130296.67195866666 0.2534578019358032
26.71 130296.57977733333 0.2535347328071619
26.73 130296.56732 0.2535487246095558
26.75 130296.64445066667 0.25358650622939555
26.770000000000003 130296.61670266665 0.25362415388850557
26.790000000000003 130296.54651066667 0.2535634235474271
26.810000000000002 130296.58549866665 0.2535704456865709
26.830000000000002 130296.37736133333 0.25352047649758047
26.85 130296.34752933332 0.2534572408449794
26.87 130296.29760266666 0.2534633075920456
26.89 130296.27172 0.2534386487519777
26.91 130296.15371466668 0.25345064034378406
26.93 130296.19045600001 0.2534289735229206
26.950000000000003 130296.13004533332 0.2533500947408714
26.970000000000002 130296.029272 0.25328925754902953
26.990000000000002 130296.07917066668 0.2532984311415507
27.01 130296.13061733333 0.2532452347773574
27.03 130296.04085066666 0.25327427646909584
27.05 130295.92158533333 0.2533392005134168
27.07 130295.933248 0.2533579977351687
27.09 130295.96321866666 0.25328120361955503
27.110000000000003 130296.00588666667 0.25329852079218457
27.130000000000003 130296.130112 0.2533251286203057
27.150000000000002 130296.14999866666 0.2532875867363203
27.17 130296.2394333333 0.25338558516455323
27.19 130296.35164400001 0.2534303000043198
27.21 130296.352008 0.2534688566838548
27.23 130296.32874266666 0.2534811351259439
27.25 130296.30609333332 0.2534871043759946
27.270000000000003 130296.38660000001 0.2535070841767186
27.290000000000003 130296.34639066667 0.2534632295469257
27.310000000000002 130296.30683066665 0.253392240128559
27.330000000000002 130296.28799333333 0.2533799875666465
27.35 130296.29095466668 0.2533848235853423
27.37 130296.25107333333 0.25341896729603197
27.39 130296.17304266669 0.25343699503147665
27.41 130296.220608 0.2533671941286332
27.43 130296.26539733334 0.2534264811813313
27.450000000000003 130296.25316266666 0.2533644290090275
27.470000000000002 130296.34816266666 0.25334899337958744
27.490000000000002 130296.43038933333 0.2533189978086994
27.51 130296.41286266668 0.2532679296601262
27.53 130296.44015466666 0.2532363383973108
27.55 130296.58945999999 0.25325105016724325
27.57 130296.61196800001 0.2533331052308174
27.59 130296.58719866668 0.2533036212561924
27.610000000000003 130296.534924 0.2532941318561506
27.630000000000003 130296.58249333332 0.25335256510359505
27.650000000000002 130296.58803733333 0.25331822738517457
27.67 130296.58326266665 0.2532339526870532
27.69 130296.61124133333 0.25322769054550237
27.71 130296.59503200001 0.25337253824493394
27.73 130296.65375733335 0.2532582718110014
27.75 130296.67944800001 0.2532554539759386
27.770000000000003 130296.70556266667 0.2532093070354144
27.790000000000003 130296.59040799999 0.25312659481691113
27.810000000000002 130296.51629466667 0.2531031135289309
27.830000000000002 130296.54259466668 0.2531306045173835
27.85 130296.70654133335 0.2531264295220613
27.87 130296.75573333334 0.25305136386122457
27.89 130296.68416933334 0.2530216619558677
27.91 130296.66744133334 0.25292702027291314
27.93 130296.74485333334 0.2530040955111364
27.950000000000003 130296.719416 0.25301014957144735
27.970000000000002 130296.66522666666 0.25304464976463326
27.990000000000002 130296.63977733333 0.2531414645222828
28.01 130296.64971466667 0.25310910102693407
28.03 130296.64187333334 0.2531535555258114
28.05 130296.62681866667 0.25314871612984885
28.07 130296.71840533332 0.2531523913841262
28.09 130296.714132 0.25320884491402196
28.110000000000003 130296.779544 0.25316034137208626
28.130000000000003 130296.68379466666 0.2531074642562256
28.150000000000002 130296.68446266667 0.25305713832257165
28.17 130296.74051733332 0.25310355807327667
28.19 130296.75214266666 0.2531355466969679
28.21 130296.67671733332 0.25317882278322806
28.23 130296.63411466667 0.25314088475538676
28.25 130296.66032266666 0.25308739964776444
28.270000000000003 130296.66711866666 0.25308016285746593
28.290000000000003 130296.67778266667 0.25316833819516465
28.310000000000002 130296.71495866668 0.25316099159023475
28.330000000000002 130296.69766800001 0.25315664812297306
28.35 130296.68729999999 0.25314124183616965
28.37 130296.66960133334 0.253297176069004
28.39 130296.61864 0.2533885957614201
28.41 130296.523556 0.25335532440973807
28.43 130296.510588 0.2533033197765285
28.450000000000003 130296.53325066666 0.25333539025581436
28.470000000000002 130296.55639333333 0.253379913566103
28.490000000000002 130296.70507866668 0.2534685902622291
28.51 130296.642436 0.2534941599973996
28.53 130296.70198933335 0.25346542401716216
28.55 130296.70336 0.25349850923005
28.57 130296.66483600001 0.2535091256160475
28.59 130296.57949866666 0.2534974160604394
28.610000000000003 130296.48011466667 0.2533971515790481
28.630000000000003 130296.34684266665 0.2534155033195393
28.650000000000002 130296.46986133335 0.25336220041940827
28.67 130296.42053599999 0.25331947696629337
28.69 130296.36577199999 0.25333325233986465
28.71 130296.30571066667 0.2532619844976206
28.73 130296.24819066667 0.2532419068558688
28.75 130296.199376 0.2532303078906198
28.770000000000003 130296.287124 0.2532249785110383
28.790000000000003 130296.14922133333 0.2531936004658479
28.810000000000002 130296.18548799999 0.25316774406209147
28.830000000000002 130296.13603333331 0.2532481370114578
28.85 130296.22337733334 0.2532198594627227
28.87 130296.199692 0.2532981861825254
28.89 130296.222664 0.25336189445747037
28.91 130296.16102133333 0.25340747450107853
28.93 130296.13588799999 0.253359884353075
28.950000000000003 130296.11363333334 0.2532981665642673
28.970000000000002 130296.088396 0.253401985689908
28.990000000000002 130296.08456400002 0.25334868150139866
29.01 130296.04526933332 0.25332131976894307
29.03 130296.02017866666 0.253303046919354
29.05 130296.03758666666 0.25333285177362885
29.07 130295.99299333333 0.2533662926013217
29.09 130295.97080133333 0.2533358038441232
29.110000000000003 130295.939144 0.2532577954636622
29.130000000000003 130295.95674 0.2532167314709542
29.150000000000002 130295.95579066666 0.25323061322605167
29.17 130295.87361066669 0.25321825563138606
29.19 130295.87020800001 0.2532365340791948
29.21 130295.92295333334 0.25321866783328356
29.23 130295.95319466668 0.2532049493598815
29.25 130295.93606800001 0.25322509761021594
29.270000000000003 130295.97333733333 0.2532422696481303
29.290000000000003 130295.88951066666 0.253136795490638
29.310000000000002 130295.89900266667 0.25311177417956165
29.330000000000002 130296.00681466667 0.2531912049464259
29.35 130296.04400133333 0.2531970077146363
29.37 130296.12467066667 0.25323225410834493
29.39 130296.20864666667 0.25322484376783166
29.41 130296.297504 0.25323398692916826
29.43 130296.19497866667 0.25323105100712767
29.450000000000003 130296.22946266667 0.253207986088782
29.470000000000002 130296.20265333334 0.25312663860606716
29.490000000000002 130296.20751333333 0.2531853670767158
29.51 130296.15238133333 0.2532093559992788
29.53 130296.04641333333 0.25325713167540503
29.55 130296.01670266667 0.2532715694866697
29.57 130295.99038133334 0.2532177805861841
29.59 130296.02537466666 0.25322287132730487
29.610000000000003 130296.044172 0.25315654155634626
29.630000000000003 130295.97383866667 0.25326722079618774
29.650000000000002 130295.959292 0.2532251138611075
29.67 130295.90972666666 0.25323189327235857
29.69 130295.90748 0.25327642709053894
29.71 130295.85123200002 0.2533453909182452
29.73 130295.79097466666 0.25339072242504934
29.75 130295.83923733333 0.25344236859270186
29.770000000000003 130295.89361599999 0.2534826552616557
29.790000000000003 130295.95724000002 0.25351303694580807
29.810000000000002 130295.91271599999 0.2535022512552235
29.830000000000002 130295.98247333334 0.25343956032401643
29.85 130295.983832 0.2534444975261075
29.87 130295.97659466666 0.25338626875064096
29.89 130295.96365066666 0.25350201166264413
29.91 130296.05632933334 0.2534945939196313
29.93 130296.18227599999 0.25347674153192346
29.950000000000003 130296.16917733334 0.25341767381497393
29.970000000000002 130296.24763999999 0.2533052130005537
29.990000000000002 130296.26640933334 0.25327117438830576
30.01 130296.40337066667 0.2533622249688349
30.03 130296.33344666669 0.25338791674221467
30.05 130296.466808 0.25337434714903295
30.07 130296.432848 0.25341534118860304
30.09 130296.39856533334 0.2533576501448942
30.110000000000003 130296.36360533333 0.2533519139890982
30.130000000000003 130296.367952 0.2533659730802111
30.150000000000002 130296.34989733333 0.25331327996276765
30.17 130296.410676 0.25328476729381705
30.19 130296.391268 0.25321536034787356
30.21 130296.41347999999 0.25326258224300413
30.23 130296.36989066667 0.25331469425578085
30.25 130296.337748 0.2533125205694415
30.270000000000003 130296.38213333333 0.25333800505417475
30.290000000000003 130296.39626533334 0.2533341804023421
30.310000000000002 130296.36736399999 0.253307059902082
