0.0 183539.92094133332 0.24521394947825856
0.02 181616.47768 0.2459757556658775
0.04 179767.491196 0.24667494706014426
0.06 177990.24388666666 0.2472231882997211
0.08 176281.43169866665 0.24763911773788455
0.1 174638.171856 0.24814732386755126
0.12 173057.73391866666 0.24857147442469882
0.14 171537.31025333336 0.24891984461943006
0.16 170074.63362266668 0.24926372135917438
0.18 168667.33676666667 0.24956581453506302
0.2 167312.8852866667 0.24981589919525873
0.22 166009.34557066666 0.24993810928266594
0.24 164754.49289599998 0.25010533924384115
0.26 163546.411976 0.25020911167834275
0.28 162383.21528666664 0.250308078917448
0.3 161263.01671733335 0.2505231450489055
0.32 160184.18175066667 0.2505792008574443
0.34 159145.04941733333 0.2506984038509203
0.36 158144.08307733334 0.2507338886736484
0.38 157179.70470266667 0.25089090783624524
0.4 156250.61483733333 0.2509328910786586
0.42 155355.20971466668 0.2510038701727515
0.44 154492.36408533333 0.25102504591241065
0.46 153660.84271733335 0.25096999987698854
0.48 152859.26755599998 0.25095097423949964
0.5 152086.586144 0.2510343859245236
0.52 151341.73066666667 0.251067181130329
0.54 150623.79296933333 0.2511192650149864
0.56 149931.36237333334 0.25109301754857016
0.58 149263.63937066664 0.25110141710215095
0.6 148619.82927866667 0.2511384920181496
0.62 147998.90540133332 0.2511377284475508
0.64 147400.040996 0.2510883910012124
0.66 146822.30638666666 0.25105364716237544
0.68 146264.95644266668 0.25114382698926885
0.7 145727.28483733334 0.2511368220368323
0.72 145208.50518666668 0.2512147632761469
0.74 144708.11619466665 0.2512303341011759
0.76 144225.16278 0.251193670447615
0.78 143759.11085866665 0.25126051952279477
0.8 143309.50833733333 0.2513281214916627
0.82 142875.44657466665 0.2513970734597528
0.84 142456.37673866667 0.25144871867630825
0.86 142052.07689733332 0.2514733044739808
0.88 141661.64714666666 0.25152818281229117
0.9 141284.88202666666 0.25154110150223163
0.92 140921.049124 0.2515229672320414
0.94 140569.892368 0.2515111407042897
0.96 140230.66936133333 0.25152240318050056
0.98 139903.18786533334 0.2514081944538035
1.0 139587.19688266667 0.2513927564221452
1.02 139281.86939866666 0.2514946109865424
1.04 138987.06102266666 0.2515072556865234
1.06 138702.40174533334 0.2515348055135997
1.08 138427.327272 0.25150183499670703
1.1 138161.66472666667 0.251583052831887
1.12 137905.11864266667 0.2515678300418257
1.14 137657.21332933335 0.25165085008902827
1.16 137417.696468 0.25170901114623806
1.18 137186.43039599998 0.2517591996391825
1.2 136963.01736933333 0.2517911524192432
1.22 136747.06309333333 0.2518297363231696
1.24 136538.511208 0.25186665593159746
1.26 136337.0972266667 0.2519240977928187
1.28 136142.26381333335 0.2518843314470909
1.3 135954.13718000002 0.25200253202568035
1.32 135772.24248000002 0.25195362509086566
1.34 135596.406872 0.25201167788157725
1.36 135426.59197733333 0.2520979016944458
1.38 135262.38793066668 0.2520929804486355
1.4 135103.71065999998 0.252170142746555
1.42 134950.36514933332 0.252199027231464
1.44 134802.09454000002 0.252193037046731
1.46 134658.89317733335 0.2522602655179367
1.48 134520.5333266667 0.2522884522313171
1.5 134386.63149066665 0.25224286799686935
1.52 134257.08489866665 0.2522569256768161
1.54 134131.8025066667 0.2523356321403243
1.56 134010.79392133333 0.252396358379779
1.58 133893.65961466666 0.25244638699365074
1.6 133780.49709333334 0.25247903389923226
1.62 133671.15689466667 0.25247394752618046
1.64 133565.3771573333 0.25245145926976037
1.66 133462.96507733333 0.2524675359573632
1.68 133364.118384 0.25257809245398916
1.7 133268.35754 0.25257911435568164
1.72 133175.6844293333 0.25261897786139065
1.74 133086.13837466668 0.25257482301050194
1.76 132999.44387066667 0.2525134029456896
1.78 132915.72537866666 0.25248277827369103
1.8 132834.6153426667 0.25251467029057506
1.82 132756.174408 0.25250127598338584
1.84 132680.266148 0.25253911183583183
1.86 132606.888172 0.25252066463972944
1.88 132535.8711146667 0.25264391950064086
1.9 132467.09149999998 0.2527591481083008
1.92 132400.584164 0.25277370857097714
1.94 132336.30495066667 0.25288251671331835
1.96 132274.03779466666 0.2528648777914884
1.98 132213.7169933333 0.2528646680812279
2.0 132155.44404933334 0.25272414893627027
2.02 132099.02713466666 0.25268574021536944
2.04 132044.36127866665 0.2527679056880272
2.06 131991.41178933333 0.25285697435101917
2.08 131940.214708 0.25290407987264113
2.1 131890.59895466667 0.25286716397474746
2.12 131842.65016666666 0.252926464964558
2.14 131796.2257266667 0.2528882239366213
2.16 131751.27050266665 0.2529375000678089
2.18 131707.68222 0.2530289168769228
2.2 131665.53710133332 0.25304094446704434
2.22 131624.714648 0.25300793327491317
2.24 131585.20219066666 0.2530184437818671
2.26 131546.988912 0.2529839464960898
2.28 131509.95558399998 0.2530358007360586
2.3 131473.96160933335 0.25298346535220534
2.32 131439.29236266666 0.25296227724221954
2.34 131405.55421466666 0.25295984706739555
2.36 131372.93581066668 0.2530531167641064
2.38 131341.31992266665 0.25299987360208265
2.4 131310.65070266667 0.25286916541148885
2.42 131281.030144 0.2529003430657867
2.44 131252.28241466667 0.25290007448065127
2.46 131224.6037053333 0.25287479485757836
2.48 131197.61677866668 0.2529368612536117
2.5 131171.62358133332 0.25290603765638675
2.52 131146.24652533332 0.2529835913573915
2.54 131121.72771333333 0.2529262427367111
2.56 131097.95561466666 0.25291570894111864
2.58 131074.90055333334 0.25298737892410006
2.6 131052.38945333334 0.2530884516972971
2.62 131030.70337733334 0.2531192245038837
2.64 131009.85595600001 0.2531183894601675
2.66 130989.59461999999 0.25304367219253526
2.68 130969.81774266667 0.25299555190529843
2.7 130950.63666533332 0.2529914873706476
2.72 130932.26088133332 0.2529739850104126
2.74 130914.41848266666 0.2530640422139061
2.76 130896.85818533333 0.2530034679895725
2.78 130879.96779200001 0.2530029571778959
2.8 130863.63543866665 0.25295856654051835
2.82 130847.83546799999 0.2529390117178695
2.84 130832.38045200001 0.2529780983274948
2.86 130817.49496666665 0.2530086828758961
2.88 130803.09479733335 0.25300111631908706
2.9 130789.14091333334 0.25295103255847184
2.92 130775.64190133332 0.25300413439871083
2.94 130762.44943066666 0.2529949449205646
2.96 130749.63289066666 0.2529548649361604
2.98 130737.06304933334 0.2529838921503282
3.0 130724.96106933334 0.25302833810111164
3.02 130713.40594933332 0.25305987538230995
3.04 130701.950228 0.25312201032282833
3.06 130691.00956799998 0.25316062102501724
3.08 130680.24734933334 0.25306684810312113
3.1 130669.93723200001 0.25310628579277245
3.12 130659.836556 0.2530674612722464
3.14 130650.13684133333 0.25305247395090896
3.16 130640.72658799999 0.2531939888590065
3.18 130631.538608 0.25318023150583313
3.2 130622.53573866667 0.25314338369183176
3.22 130613.82834933334 0.25308458875655065
3.24 130605.37488933334 0.2530796261315313
3.26 130597.16020933335 0.2530862737778502
3.28 130589.14674533335 0.253127663469828
3.3 130581.43714133333 0.2532075528344773
3.32 130573.98320799999 0.25321921978143647
3.34 130566.59340133333 0.2532363125694223
3.36 130559.516352 0.2532101434728429
3.38 130552.65798133334 0.2532084622823435
3.4 130545.88359466667 0.25322956533562413
3.42 130539.45516133335 0.25316894179360666
3.44 130533.21326933333 0.2531163263821187
3.46 130527.02841466668 0.253192452733299
3.48 130521.16581733334 0.25322001663663546
3.5 130515.45078133333 0.2532135444458483
3.52 130509.90200133334 0.2531932647796971
3.54 130504.36831733334 0.25311685199545997
3.56 130499.14870133334 0.2530723793502623
3.58 130493.87258133331 0.2530554736258488
3.6 130488.95482 0.253086424418264
3.62 130484.082432 0.25312236352826734
3.64 130479.46102799999 0.2531579477897368
3.66 130474.89060933335 0.2531283987400126
3.68 130470.39953333334 0.2531903530924956
3.7 130465.996652 0.2531939361591543
3.72 130461.80182400001 0.2532033448845016
3.74 130457.65631733334 0.25323233070713885
3.76 130453.77390266667 0.25325141769118603
3.78 130449.959724 0.2533774980823774
3.8 130446.26105733332 0.2533505209437196
3.82 130442.52212266668 0.2533120987336503
3.84 130438.90463466667 0.2532378501583353
3.86 130435.474296 0.2532111867445402
3.88 130432.16956666668 0.25325054944892517
3.9 130428.78830266668 0.2532464972344209
3.92 130425.660044 0.25321568893725893
3.94 130422.49921733332 0.25324957194464104
3.96 130419.477888 0.25324435214389807
3.98 130416.60422400001 0.25326791183947434
4.0 130413.79139333335 0.2532340296968455
4.02 130411.02511866667 0.25330610016402394
4.04 130408.38509733335 0.2532924638801659
4.06 130405.744708 0.25326792874695137
4.08 130403.11528533333 0.25334788448577716
4.1 130400.61031733334 0.2533466465629711
4.12 130398.12032933332 0.2533402264024084
4.14 130395.74867333335 0.25331657362723486
4.16 130393.46870133332 0.25333427568332256
4.18 130391.26326800001 0.2533719771476261
4.2 130389.09033066666 0.253255966334993
4.22 130386.97951866667 0.2531739976632966
4.24 130384.96690266667 0.2531137306901034
4.26 130382.95582933334 0.2531025943746653
4.28 130380.99574133332 0.2530638983557417
4.3 130378.95586133335 0.25310848826566457
4.32 130377.042052 0.25315187680855167
4.34 130375.277512 0.2531481418504916
4.36 130373.54294533332 0.25316788455473566
4.38 130371.787096 0.2531987806099736
4.4 130370.06228533335 0.25316079169737155
4.42 130368.401312 0.25316044769313195
4.44 130366.896632 0.25313500690626534
4.46 130365.22212399999 0.25304157640311514
4.48 130363.70050933333 0.2531123864781674
4.5 130362.28079466667 0.25315571866740033
4.52 130360.88982266666 0.253169864570032
4.54 130359.44739066668 0.2532553514069998
4.56 130358.08723599999 0.2532731876449872
4.58 130356.78509333334 0.25316341210020576
4.6 130355.35074533334 0.25320843884507016
4.62 130354.14995066666 0.2532759756173486
4.64 130352.96466666667 0.25325279602269823
4.66 130351.72725333332 0.25332997806942664
4.68 130350.59815733333 0.2533986833546946
4.7 130349.47745866666 0.25333303349990577
4.72 130348.274068 0.2533139794746053
4.74 130347.18509866667 0.2533795215000839
4.76 130346.05314133334 0.2534296525812251
4.78 130345.02038933334 0.25344485702378866
4.8 130343.97390533333 0.2534776189541319
4.82 130342.96042933334 0.2534871495360589
4.84 130342.006464 0.253482265687253
4.86 130340.98547866667 0.25352395438972675
4.88 130339.906224 0.25351002608157436
4.9 130338.97629333333 0.25341772872299106
4.92 130338.14718 0.25338004662976793
4.94 130337.316496 0.25331544445071635
4.96 130336.41426933334 0.25328474862565903
4.98 130335.67284133332 0.25322492603716956
5.0 130334.85659333333 0.2532525738685801
5.02 130334.09511200001 0.25327054360011664
5.04 130333.31478533332 0.2532850698244166
5.06 130332.49977333334 0.25325093273864774
5.08 130331.68594666666 0.25328576413619586
5.1 130330.935044 0.25331046981954247
5.12 130330.18785733331 0.2533762272088748
5.14 130329.49988799999 0.2533918051064916
5.16 130328.86034133335 0.25340323779703794
5.18 130328.24711066668 0.2534318332405282
5.2 130327.61347333333 0.2534627678387007
5.22 130326.99980133332 0.25345420342036507
5.24 130326.40162533334 0.25349460237284616
5.26 130325.83267333332 0.2535971969095752
5.28 130325.15459066666 0.2535698274770247
5.3 130324.69028133334 0.25356347558742315
5.32 130324.27966933334 0.2534892962236046
5.34 130323.74138933333 0.2534670700502259
5.36 130323.20350133331 0.25343990242917913
5.38 130322.61406533334 0.253498059555114
5.4 130322.07202266666 0.25354150989656976
5.42 130321.52270533334 0.253515595643766
5.44 130320.94442666665 0.2534547390125627
5.46 130320.448672 0.2533986452181119
5.48 130319.98643333334 0.2533454933571467
5.5 130319.57945333331 0.25329071338794745
5.52 130319.15830266666 0.25332865590798354
5.54 130318.706488 0.2532544605253348
5.56 130318.282068 0.2533278142614315
5.58 130317.91354266665 0.2533682876239359
5.6 130317.50594533334 0.25336827174983995
5.62 130317.17794666666 0.2533631355256824
5.64 130316.64278933333 0.2533199404082117
5.66 130316.13247333332 0.25329243864542705
5.68 130315.73430266668 0.2533311331906532
5.7 130315.44458133334 0.25339785621196986
5.72 130315.03092933334 0.25334104832583526
5.74 130314.763764 0.2533788621045959
5.76 130314.38490266666 0.25337328872675285
5.78 130313.93216266666 0.25335165450780184
5.8 130313.43032933332 0.2533305575781691
5.82 130313.16956533332 0.2532309727983173
5.84 130312.88897466665 0.25321442150966805
5.86 130312.62826666667 0.2531526230165298
5.88 130312.30823466668 0.2531701787940572
5.9 130312.04747733333 0.25316226076072923
5.92 130311.81682933331 0.2531866370887574
5.94 130311.57618533334 0.2532211507028131
5.96 130311.24532399999 0.25312960877749896
5.98 130310.94706266666 0.25317853970764026
6.0 130310.808616 0.25318093271252434
6.02 130310.59613066667 0.25319878321586387
6.04 130310.41544533333 0.25319642982259477
6.06 130310.09818133333 0.25317455348972734
6.08 130309.944108 0.2531860158979207
6.1 130309.77788400001 0.2531243643058232
6.12 130309.47688266666 0.2530203918471835
6.14 130309.265884 0.252986046398391
6.16 130309.01194266666 0.25302439631967477
6.18 130308.73500400002 0.2530570127727177
6.2 130308.44557066666 0.2531086350651022
6.22 130308.28852 0.2531155334364886
6.24 130308.04247333333 0.2532165242959749
6.26 130307.89231200001 0.25312933078569044
6.28 130307.70032266666 0.2531865387304482
6.3 130307.46063866666 0.2531206271204284
6.32 130307.25995733334 0.2531453920072137
6.34 130307.19881066667 0.25320517354423344
6.36 130306.82621866665 0.2532509051598826
6.38 130306.53149866668 0.25319815035024884
6.4 130306.36980799999 0.2532715876743474
6.42 130306.27466666666 0.2532327637854066
6.44 130306.036752 0.2532047044775017
6.46 130305.92534666667 0.25320853186454517
6.48 130305.71357599998 0.25325486305465694
6.5 130305.552108 0.25326312914723265
6.52 130305.42848533334 0.25326750410339055
6.54 130305.26164533335 0.25328268608565163
6.56 130305.21294933333 0.25328801409038426
6.58 130305.07603599998 0.253304853881116
6.6 130304.96440666668 0.25322354350042664
6.62 130304.72099333332 0.25327126296967445
6.64 130304.57461066666 0.2532820046495982
6.66 130304.39859466668 0.25327726705531306
6.68 130304.232848 0.25326494342377315
6.7 130304.10619066666 0.25321547182251075
6.72 130303.97351066666 0.253247633526006
6.74 130303.862708 0.253260436910381
6.76 130303.76702933334 0.2532321001828187
6.78 130303.76083333333 0.25328816628525563
6.8 130303.574352 0.25323425615868383
6.82 130303.53415333334 0.25313934888379874
6.84 130303.34636133334 0.2532131962554147
6.86 130303.23616666665 0.25326342704132115
6.88 130303.14322666667 0.25323030085604875
6.9 130303.08804133334 0.2532307635229201
6.92 130303.10966266668 0.25321852796319316
6.94 130302.97707466666 0.2531383381242196
6.96 130302.88336533333 0.253199159806863
6.98 130302.71203866665 0.25325896463421727
7.0 130302.59702 0.25325284718378777
7.02 130302.40043066666 0.2532419156352967
7.04 130302.266352 0.25327345111436805
7.06 130302.14918133334 0.25322193334533216
7.08 130302.08661333332 0.2531496660456158
7.1 130301.90873600001 0.25316778742718316
7.12 130301.777424 0.25320524381645493
7.14 130301.74024800002 0.2531852569373335
7.16 130301.76806533334 0.2531250460170002
7.18 130301.64826133335 0.2532169168163718
7.2 130301.58697199999 0.2532700038355601
7.22 130301.48739066668 0.2533920031198758
7.24 130301.304072 0.25337842127768334
7.26 130301.260104 0.25343957902556374
7.28 130301.24226933332 0.2534051716179298
7.3 130301.06732 0.2533623482790714
7.32 130301.01812133334 0.25338891574540834
7.34 130300.92353733334 0.2533311876036555
7.36 130300.78772133333 0.2532247058147883
7.38 130300.84187599999 0.253259043618313
7.4 130300.76499733333 0.25329077371719244
7.42 130300.81596400001 0.25327211864400273
7.44 130300.77357866667 0.25335255951607577
7.46 130300.76427466667 0.2533928573600717
7.48 130300.68229733333 0.25342830736747135
7.5 130300.55805866668 0.25339959819494784
7.52 130300.44100933333 0.253414236524035
7.54 130300.29704933333 0.2533834780279771
7.56 130300.17354533332 0.2535346543755282
7.58 130300.15726400001 0.2534418969723436
7.6 130300.08702400001 0.25346840618831495
7.62 130300.08229333334 0.2535002175713895
7.64 130300.02301066667 0.25352172223851005
7.66 130300.05323333334 0.25344152105249523
7.68 130299.95140133334 0.25337080884037283
7.7 130299.851792 0.25334675352698827
7.72 130299.72924 0.25335050380195495
7.74 130299.57808666668 0.2533386012384709
7.76 130299.58172799999 0.2533309383448165
7.78 130299.5495106667 0.2533312147854916
7.8 130299.55142666667 0.2532914598422682
7.82 130299.47678666667 0.25326801010948274
7.84 130299.47704133333 0.2532647551459572
7.86 130299.38307066666 0.253240215421264
7.88 130299.32928266667 0.25327936399832573
7.9 130299.22449200001 0.25328137047324933
7.92 130299.106448 0.2532897586277085
7.94 130299.13302266668 0.2532827302020724
7.96 130299.104556 0.2532714241669093
7.98 130299.028464 0.2532286928583095
8.0 130298.969088 0.2531990925119602
8.02 130298.98858800001 0.2531562264451451
8.04 130298.97740933334 0.2532427169903303
8.06 130298.948932 0.2533243023279006
8.08 130298.90435333333 0.2534461216546672
8.1 130298.925868 0.2534704770897686
8.12 130298.81082666667 0.25348264881996035
8.14 130298.768828 0.25336563428600384
8.16 130298.84426 0.2533363526619949
8.18 130298.818164 0.2533037313528885
8.2 130298.80675333334 0.2533198472899887
8.22 130298.80116666667 0.25330904302143975
8.24 130298.733708 0.25338104261868877
8.26 130298.68742133334 0.2532600541877509
8.28 130298.52311333334 0.25323672411270043
8.3 130298.39201600001 0.25323875144860786
8.32 130298.37761866665 0.25326465740132736
8.34 130298.32820666667 0.2532724675012677
8.36 130298.20298933334 0.25323580108840293
8.38 130298.250772 0.25323339492330504
8.4 130298.192316 0.2532964816287342
8.42 130298.09821466668 0.2533134698829798
8.44 130298.21159333334 0.25329478571439557
8.46 130298.30270266667 0.25320360365190603
8.48 130298.21675733334 0.2532652972719814
8.5 130298.24964533334 0.25332929362516615
8.52 130298.26732533335 0.2532769728911009
8.54 130298.23204933334 0.25336558292132705
8.56 130298.20732133332 0.25336965026029584
8.58 130298.21239333332 0.2533299943534716
8.6 130298.25057466667 0.25337389135022753
8.62 130298.16557066666 0.25322733491446464
8.64 130298.13440266668 0.25320237439906307
8.66 130298.206028 0.25328464452067695
8.68 130298.25817866667 0.25332277366453954
8.7 130298.12487733332 0.2533511332169811
8.72 130298.220464 0.2533500143127284
8.74 130298.08989333332 0.25325638161427216
8.76 130298.14474266666 0.2533492983928037
8.78 130298.22203466666 0.25339767960307463
8.8 130298.26486266666 0.25336216322871224
8.82 130298.18006266667 0.25336064709857065
8.84 130298.10333333333 0.253354314820361
8.86 130298.08111866665 0.2532929694905635
8.88 130298.003768 0.2533213449842894
8.9 130297.975888 0.25324080367736085
8.92 130298.01785866666 0.25320412512352963
8.94 130297.98574266667 0.25315772186679797
8.96 130297.96908666665 0.2530890362413525
8.98 130297.85184800002 0.25301197656517194
9.0 130297.84648266666 0.2530384101264489
9.02 130297.86697199999 0.25306243669998785
9.04 130297.85208133335 0.2530072310939628
9.06 130297.74176133334 0.2530358227104117
9.08 130297.79837733334 0.2530571946997544
9.1 130297.73583066667 0.2531408381436919
9.12 130297.61567066665 0.25310907267377475
9.14 130297.62841599999 0.25310045144116006
9.16 130297.63369066667 0.25313697929017365
9.18 130297.717324 0.2531098004801118
9.2 130297.656724 0.2531589150614696
9.22 130297.614096 0.253139206956472
9.24 130297.60218133332 0.2530291224912032
9.26 130297.63285466666 0.2531288842649016
9.28 130297.64298666667 0.2531136943918813
9.3 130297.55992266667 0.25312226158478396
9.32 130297.48634533334 0.25310595460479746
9.34 130297.509364 0.2531598478418888
9.36 130297.64453733334 0.2531678367690703
9.38 130297.60400933333 0.2531434538453415
9.4 130297.54657199999 0.2531873500390338
9.42 130297.52841466668 0.2531968190252799
9.44 130297.34290533334 0.2532488240093588
9.46 130297.204708 0.25321733078156844
9.48 130297.29760133332 0.25318429943287485
9.5 130297.268612 0.25314798807153804
9.52 130297.20366666667 0.25316589661084504
9.54 130297.174168 0.25317588373133987
9.56 130297.15057733333 0.2532035556752946
9.58 130297.05851199999 0.25311468724888014
9.6 130296.99425733334 0.2530748799730472
9.62 130296.92460533333 0.25309122766287934
9.64 130296.83033733335 0.2530738777795321
9.66 130296.82043866666 0.25318095276325325
9.68 130296.66409466666 0.25316624668083937
9.7 130296.72407333333 0.25316954329682817
9.72 130296.62385866667 0.2531903725937691
9.74 130296.642552 0.25319873307442164
9.76 130296.62389733334 0.25321823523672055
9.78 130296.66791333334 0.2532360623536887
9.8 130296.656716 0.2532242030339711
9.82 130296.625908 0.2532739917073761
9.84 130296.59242666667 0.2532280105252898
9.86 130296.58422266669 0.2532058743536078
9.88 130296.59062533334 0.25321967464657896
9.9 130296.56242533334 0.2531036069735263
9.92 130296.60342133333 0.2530776641572669
9.94 130296.71585866666 0.2531179683016555
9.96 130296.79664 0.2531649703467339
9.98 130296.70151866667 0.25321112678052493
10.0 130296.72826533334 0.25311641582906985
10.02 130296.76989466668 0.2530599623715984
10.04 130296.67321333334 0.2531031768854245
10.06 130296.64767066667 0.2531209999901092
10.08 130296.643784 0.2531419326538456
10.1 130296.58617333333 0.2530915884426408
10.12 130296.63829733334 0.25314972653884243
10.14 130296.54836266665 0.2531986204429601
10.16 130296.60761466669 0.2531481837497683
10.18 130296.44323199999 0.253144040677419
10.2 130296.51350133333 0.25322012853893683
10.22 130296.50116666665 0.2531568026484331
10.24 130296.47736933334 0.2531646258216079
10.26 130296.41078800001 0.2530018868586785
10.28 130296.487172 0.25298115221542655
10.3 130296.45530533334 0.25295472655366924
10.32 130296.58561866666 0.2530009552161012
10.34 130296.61482666666 0.2530675957258782
10.36 130296.62259733333 0.25309083024851065
10.38 130296.61870133333 0.25314530316599804
10.4 130296.64276933334 0.25315152201870794
10.42 130296.62353733333 0.2531893808256506
10.44 130296.51420666667 0.2531621982005846
10.46 130296.5678 0.2532012872160673
10.48 130296.55168666667 0.2531339908088533
10.5 130296.65984266665 0.2532064597634309
10.52 130296.65196266667 0.253256444949293
10.54 130296.70446133334 0.2531794269117994
10.56 130296.574808 0.25312530749833917
10.58 130296.528556 0.25317978274645875
10.6 130296.44539466669 0.2531217766910269
10.62 130296.34705733333 0.2532574784184267
10.64 130296.32688000001 0.25324983690872244
10.66 130296.34646933334 0.2532277731838857
10.68 130296.25243066666 0.2532623074585315
10.7 130296.27843333333 0.2533107207572827
10.72 130296.42166800001 0.25341095061612584
10.74 130296.27656266667 0.25346190511928696
10.76 130296.39606533333 0.2534609224362474
10.78 130296.35520000002 0.2535114901415215
10.8 130296.33870933333 0.2534495869387806
10.82 130296.46594933333 0.2534702922237208
10.84 130296.39084266666 0.2534170575856843
10.86 130296.32583733334 0.2533645670914314
10.88 130296.29747466666 0.253298716870597
10.9 130296.34415866667 0.25325136320700503
10.92 130296.22903999999 0.2532144064936385
10.94 130296.05558533335 0.2532934757160915
10.96 130295.94691333335 0.2532769433537621
10.98 130295.98350533334 0.2532113427708423
11.0 130295.87007733334 0.25322974483011523
11.02 130295.87052933333 0.25333486235441904
11.04 130295.90747866666 0.25329638704296564
11.06 130295.92884666666 0.25323224074674244
11.08 130295.97977333333 0.25321672769947345
11.1 130295.84899599999 0.2532518247924064
11.12 130295.85563333334 0.25325068632147685
11.14 130295.93223866666 0.2532102130893268
11.16 130295.94196266666 0.2532062357140955
11.18 130295.89097866669 0.2531538750202593
11.2 130295.89723200002 0.2532029535036817
11.22 130295.97790533333 0.25316455069677296
11.24 130295.960628 0.2531398891310208
11.26 130295.82095600001 0.2531732815322447
11.28 130295.837436 0.25317811542724455
11.3 130295.76844 0.2531765012968099
11.32 130295.79604266665 0.2532183915140817
11.34 130295.80916 0.253234032233551
11.36 130295.82795866669 0.2532777595679362
11.38 130295.840564 0.25322508118079434
11.4 130295.93124 0.2533026642717945
11.42 130295.90658266668 0.25336059726346777
11.44 130295.870176 0.2532800928138057
11.46 130295.92471733333 0.2532851069298557
11.48 130295.97163733334 0.25328997870363057
11.5 130295.90884133334 0.25324299206631545
11.52 130295.895596 0.2532204733589372
11.54 130295.90585333334 0.2532913455633915
11.56 130295.88661199999 0.2531719650595937
11.58 130295.961664 0.253129299044776
11.6 130295.96250266669 0.2532155446209052
11.62 130296.01572 0.2531948142753327
11.64 130295.89430533332 0.2531070802420421
11.66 130295.79944266667 0.25318005555644524
11.68 130295.82542266666 0.25322516573132364
11.7 130295.74723066666 0.2531977034756765
11.72 130295.72716666665 0.2531861117705825
11.74 130295.680884 0.2531955758713597
11.76 130295.71928666667 0.25321242654219783
11.78 130295.68082000001 0.25316675733737004
11.8 130295.751848 0.25314815350987047
11.82 130295.66234933335 0.2531835335912438
11.84 130295.63860266666 0.2532274430404192
11.86 130295.81315333335 0.2531838447374459
11.88 130295.96418000001 0.25319965641270936
11.9 130295.962008 0.25317923268470244
11.92 130295.95935199999 0.2532237767865803
11.94 130295.96259866667 0.25326060871135503
11.96 130295.98501599999 0.2532364519666491
11.98 130295.99941066667 0.2532581491800456
12.0 130296.00420133331 0.25321787492967884
12.02 130295.95466133335 0.25317092067225383
12.04 130295.88181333334 0.25319103225863465
12.06 130295.88940800002 0.2531337746579114
12.08 130295.856268 0.2530591453500811
12.1 130295.83898133333 0.25307110662428783
12.12 130295.90322133334 0.2530925724499877
12.14 130296.02122 0.25315523392597356
12.16 130296.04147200001 0.25318218376268775
12.18 130296.08897333332 0.2532056823699886
12.2 130296.09990666667 0.2531711579867203
12.22 130296.10641333334 0.2532697781523493
12.24 130296.01490133333 0.2532702258368051
12.26 130295.97404666666 0.2533266741138977
12.28 130295.95399333333 0.2533477580678001
12.3 130296.01294933332 0.2533743266443024
12.32 130296.03157066667 0.25340490097705315
12.34 130295.995368 0.2534173930322986
12.36 130295.93222266666 0.2533993842787205
12.38 130295.92825333332 0.25333445256998577
12.4 130295.98900533334 0.2534136182545773
12.42 130295.95708533333 0.25345245110290765
12.44 130295.98618933333 0.2534357890670503
12.46 130296.02515066668 0.2533914262904541
12.48 130296.01379466667 0.2533843440229197
12.5 130295.95708533334 0.2533761939501966
12.52 130295.973968 0.25338037256988477
12.54 130296.072288 0.25332301825437203
12.56 130296.02901066668 0.2532781093048331
12.58 130296.04546533333 0.2533512452140489
12.6 130295.97035466667 0.25324530235141
12.62 130296.01226533332 0.2533279566893046
12.64 130295.91726533332 0.25336793306726535
12.66 130295.91924666666 0.2533601155392425
12.68 130295.94330266665 0.2533243310670082
12.7 130295.99862933333 0.2533057383029161
12.72 130296.01670000001 0.25323708689811397
12.74 130296.04217466665 0.2532552907626423
12.76 130295.980672 0.25332352015906223
12.78 130295.92689999999 0.25336158622265237
12.8 130295.86154133335 0.25330781183484047
12.82 130295.84621066667 0.25329228627884287
12.84 130295.97415200001 0.2532356221907899
12.86 130296.068872 0.25317910045093106
12.88 130296.01319733332 0.2532203532465662
12.9 130296.07473866668 0.2531761234824821
12.92 130296.03071733333 0.2532053518267319
12.94 130296.10012533332 0.2531621903224109
12.96 130296.231232 0.25315807153665965
12.98 130296.35600666668 0.2531082741561924
13.0 130296.316356 0.25316610994979
13.02 130296.35243333335 0.2531414732465915
13.04 130296.34280266665 0.2531598154790111
13.06 130296.36782666665 0.25314236457597167
13.08 130296.44052933334 0.25317006171805756
13.1 130296.49408933334 0.2532881714722054
13.12 130296.50197333332 0.25329483645951767
13.14 130296.54178533333 0.25324245584480753
13.16 130296.49745733335 0.2533681239667999
13.18 130296.48950133333 0.2533610770994716
13.2 130296.50459466668 0.2533241481363385
13.22 130296.432284 0.25324746964391337
13.24 130296.45931199999 0.2532700664492912
13.26 130296.47631333333 0.2532503219297308
13.28 130296.54395600001 0.2532642524634316
13.3 130296.46822666665 0.2532556997025877
13.32 130296.48911733333 0.2532083309495793
13.34 130296.55904133333 0.25327484144036805
13.36 130296.57209333332 0.25329102740981874
13.38 130296.626708 0.25331131374313465
13.4 130296.54018666668 0.25329930087446123
13.42 130296.44247733332 0.2532689869666792
13.44 130296.44808399999 0.2531214151342516
13.46 130296.45620266667 0.25310663737869565
13.48 130296.549524 0.25311347781541854
13.5 130296.521388 0.2531322461728991
13.52 130296.50274933333 0.25317318873329064
13.54 130296.39766266667 0.2531647563059172
13.56 130296.462872 0.2532654705258386
13.58 130296.43270933334 0.2531446990015538
13.6 130296.44706933334 0.2531646643800296
13.62 130296.50021733333 0.25319775180136234
13.64 130296.34389333334 0.2532398661349976
13.66 130296.34668799999 0.25329920823279944
13.68 130296.24813066666 0.25327051516005344
13.7 130296.31938533334 0.25324532336335887
13.72 130296.327976 0.2532874747190903
13.74 130296.31430133333 0.25333309526690584
13.76 130296.258984 0.25340173392327897
13.78 130296.26994266667 0.25344602277015443
13.8 130296.380176 0.2534460189176693
13.82 130296.411 0.2534240084913796
13.84 130296.49750666667 0.2534921218113977
13.86 130296.36148666669 0.253458644022285
13.88 130296.34502266666 0.2534065652791524
13.9 130296.35356133334 0.2534487079354682
13.92 130296.33615466666 0.25343005720036454
13.94 130296.29722800001 0.25345643833481657
13.96 130296.32508533333 0.2534722684297057
13.98 130296.36262666668 0.25349513747337094
14.0 130296.36303333333 0.2534664091048494
14.02 130296.25409333332 0.25341616061304556
14.04 130296.19462933332 0.25342067021038855
14.06 130296.26145600001 0.25340508998101485
14.08 130296.28152933333 0.2533749821800559
14.1 130296.26066533334 0.25340083897219473
14.12 130296.14732400002 0.25336506657196556
14.14 130296.24428533333 0.2534038677898047
14.16 130296.17891333334 0.25344958744932977
14.18 130296.13829866667 0.25343039095439424
14.2 130296.09938133333 0.2533499123761465
14.22 130296.100072 0.253394269817928
14.24 130296.08117733333 0.2533773801759004
14.26 130296.05723066667 0.2533746711725001
14.28 130296.04865066666 0.25338206321375006
14.3 130296.16375733334 0.25338124124847783
14.32 130296.19514666667 0.2533311861443324
14.34 130296.12485733333 0.2533962178982548
14.36 130296.13999600001 0.2533404651695644
14.38 130296.078584 0.25332198680669693
14.4 130296.17088266667 0.25331460012194373
14.42 130296.13499333334 0.25332902918956823
14.44 130296.16556 0.25333850049202483
14.46 130296.16083333333 0.25332621984796905
14.48 130296.232504 0.2533227572355778
14.5 130296.295004 0.25341465887232123
14.52 130296.294496 0.2534642980820651
14.54 130296.37883066667 0.2534101811062842
14.56 130296.39577866667 0.25344583944424304
14.58 130296.41648133332 0.25338819765673803
14.6 130296.469604 0.2532714879556947
14.62 130296.345692 0.2532943544526555
14.64 130296.27400533333 0.25331651654366993
14.66 130296.13176533334 0.25326338608994653
14.68 130296.13193066667 0.2532980391882964
14.7 130296.06482266667 0.253284341670602
14.72 130296.070424 0.2532568138836039
14.74 130296.14946799999 0.25327292434549176
14.76 130296.190008 0.2531877707922697
14.78 130296.212616 0.253319127313017
14.8 130296.217396 0.25327912732633495
14.82 130296.19740266667 0.25323693979968565
14.84 130296.13808533334 0.2532707200260301
14.86 130296.20447066668 0.2533201526354903
14.88 130296.17067333334 0.2532969141085373
14.9 130296.14271599999 0.25325471476946954
14.92 130296.235664 0.25324323103433255
14.94 130296.25996533332 0.2531673230995371
14.96 130296.18563200001 0.25316539111325553
14.98 130296.23029333334 0.2531286616730791
15.0 130296.25225466667 0.2530611903155864
15.02 130296.30919733334 0.2529289778117678
15.04 130296.36921466666 0.25311846921812997
15.06 130296.54268666665 0.2531233665851968
15.08 130296.56344533333 0.2531273903485103
15.1 130296.52744666666 0.25316448783534096
15.12 130296.556464 0.2531257353018424
15.14 130296.59713200001 0.2531426528352044
15.16 130296.62397999999 0.2530958304012711
15.18 130296.59701600001 0.2531751553241623
15.2 130296.601636 0.2531419431781785
15.22 130296.55167866667 0.25317602485867524
15.24 130296.51706266665 0.25323735498311367
15.26 130296.537208 0.25326414301644606
15.28 130296.63658933334 0.2531879670259073
15.3 130296.65352800001 0.25310484421722657
15.32 130296.60377066667 0.2530807673222837
15.34 130296.65977999999 0.2531191705236761
15.36 130296.589648 0.25311898717567627
15.38 130296.571064 0.25314835537901714
15.4 130296.54705333331 0.25310243670913996
15.42 130296.694884 0.25311380196636135
15.44 130296.76293333335 0.25297179724333546
15.46 130296.73529333333 0.2529277148175146
15.48 130296.70678933332 0.25295224244740033
15.5 130296.69122666666 0.25292073449500635
15.52 130296.71770000001 0.252919561286508
15.54 130296.70111066666 0.2529873658058227
15.56 130296.64606133333 0.2529956807644582
15.58 130296.65104133335 0.2530131428542686
15.6 130296.61383066667 0.2530258600681446
15.62 130296.61137733333 0.2530627608007597
15.64 130296.547436 0.25314341565697634
15.66 130296.54372133334 0.25321556864632744
15.68 130296.47262266665 0.2532094765446704
15.7 130296.40264933334 0.2532743561840453
15.72 130296.46908133334 0.25331430510569425
15.74 130296.48775866667 0.25329351145706397
15.76 130296.544016 0.2533183266008956
15.78 130296.66600666667 0.2533093008360123
15.8 130296.76602666668 0.2533196967269733
15.82 130296.638912 0.2533330397613692
15.84 130296.70408666666 0.25329120362709084
15.86 130296.64764000001 0.25329972254016186
15.88 130296.65391999998 0.2533286648249866
15.9 130296.65098800001 0.25337268503522076
15.92 130296.63566 0.25342458251283306
15.94 130296.68110133335 0.2534186846390809
15.96 130296.71289866668 0.25338300203178415
15.98 130296.666512 0.25339572272120986
16.0 130296.75128133333 0.25342561864149343
16.02 130296.72679466667 0.2534836239483808
16.04 130296.7592 0.253481803018493
16.06 130296.71254533331 0.25347494761389766
16.08 130296.64564133334 0.25348200280692323
16.1 130296.71286 0.2534609930885547
16.12 130296.673724 0.2535161074571843
16.14 130296.713544 0.2534804026666487
16.16 130296.60850666667 0.2533856501397473
16.18 130296.50854133334 0.2533330906006178
16.2 130296.50829466665 0.2533307358447054
16.22 130296.56012133333 0.253358586559523
16.24 130296.59839733332 0.2533915768710936
16.26 130296.61237733334 0.2533401923154166
16.28 130296.52325733335 0.25333015094806133
16.3 130296.44096666666 0.2532949430533229
16.32 130296.539036 0.2532161101571165
16.34 130296.52345333333 0.25323558285112097
16.36 130296.49616 0.25325198396925325
16.38 130296.48364666667 0.2532801140895257
16.4 130296.38513866666 0.2532914382460429
16.42 130296.40580000001 0.25332600702006747
16.44 130296.460164 0.2533051549468777
16.46 130296.45234133334 0.2533932740490517
16.48 130296.455512 0.2532950020330286
16.5 130296.38466933333 0.25334487367809166
16.52 130296.37662533333 0.25333843132488454
16.54 130296.35739333334 0.253304516737026
16.56 130296.35597066666 0.25330762577347576
16.58 130296.415248 0.25327781199971355
16.6 130296.41050533333 0.2532394131503442
16.62 130296.47894399999 0.2532465500477809
16.64 130296.42755600001 0.25319929621718035
16.66 130296.51281733334 0.25320786181547306
16.68 130296.47420933333 0.2531873480012785
16.7 130296.57457866668 0.25325092464342636
16.72 130296.626652 0.2532778060182617
16.74 130296.71231466666 0.25331929206491904
16.76 130296.78604400001 0.2532455768327699
16.78 130296.78835733334 0.25324058627809687
16.8 130296.77967466666 0.25324381913892574
16.82 130296.828104 0.25324993985123184
16.84 130296.86303466666 0.25329489813664197
16.86 130296.75188666667 0.25329145873048053
16.88 130296.815376 0.25332395223138043
16.9 130296.70471066666 0.25341665096650473
16.92 130296.56722400001 0.25347935843747016
16.94 130296.525924 0.25345738308085497
16.96 130296.55778266667 0.2535096325949136
16.98 130296.61057333334 0.25349687125075226
17.0 130296.696432 0.2534113037628949
17.02 130296.76222 0.2533988333144073
17.04 130296.73652266667 0.253367748232854
17.06 130296.81878399999 0.25331754263710815
17.08 130296.82157466665 0.2533793920478191
17.1 130296.86713333335 0.2533488535717212
17.12 130296.89542533334 0.25336707984984025
17.14 130296.97533733331 0.25333255178269426
17.16 130296.92812133332 0.2533215995552286
17.18 130296.894632 0.2533539146231586
17.2 130296.95293466667 0.25336417458499777
17.22 130296.831156 0.2532990724336391
17.24 130296.82812133334 0.2533250744413681
17.26 130296.79694266665 0.253340430935114
17.28 130296.77008400002 0.2533881555025608
17.3 130296.874576 0.25337252172709923
17.32 130296.88674266665 0.25342990343145894
17.34 130296.83209466666 0.25333777532097124
17.36 130296.87278533334 0.25328518110882714
17.38 130296.96424133333 0.2532471927616961
17.4 130297.00272799999 0.2532622152087723
17.42 130297.040088 0.25327358725369814
17.44 130297.01629066667 0.25314508259979646
17.46 130296.90613733334 0.2531420769124426
17.48 130296.91709866666 0.25315083984757414
17.5 130296.85826266666 0.2531220946498739
17.52 130296.762312 0.25318765081354483
17.54 130296.76957199999 0.25316163601223124
17.56 130296.85326666667 0.2530848740736268
17.58 130296.95530933334 0.2531031861784015
17.6 130296.83352800002 0.25310884215078067
17.62 130296.84966800001 0.25306261676637126
17.64 130296.79664533335 0.25310827846339495
17.66 130296.72073333332 0.2531413056885191
17.68 130296.73091066667 0.253128664250431
17.7 130296.68333599999 0.2531157921659632
17.72 130296.727216 0.253091428190812
17.74 130296.65923066667 0.2532001152130685
17.76 130296.66137733334 0.25313518354581543
17.78 130296.65595866667 0.25309274891054184
17.8 130296.68658666666 0.2530772426640023
17.82 130296.69170800001 0.25316877939668814
17.84 130296.66151733333 0.25316790706843645
17.86 130296.70368133334 0.25313539447034555
17.88 130296.639656 0.25318324008390014
17.9 130296.7344 0.2532425541180537
17.92 130296.81263466665 0.2532828338185223
17.94 130296.787144 0.2533001105704746
17.96 130296.70581733334 0.25330875258546615
17.98 130296.76982533332 0.25335846829328257
18.0 130296.77278133333 0.2533944180019838
18.02 130296.726664 0.2534153294116879
18.04 130296.69065466667 0.2533456606551328
18.06 130296.67465066665 0.25341751479180774
18.08 130296.604372 0.25342945773377196
18.1 130296.61555066667 0.2533639006974141
18.12 130296.592148 0.25336681022136814
18.14 130296.608036 0.2534002868667226
18.16 130296.56710933335 0.25337048818642655
18.18 130296.576884 0.25328420645470523
18.2 130296.66055599999 0.2533193045320985
18.22 130296.70750133332 0.25325187488972
18.24 130296.73373466669 0.25327908103485147
18.26 130296.74023600001 0.2532793022063877
18.28 130296.75026533334 0.2533102298159782
18.3 130296.79023066667 0.253379093322333
18.32 130296.60897200002 0.2534204619600133
18.34 130296.66848533333 0.25335000199328284
18.36 130296.79405599998 0.2532925032138333
18.38 130296.7317 0.25332202670415366
18.4 130296.71023466668 0.2533195691075641
18.42 130296.74747999999 0.2533658409470378
18.44 130296.75635466666 0.25332997727185036
18.46 130296.79040133333 0.25337011333559
18.48 130296.80801066666 0.2533969472590268
18.5 130296.84561333331 0.25347340818046726
18.52 130296.92893466668 0.25350997274693343
18.54 130296.831852 0.25347334686089074
18.56 130296.84137466666 0.25345008380479334
18.58 130296.828364 0.25348451299056657
18.6 130296.79828666667 0.25350825729330684
18.62 130296.75682266668 0.25355973936388226
18.64 130296.75122133334 0.2536084777723556
18.66 130296.804848 0.2535812867238882
18.68 130296.74192666667 0.2534491547273687
18.7 130296.85307333333 0.25347281403115934
18.72 130296.83846666667 0.2534671902502165
18.74 130296.80954933332 0.25347376435558944
18.76 130296.67958933333 0.253494540937233
18.78 130296.65787600001 0.25358082226718376
18.8 130296.65794533334 0.25352227993871274
18.82 130296.57689200001 0.25344763790558955
18.84 130296.66280666666 0.2535397398274732
18.86 130296.64560933334 0.25358934953712925
18.88 130296.54150666666 0.25358585289709396
18.9 130296.47150133335 0.2535822450477894
18.92 130296.398156 0.25360834661627835
18.94 130296.22686266666 0.2535331435329246
18.96 130296.27117466666 0.2534709687095457
18.98 130296.29058533334 0.2535009512349685
19.0 130296.29535333332 0.25351119740427364
19.02 130296.30314533334 0.2534629749663354
19.04 130296.279388 0.25350098714755626
19.06 130296.303372 0.25349597765628357
19.08 130296.20816666665 0.2536179711991621
19.1 130296.28414933334 0.253667986065644
19.12 130296.2844813333 0.2535638841107916
19.14 130296.32755199999 0.25350619991567014
19.16 130296.37690666667 0.25343757722473004
19.18 130296.37871333334 0.2534640340306563
19.2 130296.28244666668 0.25337025297445925
19.22 130296.19947066667 0.253377718770512
19.24 130296.11198666667 0.2533262319762862
19.26 130296.12410266667 0.2533263252024257
19.28 130296.198928 0.25333948658549343
19.3 130296.21240666666 0.25341769043264256
19.32 130296.278264 0.2533831505463842
19.34 130296.16095733334 0.25340610996445206
19.36 130296.12123733333 0.2534356184795471
19.38 130296.13049866667 0.2535119426976889
19.4 130296.26544400002 0.253563045739958
19.42 130296.31428533334 0.2535188436933155
19.44 130296.270836 0.25361247823919986
19.46 130296.3289 0.2535877439060042
19.48 130296.27368933332 0.253565763647328
19.5 130296.33187866665 0.2534569215779783
19.52 130296.30259066667 0.25346883482143373
19.54 130296.27369999999 0.2534102995894048
19.56 130296.36316933333 0.2534367694262146
19.58 130296.49229733335 0.2535079987492106
19.6 130296.582004 0.25345424736148625
19.62 130296.60781866667 0.25349551134831577
19.64 130296.58727066667 0.25340346743447945
19.66 130296.65189466669 0.2533558383596009
19.68 130296.67483733334 0.2533426582718445
19.7 130296.54542799998 0.2533405429942449
19.72 130296.57093866667 0.25326142919230354
19.74 130296.56295066666 0.2532503153134405
19.76 130296.61427333334 0.25327217041578803
19.78 130296.73782400001 0.2532477181039917
19.8 130296.73555066666 0.25333947818294755
19.82 130296.770444 0.2535070113565897
19.84 130296.835152 0.25349615097711603
19.86 130296.80462133334 0.2534539650422228
19.88 130296.82569333335 0.2534956506249025
19.9 130296.85416666666 0.25357054208739627
19.92 130296.80025733332 0.2535696573005967
19.94 130296.81814933332 0.25358702044962705
19.96 130296.84591599999 0.2535278575093413
19.98 130296.84129466666 0.2535267014982141
20.0 130296.74654266666 0.2535596317424382
20.02 130296.72172 0.2535276823140986
20.04 130296.65907200001 0.25340995247101755
20.06 130296.71822133334 0.253358668657027
20.08 130296.72115066668 0.2533048421486918
20.1 130296.65269466667 0.2533605211088953
20.12 130296.60305066666 0.2533150479723749
20.14 130296.59868133333 0.25324111335715743
20.16 130296.64447733335 0.253220748364871
20.18 130296.69387466667 0.25319710673049367
20.2 130296.69223866667 0.25322607720629864
20.22 130296.75159066668 0.25320835054113744
20.24 130296.79746266667 0.25322921461898307
20.26 130296.79142933333 0.2533220061429699
20.28 130296.834744 0.25331554589035754
20.3 130296.77099066666 0.2533477849901934
20.32 130296.77363333332 0.25332179542506217
20.34 130296.73724 0.25329853901087757
20.36 130296.68921733333 0.2533534773065677
20.38 130296.66597333335 0.25331456897363314
20.4 130296.74768666667 0.25329670402735327
20.42 130296.757736 0.2532455911703661
20.44 130296.73484399999 0.25326155682224427
20.46 130296.787388 0.2532489387106492
20.48 130296.76917066667 0.25328780065560075
20.5 130296.73329466667 0.2533137240835646
20.52 130296.65737733332 0.25338717162895125
20.54 130296.69131733333 0.25340403796890554
20.56 130296.79293866665 0.25337280870276074
20.58 130296.82518933334 0.25342566666099103
20.6 130296.759812 0.2534036058294855
20.62 130296.640492 0.25336669716152904
20.64 130296.58069733334 0.2533732784617502
20.66 130296.63883200001 0.2533753991653619
20.68 130296.69119066666 0.25331685480387384
20.7 130296.748768 0.25338701488038595
20.72 130296.66404533334 0.2533359340415101
20.74 130296.51153333334 0.2532828416554576
20.76 130296.54181200001 0.2533285701335328
20.78 130296.50613199998 0.2534416340458153
20.8 130296.46543466666 0.25339912314037
20.82 130296.33373066667 0.25327979739334733
20.84 130296.29468666668 0.2533330466359307
20.86 130296.27884933335 0.253427141158766
20.88 130296.31211599999 0.25342853853527325
20.9 130296.19724533333 0.2535028432984242
20.92 130296.29315333333 0.25349212982113667
20.94 130296.23320266667 0.25336472261614684
20.96 130296.096472 0.25328048414008975
20.98 130296.18110133332 0.25331868114764583
21.0 130296.28576533333 0.2533431954948507
21.02 130296.348604 0.253350693959686
21.04 130296.25326266668 0.2533690376067488
21.06 130296.23476266666 0.2533935879232671
21.08 130296.20997733335 0.25342780649943436
21.1 130296.215604 0.25339532307772333
21.12 130296.27531466668 0.2533653556750456
21.14 130296.17487733331 0.25343523881585883
21.16 130296.09275200001 0.25350213722760395
21.18 130296.08118266666 0.253511371338993
21.2 130295.98233066667 0.2534126537761487
21.22 130295.94507466667 0.25339967884662706
21.24 130295.97658 0.25343560323825115
21.26 130295.98040133333 0.2534321942672419
21.28 130296.069912 0.25350176354694953
21.3 130296.05309333332 0.2535475693138906
21.32 130296.133784 0.25358573127654316
21.34 130296.14796399999 0.25360433571602997
21.36 130296.07868266666 0.25344187074227953
21.38 130296.06982133334 0.25341705334307746
21.4 130296.05211333331 0.25342139751729637
21.42 130296.03912133334 0.2534946981639522
21.44 130296.04471333334 0.2534453666774537
21.46 130296.19819066668 0.25340823391798106
21.48 130296.23424133332 0.2534251173907446
21.5 130296.12501599999 0.2534607440626998
21.52 130296.00703733331 0.25341908685825254
21.54 130296.12734133334 0.25336253167244793
21.56 130296.0649 0.253367990491327
21.58 130295.97512666669 0.2534050136267615
21.6 130295.98069333332 0.2534902230802518
21.62 130296.08397733334 0.2535760038543369
21.64 130296.14916 0.25360198713770654
21.66 130296.22682 0.2535642724741701
21.68 130296.28481866667 0.25361396252110635
21.7 130296.28541333333 0.2535372662607613
21.72 130296.237016 0.2534550329842082
21.74 130296.35372133335 0.2534931722439366
21.76 130296.38072533332 0.2534201339708912
21.78 130296.39138933332 0.2534349428326918
21.8 130296.27745733334 0.2534533232640146
21.82 130296.31322533335 0.2533886684282691
21.84 130296.29364399999 0.2534017642523932
21.86 130296.202192 0.2534195227839366
21.88 130296.26232933333 0.25349564162989663
21.9 130296.312312 0.25349254272584626
21.92 130296.37974933333 0.2535003311717026
21.94 130296.34240933333 0.2534839081181239
21.96 130296.23490666665 0.2534850914238812
21.98 130296.25649733332 0.2534918091923484
22.0 130296.178208 0.25352485621795295
22.02 130296.098224 0.253469727536187
22.04 130296.04324533333 0.25343044659866376
22.06 130296.04636666666 0.25341456586482286
22.08 130296.05535466666 0.25349652929046346
22.1 130296.148368 0.2536159881870868
22.12 130296.26551466668 0.25363659777527087
22.14 130296.23952 0.2535797086504412
22.16 130296.15464666669 0.2535942002506491
22.18 130296.06388266665 0.25351155246540635
22.2 130296.018824 0.2534791849533167
22.22 130295.968244 0.2534088456555327
22.24 130296.038784 0.2534269737291213
22.26 130296.136124 0.25342987199146033
22.28 130296.22530533333 0.2534739153466104
22.3 130296.140064 0.25348550715533774
22.32 130296.05596 0.2534913412566404
22.34 130296.08417066667 0.2534305741495362
22.36 130296.09773733332 0.2534530749434589
22.38 130296.11167066667 0.25340952847167003
22.4 130296.04921733333 0.25346005366060137
22.42 130296.013088 0.25344500624666844
22.44 130296.02244533334 0.253461786226622
22.46 130296.05513333333 0.25342154067229156
22.48 130296.11937466665 0.25338829658140255
22.5 130296.11635466668 0.2534008155650385
22.52 130296.07124399999 0.25341236111130816
22.54 130296.17219466667 0.25343949364539
22.56 130296.25405333334 0.2533987022868762
22.58 130296.31475866666 0.25330381784693945
22.6 130296.30678266667 0.2532282998084278
22.62 130296.27253466667 0.25328761584424814
22.64 130296.240288 0.253371244683596
22.66 130296.15157333334 0.25350290413191967
22.68 130296.24328266666 0.25344392670523896
22.7 130296.21958266666 0.2534353960387375
22.72 130296.184224 0.2534122990716855
22.74 130296.198676 0.2534063563389827
22.76 130296.13502666667 0.25339898458175425
22.78 130296.221048 0.2534100379121968
22.8 130296.19273466666 0.25337023657743807
22.82 130296.19509999998 0.2533455020714848
22.84 130296.22560266667 0.2533809451162075
22.86 130296.23088399999 0.25333341301617446
22.88 130296.337996 0.25328548640509835
22.9 130296.26909466667 0.25325209596745885
22.92 130296.29030666666 0.25328363843146745
22.94 130296.32372799999 0.2533065108028456
22.96 130296.32065866666 0.2532403267117008
22.98 130296.36825733334 0.2532761778236631
23.0 130296.36258133335 0.253273962551247
23.02 130296.3657 0.25334545927272567
23.04 130296.3872 0.25338190926525356
23.06 130296.42801599999 0.25338588601325523
23.08 130296.40233866667 0.25342497001227604
23.1 130296.33683466668 0.2534034559300321
23.12 130296.40212666667 0.2534579834374532
23.14 130296.39566666666 0.25341437102850467
23.16 130296.36327999999 0.2534094722537376
23.18 130296.325536 0.2534088692860203
23.2 130296.27253866667 0.25337805552458337
23.22 130296.33652533332 0.25337773024771987
23.24 130296.339924 0.2534090530294708
23.26 130296.39269866666 0.2534568183315241
23.28 130296.37544 0.25342928306095114
23.3 130296.254144 0.2534367386017327
23.32 130296.21488 0.25331866907597583
23.34 130296.29747066667 0.2532858207322945
23.36 130296.31148533334 0.2533026737445647
23.38 130296.38602933334 0.2533569153856781
23.4 130296.37336 0.2533248686678618
23.42 130296.382728 0.2533686631276243
23.44 130296.31633466668 0.2533670003259069
23.46 130296.33199199999 0.25346870727233967
23.48 130296.46444933335 0.2534038587353106
23.5 130296.38752933333 0.25345252014201136
23.52 130296.464632 0.25340094626169524
23.54 130296.390012 0.2533173643784705
23.56 130296.26018400001 0.253425993997915
23.58 130296.29212266667 0.25338696612032324
23.6 130296.28302133334 0.25342957359085627
23.62 130296.283876 0.2534817153358173
23.64 130296.25880000001 0.2534853301649556
23.66 130296.02721733335 0.2535176201970684
23.68 130295.89785733334 0.2535220189383736
23.7 130295.97584666667 0.25346016552960854
23.72 130295.96566533335 0.2535188826389862
23.74 130296.04478933333 0.25353830735023636
23.76 130296.09591333334 0.25354349582622204
23.78 130296.08642400001 0.2536288670643968
23.8 130296.18659466668 0.25363695683686105
23.82 130296.10018666668 0.2536297823594235
23.84 130296.145848 0.25361390827786384
23.86 130296.162492 0.25361449167665984
23.88 130296.102168 0.25352055278331165
23.9 130296.09863866666 0.2535168763387914
23.92 130296.14629333334 0.2535042753489525
23.94 130296.13841866668 0.25354776882392505
23.96 130296.108964 0.2535248280634412
23.98 130296.218536 0.2535249582151622
24.0 130296.21964 0.25345236531109666
24.02 130296.227808 0.25352480948173756
24.04 130296.25642133332 0.2536328139428978
24.06 130296.29895733335 0.2535750357224545
24.08 130296.21640666666 0.2535213798975673
24.1 130296.25163466667 0.2535759146757515
24.12 130296.256456 0.25350799929951495
24.14 130296.240992 0.2534445716267631
24.16 130296.19869199999 0.25337018932490857
24.18 130296.15669599999 0.25335199018241367
24.2 130296.106396 0.25336469750382434
24.22 130296.13268399998 0.253260292952298
24.24 130295.95596133334 0.2533124608277322
24.26 130295.989332 0.2533032661923768
24.28 130295.978068 0.2533288132099634
24.3 130296.02574000001 0.2533707827387447
24.32 130295.93396266668 0.2534207599758152
24.34 130295.94993999999 0.25335283267539466
24.36 130295.98449199999 0.2532863447812883
24.38 130295.89384933334 0.25330304138675813
24.4 130295.942128 0.2533060442950749
24.42 130295.91170533333 0.25331371529127505
24.44 130295.97848533333 0.25333858357347816
24.46 130295.94422 0.2532936971702722
24.48 130295.84280133335 0.2531890193978697
24.5 130295.89594666666 0.25315977521035404
24.52 130296.00842666667 0.2531760496034867
24.54 130296.08131733333 0.2532797589506563
24.56 130296.04096000001 0.2532382487558662
24.58 130296.19338666665 0.25321460179944477
24.6 130296.21510266667 0.2531659144292028
24.62 130296.35246 0.25309238721361726
24.64 130296.41900133333 0.25315755643536214
24.66 130296.49163066666 0.2531689820872553
24.68 130296.52454666668 0.2532150637530311
24.7 130296.53742000001 0.2533122597729436
24.72 130296.60356399999 0.253208467358754
24.74 130296.68195733332 0.25322092314783706
24.76 130296.69234933335 0.2532526794245093
24.78 130296.69477866666 0.25322860437799055
24.8 130296.66166666668 0.25320119022167287
24.82 130296.71290133335 0.2532208561189436
24.84 130296.73225866666 0.2532214881414473
24.86 130296.75168133332 0.25321278383301793
24.88 130296.76157066667 0.2531282555860721
24.9 130296.670236 0.2530793442289585
24.92 130296.68470533335 0.2530364637028757
24.94 130296.69002266665 0.2530602811191628
24.96 130296.59348666665 0.25303311348323976
24.98 130296.61272666667 0.25308531830328834
25.0 130296.66178400001 0.25314035291426373
25.02 130296.69001600001 0.2530927675717537
25.04 130296.68513200001 0.25314108434830096
25.06 130296.60099466667 0.253129495666651
25.08 130296.60345333331 0.253061270397701
25.1 130296.54921066668 0.25306439260254104
25.12 130296.48868533333 0.25307861789483155
25.14 130296.45038666666 0.25298802197415243
25.16 130296.44770533332 0.25303158029888917
25.18 130296.43771733332 0.2530596357182057
25.2 130296.41357466667 0.2531459832655038
25.22 130296.46722533333 0.25311630121977124
25.24 130296.47986800001 0.25313677019945985
25.26 130296.42683866667 0.2532101601418377
25.28 130296.31252133333 0.2531212482812707
25.3 130296.40623333333 0.2530619148144419
25.32 130296.37610533334 0.2530075884193825
25.34 130296.33986000001 0.25301726260076335
25.36 130296.44944266668 0.2530716189580743
25.38 130296.452792 0.25307766355014377
25.4 130296.54739466666 0.2531268168298288
25.42 130296.64075733334 0.253213715009478
25.44 130296.59792266668 0.2532017675686212
25.46 130296.53263466668 0.25316753698941985
25.48 130296.47971066667 0.2531397544987682
25.5 130296.41168000002 0.2531176306872666
25.52 130296.46929066666 0.2530548434396631
25.54 130296.51653200001 0.2531098067716552
25.56 130296.50146266667 0.25308456742854324
25.58 130296.55203733334 0.2531438117783066
25.6 130296.49898266667 0.2531524019169946
25.62 130296.48679333334 0.2532472355862944
25.64 130296.423308 0.253220289174372
25.66 130296.35499733334 0.25326416760817927
25.68 130296.41830399999 0.2532850624607698
25.7 130296.42880133333 0.25332520560228317
25.72 130296.530884 0.2533172558718836
25.74 130296.539908 0.25328790513077465
25.76 130296.58475333333 0.25330812811933334
25.78 130296.613252 0.253311959077393
25.8 130296.60906 0.25329416311848457
25.82 130296.587412 0.2533132759411678
25.84 130296.50171733332 0.25327002133557047
25.86 130296.51270933334 0.2532363120617206
25.88 130296.51053066665 0.25315937099577535
25.9 130296.52685066666 0.25315753711035227
25.92 130296.554984 0.25313759111875866
25.94 130296.60802133335 0.2531213289227618
25.96 130296.64692666667 0.25316117734927096
25.98 130296.58025999999 0.2531220132686356
26.0 130296.63309066667 0.25314166035851365
26.02 130296.59917866666 0.25311596694640337
26.04 130296.65305733333 0.25309024816720727
26.06 130296.68304666667 0.2531832171517699
26.08 130296.700012 0.2532267373243599
26.1 130296.75376933334 0.25314674108339236
26.12 130296.63531066668 0.2531117280828227
26.14 130296.60595333335 0.2531868321603438
26.16 130296.61076933332 0.25310081931316414
26.18 130296.62159600001 0.25320445854025303
26.2 130296.54684933333 0.25323382147253853
26.22 130296.566128 0.25326520869810587
26.24 130296.69328533334 0.2531855894975879
26.26 130296.65281866665 0.2532623823481495
26.28 130296.70322666666 0.2531502262429272
26.3 130296.676536 0.25312560568437376
26.32 130296.62790266667 0.2531532719937441
26.34 130296.66913733335 0.2532421824835871
26.36 130296.61389733334 0.25326918348727195
26.38 130296.668092 0.2532814162695113
26.4 130296.67373200001 0.25326338516502234
26.42 130296.72642266667 0.2532227346419394
26.44 130296.71478800001 0.25323009226327164
26.46 130296.77826266666 0.2532547395873578
26.48 130296.777756 0.2531823001683142
26.5 130296.87369733333 0.25333279274488124
26.52 130296.91668000001 0.25330513011276184
26.54 130296.91030666666 0.2532776194705092
26.56 130296.90122933334 0.25332622672191185
26.58 130296.921668 0.2533399698638793
26.6 130296.898388 0.2533445397050246
26.62 130296.86827466666 0.2533807949339777
26.64 130296.79964933335 0.25342064419809324
26.66 130296.83766000002 0.25338592511087754
26.68 130296.83507733332 0.25341696953242016
26.7 130296.89132266668 0.25346074142690667
26.72 130296.89090533333 0.2534859300284871
26.74 130296.83267599999 0.2534380923956668
26.76 130296.97193333333 0.25341927180688645
26.78 130296.95023333334 0.25339497140695966
26.8 130296.87864266668 0.25335231158345367
26.82 130296.864924 0.25340170879563906
26.84 130296.74447466667 0.2534482175252879
26.86 130296.83645866667 0.25342629567248504
26.88 130296.85822666666 0.2534719465582731
26.9 130296.83759733335 0.25345168085691056
26.92 130296.771804 0.25350247940011383
26.94 130296.762484 0.25343871653938466
26.96 130296.781408 0.2534424029555893
26.98 130296.84153866667 0.253445294867887
27.0 130296.84992800001 0.2535432221541737
27.02 130296.78465866666 0.2535210164911616
27.04 130296.8528 0.253502171384438
27.06 130296.78134533332 0.2534703904747492
27.08 130296.81175600001 0.25346177106658385
27.1 130296.821948 0.25349085394302445
27.12 130296.82140933335 0.2535686757319145
27.14 130296.87968399998 0.2535787031956786
27.16 130296.8422 0.25359535019133866
27.18 130296.83138400002 0.25356199751163666
27.2 130296.79293466665 0.25353332300394216
27.22 130296.80620533333 0.2535201369645041
27.24 130296.865856 0.2535402864810869
27.26 130296.93211200001 0.25357443733224244
27.28 130296.87803466665 0.25353469378421517
27.3 130296.897644 0.2534246678305992
27.32 130296.94583333332 0.2533987642997089
27.34 130296.97850266668 0.2534111643381714
27.36 130296.90597333333 0.25350056217455097
27.38 130296.966392 0.2534268934992918
27.4 130297.07213333333 0.25336610159308715
27.42 130297.04604533332 0.2533659345286248
27.44 130297.04707466665 0.2533296893949759
27.46 130297.01126 0.25321511590338613
27.48 130297.05148266666 0.25328105530982803
27.5 130296.98760533333 0.2533207551639973
27.52 130296.87636533334 0.2533643399877461
27.54 130296.91019333334 0.253402348597451
27.56 130296.90211999998 0.25334924147580684
27.58 130296.92112533332 0.2533647986376693
27.6 130296.87565466668 0.2533231745730873
27.62 130296.88737333335 0.25322986815822107
27.64 130296.89709866667 0.2531871340783559
27.66 130296.86850399998 0.25317688133066485
27.68 130296.86703200001 0.25328836483944517
27.7 130296.96023333333 0.2533627206341603
27.72 130296.92919333334 0.25339668972211776
27.74 130296.931544 0.2534112350480639
27.76 130296.89587333333 0.2533551935470579
27.78 130296.95313066666 0.25339021544727985
27.8 130296.97561199998 0.253262824436584
27.82 130296.97540266666 0.2533198720206655
27.84 130296.920408 0.25336423163387195
27.86 130296.91132533333 0.25341841201024956
27.88 130297.01569466667 0.25338068299195743
27.9 130297.03252933334 0.25343035011908477
27.92 130296.978336 0.25356981933135225
27.94 130296.90282 0.25356235166383695
27.96 130296.908656 0.2535891957748229
27.98 130296.878916 0.253594326514822
28.0 130296.89409066667 0.2535110568326375
28.02 130296.79819066667 0.2535341737311969
28.04 130296.93694 0.2535748342777875
28.06 130296.97214266667 0.2534911879986898
28.08 130296.90835733333 0.2536265272012727
28.1 130296.90685066665 0.2536766372312708
28.12 130296.80083599998 0.2536427416818085
28.14 130296.824008 0.25361349246692055
28.16 130296.835008 0.25352824658051143
28.18 130296.77163066668 0.25352507582935013
28.2 130296.70972666665 0.2535252439399265
28.22 130296.71354 0.2535067688386022
28.24 130296.62860133334 0.25346525007347015
28.26 130296.65215066666 0.2533834253743864
28.28 130296.74111466666 0.2534949445078299
28.3 130296.74698666667 0.2534754488328593
28.32 130296.669872 0.2535508340374098
28.34 130296.756984 0.25351580016482117
28.36 130296.77813733334 0.2534780761026193
28.38 130296.74383866668 0.25355330214092753
28.4 130296.73837199999 0.2534653495757683
28.42 130296.78861466667 0.2534099696032823
28.44 130296.83808666666 0.25345819421707294
28.46 130296.81071466666 0.2534488375291168
28.48 130296.86222533335 0.25338665381617337
28.5 130296.78803333335 0.25339341428141576
28.52 130296.74248533335 0.2533862258081837
28.54 130296.68239866669 0.25329728642281674
28.56 130296.57996666667 0.25330039178614155
28.58 130296.64391066667 0.253346297265622
28.6 130296.653092 0.25341534835258955
28.62 130296.60884933334 0.25335215405878736
28.64 130296.65771599999 0.2532670444132597
28.66 130296.57461466666 0.25314060719221715
28.68 130296.51141333333 0.25313638126029764
28.7 130296.467776 0.2531655662023221
28.72 130296.51631466666 0.25324049403127724
28.74 130296.477004 0.2532301981186988
28.76 130296.34604133334 0.25320217163115505
28.78 130296.46918933335 0.25314052274945825
28.8 130296.53179466666 0.2531385582449073
28.82 130296.48960799999 0.2531663307698046
28.84 130296.46638133332 0.25316940010993005
28.86 130296.45764533334 0.25314772748109565
28.88 130296.548528 0.25321240863642325
28.9 130296.57773599999 0.25326778191115906
28.92 130296.53387333333 0.2532232010081821
28.94 130296.52135599998 0.2532329274622175
28.96 130296.47342666666 0.2531880311392379
28.98 130296.49694 0.253177323085716
29.0 130296.48378399998 0.2532128000672444
29.02 130296.55781466668 0.25323158691273784
29.04 130296.52989333334 0.2532932928657245
29.06 130296.46574 0.2532421681150692
29.08 130296.42262933333 0.25324348187047474
29.1 130296.48744266666 0.2531563387448963
29.12 130296.59023066665 0.2531810180066632
29.14 130296.53074400002 0.25319505371198925
29.16 130296.53109200002 0.2531993790539706
29.18 130296.49549600002 0.2531768307783842
29.2 130296.510764 0.25314728245447765
29.22 130296.48939866666 0.2531539310583999
29.24 130296.48748799998 0.25314796406532775
29.26 130296.338224 0.25307723194662934
29.28 130296.38103733334 0.25322273386928434
29.3 130296.377232 0.25323245775443115
29.32 130296.38731066667 0.2531840216153769
29.34 130296.37558933333 0.2533037815625173
29.36 130296.22740933334 0.2533069811029006
29.38 130296.11395866667 0.25327788278328345
29.4 130296.15718133333 0.2532768395194584
29.42 130296.10394 0.2533230952140444
29.44 130296.100916 0.25334840240876305
29.46 130296.08565200001 0.25337634794448205
29.48 130296.00122266666 0.2533759055184801
29.5 130295.949532 0.2533348407970144
29.52 130295.92993333333 0.2533999609888197
29.54 130295.90630666666 0.2534031083966983
29.56 130295.92564133334 0.25337908689151567
29.58 130295.99519066667 0.25336615293663417
29.6 130296.06102533334 0.25342246653220435
29.62 130296.07474266666 0.25336455906901506
29.64 130296.17814933334 0.25334243769665254
29.66 130296.16847066667 0.25338659468211516
29.68 130296.16804266666 0.2533483541200036
29.7 130296.193672 0.25330068457579086
29.72 130296.27352 0.25331531011939945
29.74 130296.28719599999 0.25330207137195615
29.76 130296.34402133335 0.2532774261450029
29.78 130296.42961733333 0.2533330574240789
29.8 130296.43206533334 0.2532900965556149
29.82 130296.38984399999 0.25337284762898016
29.84 130296.37024399999 0.25335137659974283
29.86 130296.344124 0.25320150190599294
29.88 130296.34211733335 0.2532486427911854
29.9 130296.33594799999 0.2532410453153304
29.92 130296.31987866666 0.2531824991275228
29.94 130296.28320533333 0.2531831075300292
29.96 130296.26886933332 0.2531240881142107
