0.0 55999.27646933333 0.6765111906779865
0.02 64928.741153333336 0.6809755269457309
0.04 73677.34815466667 0.6848844120837796
0.06 82248.45162133333 0.6883016571834177
0.08 90645.87685066667 0.6911818742058211
0.1 98872.75400533334 0.6936924064394265
0.12 106932.73520266666 0.695949795453277
0.14 114828.86962933333 0.6978089397862502
0.16 122564.433352 0.6991796525763604
0.18 130142.93918666667 0.7001698845264162
0.2 137567.20214666668 0.7008206198017821
0.22 144840.38122933335 0.7011339382165905
0.24 151965.215524 0.7013329471298538
0.26 158945.028324 0.7012552717983196
0.28 165782.72706266667 0.7009404822583477
0.3 172480.73237733333 0.7003117166936191
0.32 179042.287824 0.6995384959810235
0.34 185469.592536 0.6985286255827365
0.35 188636.788024 0.9853707389919631
0.37 182924.05490133332 0.982485417947497
0.38999999999999996 177449.396752 0.9796076665105387
0.41 172201.33144799998 0.9768370488272509
0.43 167169.24067199999 0.9743167074726692
0.44999999999999996 162342.24843733333 0.9714431124982601
0.47 157712.13329866668 0.9684415013402154
0.49 153268.9637946667 0.9657985257633478
0.51 149003.884056 0.9629807355076159
0.53 144909.65853333334 0.9602536224366183
0.55 140978.12468266668 0.9576758129599063
0.57 137202.05968266667 0.9551234659113667
0.59 133574.29590666667 0.9525878604035497
0.61 130088.78846666668 0.9500227220608698
0.63 126738.37133066665 0.9478037567836862
0.6499999999999999 123517.99018666666 0.9455426391750554
0.6699999999999999 120421.567416 0.9431612411207732
0.69 117444.15617066665 0.9411857830908603
0.71 114580.732392 0.9389537287547134
0.73 111826.01179733334 0.9371033173424278
0.75 109175.64658133333 0.9355101261784268
0.77 106625.33077066665 0.9336792251549095
0.79 104171.03723466667 0.9316587435147445
0.81 101808.13373333332 0.9301615889389483
0.83 99533.42982666666 0.9285411318833298
0.85 97343.23006666666 0.9266645582703422
0.87 95233.78265066666 0.9253262774232542
0.89 93202.09488533332 0.923920441798478
0.91 91245.085496 0.9224712448925269
0.9299999999999999 89359.50822933333 0.9211612956813686
0.95 87542.62955466667 0.9202808277500257
0.97 85792.109248 0.918973703053404
0.99 84104.436624 0.9178060448844316
1.01 82478.04473866666 0.9168513083972852
1.03 80910.06361333333 0.9156810763933592
1.0499999999999998 79398.34362133333 0.9146630476626717
1.0699999999999998 77940.78988266666 0.9138703905253582
1.0899999999999999 76535.256032 0.9131068294091437
1.1099999999999999 75179.79533600001 0.9123231027967698
1.13 73872.04246666667 0.9115414736328404
1.15 72610.55084266666 0.9108424042756992
1.17 71393.83061866666 0.9101661073350301
1.19 70219.5208 0.909267506622621
1.21 69086.628952 0.9085390908153337
1.23 67993.58580266667 0.9076523080285859
1.25 66938.40416533334 0.9070421445890458
1.27 65919.70808266666 0.9067564867460535
1.29 64936.72233333333 0.9060871394040503
1.31 63987.464336000005 0.9054744643467914
1.33 63071.01343733333 0.9049464090430654
1.35 62186.27174933333 0.9046353494586987
1.37 61331.78638666666 0.9044625914307897
1.3900000000000001 60507.003474666664 0.9039823509647767
1.4100000000000001 59710.120383999994 0.9036553816824654
1.4300000000000002 58940.301504 0.9034288044051836
1.4500000000000002 58197.26713866666 0.9027860043712738
1.4700000000000002 57479.103928 0.9026064129943497
1.4899999999999998 56785.40242133333 0.9023882442540366
1.5099999999999998 56114.77367466666 0.9021112479903426
1.5299999999999998 55467.49604 0.9018866888957934
1.5499999999999998 54841.682962666666 0.9017470792987929
1.5699999999999998 54237.31650666666 0.9013500942628354
1.5899999999999999 53652.98638933334 0.9011732698376806
1.6099999999999999 53088.289992 0.9008628431640099
1.63 52542.24328533333 0.9005395358079727
1.65 52014.730698666666 0.9003564475615149
1.67 51504.665216 0.9003109334294517
1.69 51011.424869333336 0.9001128812626317
1.71 50534.75155733334 0.899764502279837
1.73 50073.77664533333 0.899930990387608
1.75 49628.16380533333 0.8997543037877865
1.77 49197.22276266667 0.8998116113837469
1.79 48780.18037066667 0.8997552454350527
1.81 48377.22279733333 0.8996561407499487
1.83 47987.65576266666 0.8996645932024768
1.85 47610.66950933333 0.8995570394552166
1.87 47246.066528 0.8991387999990866
1.8900000000000001 46893.665968 0.8991935038595376
1.9100000000000001 46552.372272 0.8991769256368745
1.9300000000000002 46222.719602666664 0.8991249204604995
1.9500000000000002 45903.658509333334 0.8989740382277116
1.9700000000000002 45594.430517333334 0.8989221147243817
1.9899999999999998 45295.55798666667 0.8992042045112058
2.01 45006.68755733334 0.8991690149546446
2.03 44726.8398 0.8989037324682488
2.05 44455.72334933333 0.8989493696432059
2.07 44193.357714666665 0.8990695662051817
2.09 43940.007970666666 0.8989383682920864
2.11 43694.25992 0.8989736337326373
2.13 43456.732077333334 0.8990328809930963
2.15 43226.351496 0.8988944704304233
2.17 43003.921901333335 0.8988327860141997
2.19 42788.395597333336 0.8987385701201233
2.21 42579.682304 0.8989074457490404
2.23 42378.02541066666 0.8985028969220965
2.25 42182.22342933333 0.8981261884519408
2.27 41992.890456 0.8979874260645674
2.29 41809.508429333335 0.8980791171230891
2.31 41632.044466666666 0.8978005036415303
2.33 41460.079551999996 0.897852301261127
2.35 41293.662888 0.8979315303006976
2.37 41132.775232 0.8978327229558305
2.39 40976.46668 0.8975108849610773
2.41 40825.44605333333 0.8975337689962227
2.43 40679.082424 0.8978032075836796
2.45 40537.565890666665 0.8978967534224549
2.47 40400.097384 0.8977862710670754
2.49 40266.84135733333 0.897917383870989
2.5100000000000002 40137.72633333334 0.8980044653468419
2.5300000000000002 40013.048632000005 0.8979450102360385
2.5500000000000003 39891.767325333334 0.8975632045313731
2.5700000000000003 39774.330405333334 0.8976432491946872
2.5900000000000003 39660.71532533334 0.8976470558801672
2.61 39550.308944000004 0.8976231672463433
2.63 39443.309274666666 0.8976878236908781
2.65 39339.80690133333 0.897558355988892
2.67 39239.41726933334 0.8972727582169934
2.69 39142.008632 0.8972041772579653
2.71 39047.776895999996 0.8973575181056358
2.73 38956.286968 0.897113479003451
2.75 38867.57496533333 0.8971990009097874
2.77 38781.727717333335 0.8972462290227141
2.79 38698.281176000004 0.8972719852704238
2.81 38617.523576 0.8974627207665522
2.83 38539.112901333334 0.8971672811798075
2.85 38463.61468 0.8972368749666029
2.87 38389.90026933333 0.8972274874735285
2.89 38318.54841333334 0.8974011150825748
2.91 38249.77202133334 0.8974880353899671
2.93 38182.95801333333 0.8975870267508904
2.95 38117.58476 0.8975919189585361
2.97 38054.29184266667 0.8974431670070425
2.99 37992.995328000005 0.8972206372702796
3.0100000000000002 37933.56741066667 0.8973012623837519
3.0300000000000002 37876.041016 0.8972963297484599
3.0500000000000003 37819.66599466666 0.8971999012643954
3.0700000000000003 37765.05956266666 0.8970913033052174
3.0900000000000003 37712.8588 0.8969551291087026
3.11 37661.986288 0.8971032175317898
3.13 37613.035024 0.8971010527548595
3.15 37564.97593066667 0.8969954777451266
3.17 37518.295816 0.8970657750537758
3.19 37473.23968 0.8966960837762594
3.21 37429.11887466667 0.896474892283169
3.23 37386.81382933333 0.8968245663935268
3.25 37345.63521066666 0.8969291658456414
3.27 37305.296808 0.8966843886255376
3.29 37266.155920000005 0.8967742230020187
3.31 37228.570056 0.897093162485592
3.33 37191.99424 0.8971392972421001
3.35 37156.708376 0.8972732746177045
3.37 37122.11834933334 0.8974125472822819
3.39 37088.63889066667 0.8976179655302507
3.41 37056.126368 0.8977143513824106
3.43 37024.51276533333 0.8976660504290196
3.45 36993.68360266667 0.8976798801973727
3.47 36963.897959999995 0.8978555372155363
3.49 36935.312869333335 0.8978968091656252
3.5100000000000002 36907.183928 0.8980286500003325
3.5300000000000002 36879.79432 0.8978202871327166
3.5500000000000003 36853.07131466667 0.8976629816151137
3.5700000000000003 36827.520864000006 0.897689578007661
3.5900000000000003 36802.55487466666 0.897715517058418
3.61 36778.358682666665 0.8976624253265285
3.63 36754.47464266667 0.8975239785608236
3.65 36731.54779733333 0.897501453773713
3.67 36709.559698666664 0.8973800272590697
3.69 36687.72666666667 0.8973376194155794
3.71 36666.901192000005 0.8970144243444889
3.73 36646.356104000006 0.8969146587276977
3.75 36626.44273333333 0.8970701409555898
3.77 36607.240373333334 0.8972459942403994
3.79 36588.659544 0.8973729540755168
3.81 36570.58541866667 0.897375215505813
3.83 36552.80431466667 0.8973070109449216
3.85 36535.363328 0.8974655767766544
3.87 36518.44168266667 0.897330282170533
3.89 36502.091159999996 0.8974046172926188
3.91 36486.05918933333 0.8973074201625777
3.93 36471.04708533333 0.8973371627608663
3.95 36455.860773333334 0.8973507433549384
3.97 36441.504304 0.8971370444774283
3.99 36427.435258666665 0.8969692350188381
4.01 36413.48671733333 0.8972690706351473
4.03 36400.038565333336 0.8969459106455194
4.05 36387.212325333334 0.8969539475287259
4.07 36374.57948266667 0.8967260163930946
4.09 36362.447325333334 0.8967630613209266
4.109999999999999 36350.714168 0.8969452065610571
4.13 36339.454258666665 0.896771744865226
4.1499999999999995 36328.154064 0.896816080279734
4.17 36317.507224 0.8969058462497828
4.1899999999999995 36306.497330666665 0.8971007527059351
4.21 36296.137304 0.8970104250446399
4.2299999999999995 36286.16919466667 0.8970612690650857
4.25 36276.57465333334 0.8968955244430374
4.27 36266.86029866667 0.8968097982460655
4.29 36257.35863733334 0.8969223062448849
4.31 36248.336229333334 0.8967180127467319
4.33 36239.75252533333 0.8969228080098698
4.35 36231.363216 0.896950765978482
4.369999999999999 36223.257632 0.8970359442085483
4.39 36215.08019466666 0.897209984378207
4.409999999999999 36207.26725866666 0.8969833635774306
4.43 36199.80056266667 0.8970905380328706
4.449999999999999 36193.008608000004 0.8972154132090211
4.47 36185.949173333334 0.8969323072338545
4.489999999999999 36179.12144 0.8970264204058629
4.51 36171.95519466667 0.8969100172043944
4.529999999999999 36165.70652533333 0.8968425062426006
4.55 36159.135256 0.8969266936424334
4.569999999999999 36152.71876799999 0.8970344269630871
4.59 36146.631557333334 0.89676303848408
4.609999999999999 36140.547618666664 0.8968265872530622
4.63 36134.62870933334 0.8967158149708045
4.6499999999999995 36128.820848 0.8966686044562002
4.67 36122.79857333333 0.8967281413025722
4.6899999999999995 36117.485664 0.8966809836862877
4.71 36112.12621066667 0.8967059143666879
4.7299999999999995 36107.05950933333 0.8966721365762335
4.75 36101.89230933333 0.8970323471586312
4.77 36096.841104 0.896889162973584
4.79 36092.226568 0.8968960723687799
4.81 36087.636904 0.8970689801888625
4.83 36083.30802933333 0.8968695958693067
4.85 36078.975 0.8969525809973028
4.869999999999999 36075.11727733334 0.8969377418046512
4.89 36071.16554666666 0.8971648431714211
4.909999999999999 36067.016650666665 0.8970830913616089
4.93 36063.321776 0.8972439159956901
4.949999999999999 36059.59694933334 0.897501257543373
4.97 36055.72290933333 0.8973933204882344
4.989999999999999 36052.18150666666 0.8975216386501481
5.01 36048.56481066666 0.8976732303041247
5.029999999999999 36044.980864 0.8974810721702128
5.05 36041.85291466667 0.8974755018040466
5.069999999999999 36038.83817866667 0.8978774736088687
5.09 36035.52273866667 0.8980334930927724
5.109999999999999 36032.410992 0.8980053886113843
5.13 36029.201632 0.8980104914723227
5.1499999999999995 36026.44462133333 0.8978639904238329
5.17 36023.763640000005 0.8980449296059104
5.1899999999999995 36021.197624 0.8979998818189526
5.21 36018.082802666664 0.897713685328141
5.2299999999999995 36015.268792 0.8974346150867594
5.25 36012.68201333334 0.8976004693254941
5.27 36010.251944 0.8976748772411971
5.29 36007.352997333335 0.8975760362700275
5.31 36005.00416533333 0.8977051162480743
5.33 36002.862554666666 0.8977088210864658
5.35 36000.468112 0.8976230487268972
5.369999999999999 35998.233285333336 0.8976337243277832
5.39 35996.005952 0.8974558614877481
5.409999999999999 35993.916928 0.8976777433603458
5.43 35991.842224 0.8975043262658642
5.449999999999999 35990.08617333333 0.8972985417998736
5.47 35988.23640266667 0.8974798570542072
5.489999999999999 35986.141015999994 0.8974566139779209
5.51 35984.118264000004 0.8978699394587873
5.529999999999999 35981.94907733334 0.8979812017308331
5.55 35980.084336 0.8978975317244529
5.569999999999999 35978.165629333336 0.8977660056820027
5.59 35976.58043733334 0.897785588165103
5.609999999999999 35974.87381066667 0.8978770773607397
5.63 35973.489752 0.8979007002458018
5.6499999999999995 35972.02797066666 0.8980475689679046
5.67 35970.138746666664 0.8983022529205241
5.6899999999999995 35968.35316 0.8984760181907165
5.71 35967.247359999994 0.8986804537319197
5.7299999999999995 35965.71583466667 0.8987900537058605
5.75 35964.02927466667 0.8987352302969489
5.77 35963.02804533333 0.8985767891991102
5.79 35961.76946933333 0.8985137352550997
5.81 35960.17885066666 0.898544870120962
5.83 35958.59308 0.8987188842849875
5.85 35957.168842666666 0.898258070283107
5.869999999999999 35956.40068266667 0.8980822751062015
5.89 35955.39443466667 0.89805312258389
5.909999999999999 35954.02976266667 0.8979259960694822
5.93 35953.211696 0.8981700914358388
5.949999999999999 35951.892783999996 0.8977658858795027
5.97 35950.911325333334 0.898003194097916
5.989999999999999 35949.95345866667 0.8976846209039901
6.01 35949.019239999994 0.8977084741417621
6.029999999999999 35948.13343733334 0.8978985660836544
6.05 35947.209352 0.8978343977474446
6.069999999999999 35946.335783999995 0.8980731894254431
6.09 35945.21168266667 0.8980680355480878
6.109999999999999 35944.45554133333 0.8979761428741022
6.13 35943.52013066667 0.8980693169633884
6.1499999999999995 35942.566864 0.8976556805739796
6.17 35941.50197333333 0.897840286636046
6.1899999999999995 35940.61114666666 0.8979725069406242
6.21 35940.028373333334 0.8983405278245962
6.2299999999999995 35939.53933866667 0.8982383982675025
6.25 35938.570197333334 0.8980980289047584
6.27 35937.91696266667 0.8981999812342043
6.29 35937.183592 0.8978350743458694
6.31 35936.404405333335 0.8976534236999247
6.33 35935.948765333334 0.8975097708710839
6.35 35935.262304 0.897850386400399
6.369999999999999 35934.442039999994 0.8979794784388062
6.39 35933.93623466667 0.8979313044287062
6.409999999999999 35933.607125333336 0.8978790906000907
6.43 35933.159157333335 0.897708059122045
6.449999999999999 35932.658568 0.897882757302012
6.47 35932.254992 0.8982842397568401
6.489999999999999 35932.16496533333 0.89836932741742
6.51 35931.33258933334 0.8987234919326869
6.529999999999999 35930.9632 0.8989020548964062
6.55 35930.358888 0.8991736868950657
6.569999999999999 35930.00519733333 0.8993425335070221
6.59 35929.383352000004 0.8994171962513271
6.609999999999999 35928.73868533333 0.8992199280938294
6.63 35928.21185066667 0.8992768804487141
6.6499999999999995 35927.836104 0.8989890471622775
6.67 35927.18819466667 0.8990160391016478
6.6899999999999995 35926.79186133333 0.8989079992745734
6.71 35926.32993066667 0.8986419539967033
6.7299999999999995 35925.875232 0.898349567295834
6.75 35925.77368533333 0.8984604619348799
6.77 35925.681802666666 0.8983300816946577
6.79 35925.78442133333 0.8982089007309074
6.81 35925.36731466667 0.8981767789663985
6.83 35925.034376 0.8981669441051318
6.85 35924.481653333336 0.8984128296835847
6.869999999999999 35924.220938666665 0.8983408692333738
6.89 35923.94652533333 0.89844328374595
6.909999999999999 35923.90958666666 0.8984901503223597
6.93 35923.417400000006 0.898546212123897
6.949999999999999 35923.697408 0.8986644658273303
6.97 35923.73785866666 0.8989060859129019
6.989999999999999 35923.905781333335 0.8987736872046883
7.01 35924.085448 0.8988384640010814
7.029999999999999 35924.00177866667 0.8988761757899003
7.05 35923.69916533333 0.8990553000897125
7.069999999999999 35923.504464 0.8992773107116938
7.09 35923.103381333334 0.8991332765073191
7.109999999999999 35922.92913333334 0.899014774273179
7.13 35922.40813333333 0.898861200722376
7.1499999999999995 35921.87815466667 0.8987476834903108
7.17 35921.579992 0.8984199145650534
7.1899999999999995 35921.572312000004 0.8981809267588383
7.21 35921.18103466667 0.8980649621511502
7.2299999999999995 35921.20004533333 0.8980722359248633
7.25 35920.86053333333 0.8977961851860584
7.27 35920.56664266667 0.8977198855034858
7.29 35920.43985066666 0.8977192247690622
7.31 35920.35694133333 0.8977090020359736
7.33 35920.42796 0.8975932409801334
7.35 35920.498208000005 0.8978199958297467
7.369999999999999 35920.30736266667 0.8979393555685481
7.39 35920.45314666667 0.8979261001181694
7.409999999999999 35920.30574133333 0.8977621471542464
7.43 35920.06069333333 0.8977634586147983
7.449999999999999 35919.74407733334 0.8975075357679009
7.47 35919.534368 0.8975182862810731
7.489999999999999 35919.53609066666 0.8974796093370186
7.51 35919.004608 0.8974785456640502
7.529999999999999 35918.57752 0.8976567598548376
7.55 35918.203760000004 0.8976028581436196
7.569999999999999 35917.756746666666 0.897378138249434
7.59 35917.179381333335 0.8973865485868987
7.609999999999999 35916.978773333336 0.8973518283018892
7.63 35917.021984000006 0.8975388692872545
7.6499999999999995 35916.67273333333 0.8973374146676983
7.67 35916.80472 0.8970775191401743
7.6899999999999995 35916.89602666667 0.8973071166840489
7.71 35916.939472 0.8971217279330246
7.7299999999999995 35916.599856 0.897177048368318
7.75 35916.231816 0.8970805839551781
7.77 35915.96546133333 0.8973911285292646
7.79 35915.618941333334 0.8973026473077469
7.81 35915.63025333334 0.8974787840937352
7.83 35915.55391733334 0.8976560676345063
7.85 35914.98287733333 0.8973984886583641
7.869999999999999 35915.31276266667 0.8974021294479776
7.89 35915.11261333333 0.8975502947132872
7.909999999999999 35915.389037333334 0.8975887210994965
7.93 35915.468645333334 0.8975182358325425
7.949999999999999 35915.413064 0.8971519406569188
7.97 35915.40813066666 0.8973121692407249
7.989999999999999 35915.171674666664 0.8972238367301134
8.01 35914.668154666666 0.8974033469684235
8.03 35914.23931733333 0.8975790858141328
8.05 35914.276 0.8977127036927793
8.07 35914.36486933334 0.8979361254267628
8.09 35914.05358133333 0.8977137470880032
8.11 35913.457296 0.8978091961162893
8.13 35913.50628 0.8977757115754111
8.15 35913.342015999995 0.8977309538831164
8.17 35913.463872 0.8976477431769216
8.19 35913.242928 0.8973201495152853
8.21 35913.53146133333 0.8972135252534048
8.23 35913.359432 0.897326022962916
8.25 35913.285648000005 0.8972563450167858
8.27 35913.121631999995 0.8973929624164544
8.290000000000001 35913.07089333334 0.897369017468027
8.31 35912.92011733333 0.8971741352494293
8.33 35912.66090666667 0.8972162252964236
8.35 35912.64900799999 0.8970793711015677
8.37 35912.69693333333 0.8968912148023388
8.389999999999999 35912.24680533333 0.8969524949010184
8.41 35912.389981333334 0.8968169111278675
8.43 35912.68439466666 0.8970662014793744
8.45 35912.59092533334 0.8972072842092845
8.469999999999999 35912.509288 0.8973819087419156
8.49 35912.482432000004 0.8975016937512174
8.51 35912.686277333334 0.8975337853814673
8.53 35912.491376 0.8973366818990361
8.549999999999999 35912.44206933333 0.8970655826781826
8.57 35912.249888 0.897138753016133
8.59 35912.292290666664 0.8972131588035229
8.61 35912.253639999995 0.897147156058142
8.629999999999999 35912.20528 0.8974692822207277
8.65 35912.44445333333 0.897624545401981
8.67 35912.548016 0.8976336933829157
8.69 35912.54206666666 0.8974842931089354
8.709999999999999 35912.672066666666 0.897426896232637
8.73 35912.77335466667 0.8974143303515597
8.75 35912.94417333334 0.8974731452396619
8.77 35912.85818933333 0.8977972654006021
8.79 35912.910128 0.8979785469940067
8.81 35912.70266933333 0.8979328628114756
8.83 35912.381224 0.8979741715348581
8.85 35912.48302666667 0.897942196392117
8.87 35912.432872000005 0.8981818543058305
8.889999999999999 35912.116735999996 0.8982694546888806
8.91 35912.21954133334 0.8981697919036224
8.93 35912.080928 0.8980754826878783
8.95 35911.93709866666 0.8979291375055383
8.969999999999999 35911.97639733333 0.8978938960906007
8.99 35911.799104 0.8978749828321038
9.01 35912.37673066667 0.8978017649618949
9.03 35912.455365333335 0.8976832627169102
9.049999999999999 35912.536288 0.8975054858970175
9.07 35912.443338666664 0.8976458421235664
9.09 35912.570298666666 0.8976179720386361
9.11 35912.64192533333 0.8976499027216585
9.129999999999999 35912.698704 0.89751518898267
9.15 35912.77962933334 0.897400598628463
9.17 35912.761757333334 0.8974574581770585
9.19 35913.020888 0.8974459637022545
9.209999999999999 35913.263007999994 0.8974894377551293
9.23 35913.03283733333 0.8975664752043864
9.25 35913.570106666666 0.8974036952587323
9.27 35913.29010666667 0.8972401194775026
9.29 35913.176472 0.897088529104143
9.31 35913.232954666666 0.8974169029720057
9.33 35913.302901333336 0.8975548439568491
9.35 35913.092253333336 0.8973928409284739
9.37 35913.33412 0.8973387389887844
9.389999999999999 35913.06212533333 0.8974254769568556
9.41 35912.709552 0.8972491862753286
9.43 35912.82768533333 0.8972173809949556
9.45 35912.89140266667 0.8973756339481336
9.469999999999999 35912.946101333335 0.8975756946879625
9.49 35912.960501333335 0.8976071738613863
9.51 35912.724912000005 0.8977967625676849
9.53 35912.50437333334 0.8979604527669938
9.549999999999999 35912.10764533334 0.898137754689807
9.57 35911.97959733333 0.8982446870342944
9.59 35911.75846133333 0.8982153805318592
9.61 35912.088370666665 0.8983732888413366
9.629999999999999 35912.23701866667 0.8986370657929053
9.65 35912.171912 0.898516439187877
9.67 35912.443199999994 0.8981909640136768
9.69 35912.78988 0.8983295070298624
9.709999999999999 35912.504583999995 0.8980426391743377
9.73 35912.508901333335 0.8979631184821264
9.75 35912.40410133333 0.8980527250930148
9.77 35912.54907733333 0.8980613213340319
9.79 35912.582368 0.8980769794706355
9.81 35912.65662933333 0.8981326198444817
9.83 35912.840293333335 0.8980047888432602
9.85 35912.77061333333 0.897947082789842
9.87 35912.7716 0.8976526562694055
9.889999999999999 35912.64462666666 0.8975726881261521
9.91 35912.749562666664 0.8973334318774373
9.93 35912.83788000001 0.8971726636630017
9.95 35912.973154666666 0.8970445877445904
9.969999999999999 35913.007304 0.897206640644864
9.99 35912.88984 0.8975428067884069
10.01 35912.739557333334 0.8974879906682434
10.03 35912.832698666665 0.8973829655819876
10.049999999999999 35912.68648533334 0.8973814085543464
10.07 35912.83741866666 0.8974170516834147
10.09 35912.64826666667 0.8975686388432538
10.11 35912.54208266667 0.8972986478417345
10.129999999999999 35912.61316533333 0.8974391675237655
10.15 35912.43486933333 0.8974682951223906
10.17 35912.332471999995 0.8977102820277154
10.19 35912.49687466667 0.8979424333539529
10.209999999999999 35912.492912 0.8977513116176811
10.23 35912.60597333333 0.8980011060697783
10.25 35912.91722133334 0.8981005937560456
10.27 35912.93394933333 0.8978793719243165
10.29 35912.918616 0.8977998689452129
10.31 35912.937336 0.8978218476226766
10.33 35912.94155466667 0.8981618711111392
10.35 35913.111224 0.8983429125570813
10.37 35913.042088 0.8980456552525486
10.389999999999999 35913.10094933333 0.8982683209411466
10.41 35913.343773333334 0.8983143088070493
10.43 35913.55013866667 0.8981708532605295
10.45 35913.56139733334 0.8985412003995482
10.469999999999999 35913.78033066666 0.8986058310661775
10.49 35913.81892 0.8985547456993841
10.51 35913.79262933333 0.8988609952799054
10.53 35913.63209866667 0.8990310432749901
10.549999999999999 35913.4474 0.8990487059856352
10.57 35913.51624 0.8990530918060253
10.59 35913.63821866667 0.8987754441609118
10.61 35913.59380533334 0.8987553153981042
10.629999999999999 35913.598181333335 0.8988371083238795
10.65 35913.60040266666 0.8986152230850107
10.67 35913.47359466666 0.8986203119513253
10.69 35913.20452266667 0.8988546510713893
10.709999999999999 35913.044559999995 0.898883428296754
10.73 35912.94721333333 0.898803798879815
10.75 35912.96442133333 0.8987273919735116
10.77 35912.64374133333 0.898365072300924
10.79 35912.779272 0.8984476606304362
10.81 35912.472352 0.8980660482625558
10.83 35912.737488 0.8980731067878963
10.85 35913.20195466667 0.89813622683197
10.87 35912.90708 0.898055587916775
10.889999999999999 35913.29082133333 0.8981240507711636
10.91 35913.248351999995 0.8978789373524959
10.93 35913.37802933333 0.8979531105037323
10.95 35913.577872 0.8980734534567257
10.969999999999999 35913.60726933333 0.8980664583312862
10.99 35913.205557333335 0.8980547291539623
11.01 35913.19019733333 0.8975996371452777
11.03 35913.005509333336 0.8974634816889409
11.049999999999999 35912.936890666664 0.8976241276528741
11.07 35913.028626666666 0.8976830423874597
11.09 35912.94588266667 0.8975416122715663
11.11 35912.75128 0.8974447706527723
11.129999999999999 35912.93843466666 0.8971191624609449
11.15 35913.020752 0.8973226737023859
11.17 35912.86179733333 0.8973788824371715
11.19 35912.805605333335 0.8970287578625602
11.209999999999999 35912.88862133333 0.8972435005026672
11.23 35913.07701866666 0.8970838892408225
11.25 35913.201216 0.897079930046019
11.27 35913.21877066667 0.8971042757341852
11.29 35913.16913066666 0.8971352660257252
11.31 35913.32700533334 0.8970204804168097
11.33 35913.414808 0.8970350694410631
11.35 35913.50548266667 0.8965770386533495
11.37 35913.45939733333 0.8962432621105919
11.389999999999999 35913.448336 0.8963730801197419
11.41 35913.258967999995 0.8964916317828848
11.43 35913.09976 0.8965181791352411
11.45 35912.881989333335 0.8967867455015757
11.469999999999999 35912.58062666666 0.8968104194226407
11.49 35912.395056 0.8968486067815286
11.51 35912.43044533333 0.896716903817605
11.53 35912.281623999996 0.896826778570819
11.549999999999999 35912.11012533333 0.8966651334897787
11.57 35911.93004 0.8965261250719103
11.59 35911.842013333335 0.896880274629957
11.61 35911.98106666667 0.8968516737014091
11.629999999999999 35912.09850666666 0.8968840878363517
11.65 35912.122495999996 0.8971129235939402
11.67 35912.141264000005 0.8970657595363276
11.69 35912.431416 0.8972119013241235
11.709999999999999 35912.375005333335 0.897421351395101
11.73 35912.06815466667 0.8975563630210823
11.75 35912.30275733334 0.8975158358364573
11.77 35912.473653333334 0.8976707182526895
11.79 35912.69265866667 0.8976591732091687
11.81 35912.382917333336 0.8974865717512417
11.83 35912.13439733333 0.8975705940035836
11.85 35912.40073066667 0.8977475622442258
11.87 35912.56432266667 0.8975890528568087
11.889999999999999 35912.65845333334 0.8976930900833783
11.91 35912.717008 0.8978889212918193
11.93 35912.80645066667 0.8981357669551434
11.95 35912.89257066666 0.8985186154759215
11.969999999999999 35913.191146666664 0.8985959436440388
11.99 35913.228242666664 0.8983763426352777
12.01 35912.965050666666 0.8984758389536431
12.03 35912.86730133333 0.8982383164854503
12.049999999999999 35912.812567999994 0.8983550975370903
12.07 35912.59341866667 0.8984807693163603
12.09 35911.912218666665 0.8985243150847884
12.11 35911.94542933333 0.8985422723370597
12.129999999999999 35912.145165333335 0.8992282492366019
12.15 35912.25174666666 0.899006139160482
12.17 35912.174304 0.8989819044107591
12.19 35912.47126133333 0.899195977071672
12.209999999999999 35912.367584 0.8994144282834563
12.23 35912.35716 0.899509086982975
12.25 35912.403333333335 0.8992175415149789
12.27 35912.057338666666 0.8987722048666814
12.29 35911.81567733333 0.8986319723498146
12.31 35911.607472 0.8988041616199655
12.33 35911.637709333336 0.8988341581067505
12.35 35911.50655466667 0.8987942088980195
12.37 35911.396768 0.8985066434584316
12.389999999999999 35911.327549333335 0.8984966508831013
12.41 35911.312858666664 0.8985091536673819
12.43 35911.48101066667 0.8983100062453642
12.45 35911.683808 0.8983561790532973
12.469999999999999 35911.272101333336 0.8982467844557095
12.49 35910.983712 0.8983365301759498
12.51 35910.876458666666 0.8984138147739098
12.53 35911.03874933333 0.8982951578784328
12.549999999999999 35911.13959466666 0.8982910448771735
12.57 35910.959832 0.8983639928579437
12.59 35911.111536 0.8982348892155795
12.61 35910.89601333333 0.8982100026016279
12.629999999999999 35910.920360000004 0.8981690947130996
12.65 35911.266482666666 0.8980272017224951
12.67 35911.75793333333 0.8977549123653754
12.69 35912.06061866667 0.8975805656423791
12.709999999999999 35911.76245066666 0.897570600648713
12.73 35911.52912266667 0.8975581110810326
12.75 35911.733896000005 0.8977670166847844
12.77 35911.790208000006 0.8976132506763276
12.79 35911.73638666667 0.8977821021317834
12.81 35912.043392 0.8979790432651614
12.83 35912.109255999996 0.8978538295636022
12.85 35911.84312266667 0.8978675685234018
12.87 35911.750568 0.8978742034647327
12.889999999999999 35911.83484266666 0.8977372980096783
12.91 35911.65983733333 0.8976170888544035
12.93 35911.38594666666 0.8973383737435873
12.95 35911.590853333335 0.8974812947048452
12.969999999999999 35911.935656 0.8973116378547289
12.99 35911.76785333333 0.8973507145227121
13.01 35912.09449333334 0.8972639452813845
13.03 35912.000706666666 0.8971063827447258
13.049999999999999 35912.04077066667 0.8971672130518089
13.07 35911.76823733334 0.8975308122597216
13.09 35912.012480000005 0.8975075033416835
13.11 35911.87153333333 0.8976834664560354
13.129999999999999 35911.686645333335 0.8978377378676865
13.15 35911.821423999994 0.8977788211396068
13.17 35911.63698133333 0.8976575976825364
13.19 35911.88249333334 0.8976050535145753
13.209999999999999 35911.959488 0.8975227962802897
13.23 35911.90703733334 0.8979053357258305
13.25 35911.670832 0.8979306933880825
13.27 35911.386005333334 0.897912237864236
13.29 35911.72648533333 0.8977351953644902
13.31 35912.177493333336 0.8976350959993536
13.33 35912.30632533334 0.8977771678905784
13.35 35912.384322666665 0.8977021023492175
13.37 35912.40079466667 0.8975191663437189
13.389999999999999 35912.28040533334 0.8975556748834687
13.41 35912.165272 0.8976688261067622
13.43 35912.13077333334 0.8981997093040822
13.45 35912.09775466667 0.8981645695510543
13.469999999999999 35912.29386133333 0.898282965347469
13.49 35912.415274666666 0.8983727595963839
13.51 35912.174712 0.8981096410424585
13.53 35912.124448 0.8982445418672967
13.549999999999999 35912.155565333334 0.8983739949179685
13.57 35912.34947733334 0.8985893600591878
13.59 35912.34266933333 0.8981686420410327
13.61 35912.271408 0.8982429989579452
13.629999999999999 35911.730125333335 0.8981295950507524
13.65 35911.62450133334 0.8981129041923505
13.67 35911.30505066666 0.897877719673959
13.69 35911.23061866667 0.8979363222826846
13.709999999999999 35911.215410666664 0.8978491254518018
13.73 35911.412738666666 0.8976287689772768
13.75 35911.67021066666 0.8979478958055154
13.77 35911.755336 0.8982348478142543
13.79 35911.953746666666 0.8983274227189871
13.81 35912.051338666664 0.8983924691701225
13.83 35911.59257333333 0.8982925146454727
13.85 35911.716896 0.8982114308186289
13.87 35912.022333333334 0.8977189912062656
13.889999999999999 35911.79626666667 0.897981426936543
13.91 35911.867346666666 0.8981109678079312
13.93 35911.85852533333 0.8982395263918665
13.95 35911.79381333334 0.897999908542374
13.969999999999999 35911.99469866667 0.8981723066869072
13.99 35911.93630666667 0.898238320104057
14.01 35911.768224 0.8984518487238558
14.03 35911.67659466667 0.8983726536269809
14.049999999999999 35911.674338666664 0.8984067399316961
14.07 35911.99169333333 0.8982586516210429
14.09 35912.10051733333 0.8978648708399871
14.11 35912.197816 0.8976872513190791
14.129999999999999 35912.06614933333 0.8974880581424686
14.15 35912.03657066666 0.8974992885282349
14.17 35911.86666133333 0.8973562104323695
14.19 35911.98914666667 0.8973805113871328
14.209999999999999 35911.72654133334 0.8974984019016924
14.23 35911.79788533333 0.8973748717807731
14.25 35911.83595733334 0.8973446138634383
14.27 35911.990282666666 0.8976265934973822
14.29 35911.96296533333 0.8974055117328736
14.31 35911.614424 0.8975008946672889
14.33 35911.687904 0.8974390402895938
14.35 35911.676432 0.8976203871552642
14.37 35911.79318666666 0.8978772746077762
14.389999999999999 35911.73786666666 0.898079135558324
14.41 35911.99851733333 0.8980365081291463
14.43 35912.10597066667 0.8983436714259806
14.45 35912.125232 0.8984397125779536
14.469999999999999 35912.41226133333 0.8980407117274348
14.49 35912.84658666667 0.8980950999505461
14.51 35912.88588 0.8980568433235658
14.53 35912.81150133333 0.8977665935113702
14.549999999999999 35912.85481066667 0.8977373159391959
14.57 35912.746576000005 0.8978303526674388
14.59 35912.880573333336 0.8979348167204438
14.61 35912.964285333335 0.8979540179202546
14.629999999999999 35913.418613333335 0.8977903423764165
14.65 35913.42512266667 0.897860266460965
14.67 35913.519770666666 0.8975991223246899
14.69 35913.735136 0.897405322119455
14.709999999999999 35914.179319999996 0.8974575483105757
14.73 35913.81151466667 0.8973598367990769
14.75 35913.92293866667 0.8971139084992997
14.77 35913.75405066667 0.8972456453112533
14.79 35914.01861866667 0.897102681740277
14.81 35913.99870933333 0.8974844509698151
14.83 35913.88518666667 0.8973375836142586
14.85 35913.70604533333 0.8975078009486906
14.87 35913.77754133333 0.8975126371071571
14.889999999999999 35914.110248 0.8973932443717142
14.91 35914.065856 0.8975033579129791
14.93 35913.311176 0.8976431839588299
14.95 35913.80328 0.8977236942172415
14.969999999999999 35913.793584 0.89759053991633
14.99 35913.579512 0.8974311803299432
15.01 35913.614493333334 0.8974886597060022
15.03 35913.42179466667 0.8974751986973444
15.049999999999999 35913.216581333334 0.8974910065414461
15.07 35913.19320266666 0.897461131509185
15.09 35912.87800533333 0.8975817764600639
15.11 35912.864824000004 0.8974873634406522
15.129999999999999 35912.79704 0.8973814128819513
15.15 35912.76030666666 0.8970564559561064
15.17 35912.59496 0.8971353757331485
15.19 35912.349608000004 0.8971652680322209
15.209999999999999 35912.59564266667 0.89728236789068
15.23 35912.47931466666 0.8973559392797902
15.25 35912.139762666666 0.8971147877991054
15.27 35911.962938666664 0.8970361477597547
15.29 35912.016877333335 0.897220245110234
15.31 35912.17889333333 0.8972058474695461
15.33 35912.37394666667 0.897183929668123
15.35 35912.56884266667 0.8971606665793292
15.37 35912.78046666666 0.8973966328875077
15.389999999999999 35912.99442133334 0.8969801730706553
15.41 35913.07351466667 0.8971272728512595
15.43 35912.981986666666 0.8973116754662218
15.45 35913.022664000004 0.8976776403795433
15.469999999999999 35913.09634133334 0.8979715718087553
15.49 35913.18966933333 0.8979714976471823
15.51 35913.421248 0.8976554065286574
15.53 35913.682837333334 0.8974010632350606
15.549999999999999 35913.65010666667 0.8973171092341653
15.57 35913.904032 0.897332910553393
15.59 35913.734752000004 0.8971004707268493
15.61 35913.72711466667 0.8970946604939931
15.629999999999999 35913.56732 0.8970088870469392
15.65 35913.28071466667 0.8972297877715398
15.67 35913.33394133333 0.897510846592656
15.69 35913.11249866667 0.897880620164966
15.709999999999999 35912.918562666666 0.8979591453535498
15.73 35913.05530666666 0.898236095142952
15.75 35913.224064 0.8984790829552796
15.77 35913.27455466667 0.8985887743573859
15.79 35913.440063999995 0.8982693147413702
15.81 35913.064312 0.8982205430370002
15.83 35912.835104 0.897824292520366
15.85 35912.6454 0.8976812061227806
15.87 35912.44297333334 0.8977406404087663
15.889999999999999 35912.3638 0.8977805746694593
15.91 35912.750808 0.8976533986330414
15.93 35912.67158933333 0.8975716192039812
15.95 35912.94016533333 0.8973089351642213
15.969999999999999 35912.90785333334 0.8971362347415225
15.99 35913.28630133333 0.8972633500503086
16.01 35912.911552000005 0.8972797451215008
16.03 35912.620856 0.8971642525988939
16.05 35912.320058666664 0.8970317425806984
16.07 35912.687362666664 0.8973037744391128
16.09 35913.07205333334 0.89739001346351
16.11 35913.308752 0.8974364269750383
16.13 35913.682301333334 0.8974814028894619
16.150000000000002 35913.85996 0.8972371793301382
16.17 35913.528416 0.8970130086173415
16.19 35913.79753333333 0.8970752183867508
16.21 35913.61856266667 0.8971619653959084
16.23 35913.762608 0.8973245485441647
16.25 35913.98768 0.8975405080101724
16.27 35914.09233866667 0.8979599292448017
16.29 35914.06603466667 0.8975056672729
16.310000000000002 35914.111117333334 0.8973768873782519
16.330000000000002 35914.038799999995 0.8974349493432257
16.35 35913.763424000004 0.8976179093015683
16.37 35913.80347466667 0.8977842208502055
16.39 35913.814736 0.8976621406644971
16.41 35913.635368 0.8975491489848347
16.43 35913.54089333334 0.8973332825936259
16.450000000000003 35913.404570666666 0.8975903869795997
16.470000000000002 35913.45819733333 0.8975728390381927
16.490000000000002 35913.633848 0.8977224977913731
16.51 35913.95094133333 0.8975782938638595
16.53 35913.97624533333 0.8977157172904504
16.55 35913.43514666667 0.897252006393053
16.57 35913.12546133333 0.8974410260854923
16.59 35913.122648 0.8974909355761375
16.610000000000003 35913.225399999996 0.897218544536973
16.630000000000003 35913.50783466667 0.8972110831071707
16.650000000000002 35913.63229066666 0.8968311514385171
16.67 35913.45928533333 0.8969613443764018
16.69 35913.53926666667 0.8968085568545864
16.71 35913.60624 0.8970138513462013
16.73 35913.748296 0.8969382131243142
16.75 35913.79226666667 0.8971169369060605
16.770000000000003 35913.66952266666 0.8969898491282724
16.790000000000003 35913.61893866667 0.8971946590849733
16.810000000000002 35913.56388 0.897194370103419
16.830000000000002 35913.27991733333 0.897118020467052
16.85 35912.94762933333 0.8971965051126805
16.87 35912.917528000005 0.897177814736078
16.89 35912.75631733333 0.8973497261307117
16.91 35913.10246666666 0.8971769603800385
16.93 35913.00381333333 0.8970693536949896
16.950000000000003 35913.127976 0.896966936346804
16.970000000000002 35912.905024 0.8969476857873608
16.990000000000002 35913.280528 0.8969987010726808
17.01 35913.38737333333 0.897274801382647
17.03 35913.32545333334 0.8971419504689999
17.05 35913.74361333334 0.8972483881410585
17.07 35913.56409866667 0.8973548462571096
17.09 35913.60753066667 0.8974805791786638
17.110000000000003 35913.150901333334 0.8972641461485905
17.130000000000003 35913.354408 0.8970946432212749
17.150000000000002 35913.56116533333 0.8973390351704826
17.17 35913.82317066667 0.8974661927252348
17.19 35913.652016 0.8976047421399654
17.21 35913.673888000005 0.8973948184519119
17.23 35913.76926666667 0.8974533931138572
17.25 35913.69656533333 0.8974916861496308
17.270000000000003 35914.109240000005 0.897554468793493
17.290000000000003 35913.75861066667 0.89754854942349
17.310000000000002 35913.60738933334 0.8974863895223014
17.330000000000002 35913.68563466667 0.8974773730014786
17.35 35913.692903999996 0.8975079060227308
17.37 35914.055928 0.8976450721557403
17.39 35913.891776000004 0.8977278392643673
17.41 35913.77488 0.8975796256629633
17.43 35913.54509066667 0.8976535257484358
17.450000000000003 35913.45270133333 0.8975739733825372
17.470000000000002 35913.27181333333 0.8976739972026132
17.490000000000002 35913.48681333334 0.8976677255073807
17.51 35913.51189333333 0.8978348647945424
17.53 35913.321776 0.8981982938299026
17.55 35913.085072 0.8984026647916449
17.57 35913.38659466666 0.8984259587973561
17.59 35913.104909333335 0.8983873477657369
17.610000000000003 35913.03650666667 0.8982718056624328
17.630000000000003 35913.34706933334 0.8984645977744392
17.650000000000002 35913.334392 0.8982725026432247
17.67 35913.49710133333 0.8980782772025202
17.69 35913.318256 0.8980601690280487
17.71 35912.98855733333 0.8979545078112219
17.73 35912.684530666666 0.8979052353523926
17.75 35912.74302933333 0.8977333965465217
17.770000000000003 35912.722698666665 0.8977506816143961
17.790000000000003 35912.93007466667 0.8976160107060227
17.810000000000002 35913.26025866667 0.8976242584836384
17.830000000000002 35913.27751466667 0.8975854522834356
17.85 35913.215304 0.897465371618362
17.87 35913.289256000004 0.8973274899751671
17.89 35913.165274666666 0.8974067698516951
17.91 35913.23744 0.8974665167309204
17.93 35912.96305866667 0.8976203286003925
17.950000000000003 35912.824925333334 0.8974715095284709
17.970000000000002 35912.84548266667 0.8974637381220565
17.990000000000002 35912.85635466667 0.8976004471923756
18.01 35912.94854666667 0.8977559265348609
18.03 35913.088890666666 0.8975314975901371
18.05 35912.738496000005 0.8973482193397809
18.07 35912.367392 0.8976655088003079
18.09 35912.12190133333 0.8976498482005011
18.110000000000003 35912.18140533334 0.8978459512683986
18.130000000000003 35912.606887999995 0.8980939259221633
18.150000000000002 35912.46902133333 0.8981396520428759
18.17 35912.741010666665 0.898005058259033
18.19 35912.62599466667 0.8981349790638977
18.21 35912.615104 0.8980802426212587
18.23 35912.69853066666 0.8980749917990054
18.25 35913.227898666664 0.897965427042349
18.270000000000003 35913.4298 0.8980493888384095
18.290000000000003 35912.869677333336 0.8978210354818164
18.310000000000002 35912.72572 0.8977731534527843
18.330000000000002 35912.58805866667 0.8979449479484666
18.35 35912.706248 0.897892447536594
18.37 35913.052232 0.8979609288840338
18.39 35913.218082666666 0.8979072151891108
18.41 35913.200488 0.8980391359549933
18.43 35913.265018666665 0.8977791579546284
18.450000000000003 35913.090970666664 0.8975879615239793
18.470000000000002 35913.575525333334 0.8976954499158317
18.490000000000002 35913.73114133334 0.8977821530265188
18.51 35913.65617866667 0.8979544765827169
18.53 35913.443536 0.8977835688417108
18.55 35913.687632 0.8978041928785462
18.57 35913.45989866667 0.8978453939771486
18.59 35913.44313066667 0.8978477317518133
18.610000000000003 35913.35599733333 0.8979748246508735
18.630000000000003 35913.17813866667 0.8979253655679192
18.650000000000002 35913.3538 0.8979617550359058
18.67 35913.37920266666 0.8978890804168818
18.69 35913.04057333333 0.8977975441269657
18.71 35913.115576 0.8979703146520033
18.73 35912.976621333335 0.8979455983138434
18.75 35912.661088 0.8975486828419239
18.770000000000003 35912.846231999996 0.8977530987086949
18.790000000000003 35912.71274133334 0.8978671019909293
18.810000000000002 35912.603037333334 0.8981083553359628
18.830000000000002 35912.54424 0.8983217073799099
18.85 35912.48608266667 0.8981687038936561
18.87 35912.43364 0.8980780714476533
18.89 35912.30693866666 0.8980817463951888
18.91 35912.448738666666 0.8980265212466733
18.93 35912.237429333334 0.8979820917059245
18.950000000000003 35912.335912 0.8979591229453346
18.970000000000002 35912.30617333333 0.8980408138797485
18.990000000000002 35912.295042666665 0.8979472507651513
19.01 35912.344957333335 0.8982236573291549
19.03 35912.78144266667 0.8985445181806293
19.05 35913.25085333333 0.8985607800624517
19.07 35913.29704533333 0.898568587592891
19.09 35913.18801333333 0.8982706635951127
19.110000000000003 35913.188384 0.898089186997742
19.130000000000003 35913.14010133334 0.898325618567511
19.150000000000002 35913.13609066667 0.8981137341756489
19.17 35913.12629866667 0.8983818021664082
19.19 35912.79005333333 0.8982291860019012
19.21 35913.14418933333 0.8984835173134573
19.23 35913.24156533333 0.8983675790442415
19.25 35912.996298666665 0.8983760304375367
19.270000000000003 35912.60082666667 0.898082557366403
19.290000000000003 35912.871208 0.898152068226869
19.310000000000002 35912.640168 0.8983039950452217
19.330000000000002 35912.249690666664 0.8979266527557545
19.35 35912.28872533333 0.8978410232374656
19.37 35912.28320266667 0.8982592328138026
19.39 35912.38875466667 0.898278169294578
19.41 35912.4896 0.8983585172500917
19.43 35912.70274666666 0.8982304002489548
19.450000000000003 35912.735592 0.8983901423842419
19.470000000000002 35912.47559733334 0.8983720918955311
19.490000000000002 35912.66767733333 0.8983847169307361
19.51 35912.545269333335 0.8983062426659606
19.53 35912.998680000004 0.898489687843301
19.55 35913.093456 0.8982846727278027
19.57 35912.867082666664 0.8981473652215778
19.59 35913.113632 0.8983109982556364
19.610000000000003 35913.347616 0.8985306457043105
19.630000000000003 35913.51425066667 0.8983447307055565
19.650000000000002 35913.363090666666 0.8984788852704365
19.67 35912.99486666667 0.8985989451073307
19.69 35912.918472000005 0.8984155846278126
19.71 35912.656226666666 0.8983796352831825
19.73 35912.862418666664 0.8984738181931917
19.75 35913.303128 0.8984191205036296
19.770000000000003 35913.435816 0.8985523587646154
19.790000000000003 35913.57787733333 0.8985510725955266
19.810000000000002 35913.578978666665 0.8985765469547884
19.830000000000002 35913.618768 0.8987363716071008
19.85 35914.17709333333 0.8986030519307724
19.87 35914.08071466666 0.8986644616491585
19.89 35914.141352 0.8984330323989603
19.91 35913.87170933333 0.8984571591037595
19.93 35913.912736 0.8983369931450965
19.950000000000003 35913.72701866667 0.8982210839653344
19.970000000000002 35913.843261333335 0.8977979191212575
19.990000000000002 35913.849696000005 0.8978012092310362
20.01 35914.09506133333 0.8977993034847364
20.03 35913.97214133333 0.8977575097187193
20.05 35913.81841066667 0.897416615499168
20.07 35913.755575999996 0.8972924181549699
20.09 35913.785690666664 0.8973545966769475
20.110000000000003 35913.949536 0.8974295045680982
20.130000000000003 35913.77017333334 0.8973397414407306
20.150000000000002 35913.985770666666 0.8975997296398013
20.17 35913.619730666665 0.8975973930767293
20.19 35913.585576 0.89759655565388
20.21 35913.56382933333 0.8974519982734455
20.23 35913.759112 0.8975454006651292
20.25 35914.04466666667 0.8974056711117293
20.270000000000003 35913.728176 0.8975576356066945
20.290000000000003 35913.441730666666 0.8973881922478096
20.310000000000002 35913.67891466667 0.8973861946424578
20.330000000000002 35913.448344000004 0.8974653804253028
20.35 35913.300616 0.8974398408578671
20.37 35913.543498666666 0.8975151966536916
20.39 35913.47769866667 0.8972526039712694
20.41 35913.48133066666 0.8972305757968365
20.43 35913.56097333333 0.8969054110820329
20.450000000000003 35913.3908 0.8968329154661232
20.470000000000002 35913.26537066667 0.8966744088407476
20.490000000000002 35913.04657333333 0.8969858102513989
20.51 35912.757026666666 0.8968206869923282
20.53 35912.185357333336 0.8967613243288373
20.55 35912.618725333334 0.8970273174843316
20.57 35912.892541333335 0.8968210946075635
20.59 35912.88564266667 0.8968174512303341
20.610000000000003 35913.018392 0.8967046724897748
20.630000000000003 35912.94432266666 0.8965413711677095
20.650000000000002 35912.877448 0.8964180355268676
20.67 35913.42025333333 0.8966620647601182
20.69 35913.41258666667 0.8966589963901821
20.71 35913.505498666666 0.8968196272164524
20.73 35913.275746666666 0.896930694764685
20.75 35913.39368533333 0.8970758666440559
20.770000000000003 35913.65660266667 0.896809046578446
20.790000000000003 35913.65167466667 0.8968598859402991
20.810000000000002 35913.12355466667 0.8971295163950879
20.830000000000002 35913.10828266667 0.8971403900676945
20.85 35913.224319999994 0.8972970682407504
20.87 35913.16671733333 0.8974309896925576
20.89 35913.278736 0.8977337170948322
20.91 35913.35218933333 0.8976644309006221
20.93 35913.413221333336 0.897226531785907
20.950000000000003 35913.47457333333 0.8972658823176293
20.970000000000002 35913.67620533334 0.8975367252545526
20.990000000000002 35913.405672 0.8975969661902808
21.01 35913.60790933334 0.8974457660534336
21.03 35913.090229333335 0.8974602570157323
21.05 35913.226312 0.897545357917271
21.07 35913.31479733333 0.8977126164280256
21.09 35913.53071466667 0.8977506932853375
21.110000000000003 35913.36001066667 0.8976722420147968
21.130000000000003 35913.74538666666 0.8975655097076698
21.150000000000002 35913.31205066666 0.8973899897991544
21.17 35913.31576 0.8975994682625957
21.19 35913.58069333334 0.8976710159881571
21.21 35913.38661866667 0.8974971825900797
21.23 35913.410866666665 0.8971793165155865
21.25 35913.792477333336 0.8971132637009006
21.270000000000003 35913.80410666666 0.8973284444808672
21.290000000000003 35913.92474933333 0.8971826123674077
21.310000000000002 35913.785848 0.897266352981242
21.330000000000002 35913.812437333334 0.8975744554548897
21.35 35913.99016266667 0.8976171853858889
21.37 35913.85861066666 0.8975112633789483
21.39 35913.58942133334 0.8976102671831018
21.41 35913.540991999995 0.897580357362242
21.43 35913.585208000004 0.8975510866887499
21.450000000000003 35913.715248 0.8976727743824923
21.470000000000002 35913.92074933334 0.8975808144472561
21.490000000000002 35913.834848 0.8977715121448692
21.51 35914.25402666666 0.8978230762577112
21.53 35913.980202666666 0.8975156248733311
21.55 35913.61445333333 0.8976470250160656
21.57 35913.44168533334 0.8976024515554434
21.59 35913.519176 0.8978137909094385
21.610000000000003 35913.820181333336 0.8977439204634567
21.630000000000003 35913.936528000006 0.897688834530086
21.650000000000002 35913.94412 0.8978944571549023
21.67 35913.86549066666 0.8975220397590058
21.69 35913.929893333334 0.8975456090400261
21.71 35914.04467733333 0.8975578370949285
21.73 35913.843962666666 0.8975493125637469
21.75 35913.805223999996 0.8977121430027081
21.770000000000003 35913.53735466667 0.8978248261065664
21.790000000000003 35913.503983999995 0.8978061098676412
21.810000000000002 35913.486586666666 0.8975858991164329
21.830000000000002 35913.242264 0.8978427171440377
21.85 35913.08473066667 0.8976522118543516
21.87 35912.99002666667 0.8979038358187499
21.89 35912.985 0.8980398680212741
21.91 35913.218693333336 0.8980329527101147
21.93 35912.948208 0.8980849355730839
21.950000000000003 35913.25273066667 0.8979826234883406
21.970000000000002 35913.39879466667 0.897974787042419
21.990000000000002 35913.54752 0.8978932386007452
22.01 35913.456104 0.8980833705835527
22.03 35913.482282666664 0.8979743697117964
22.05 35913.39390133333 0.8978994572130439
22.07 35913.56157333333 0.8978462711294904
22.09 35913.825408000004 0.8977934088083536
22.110000000000003 35913.313112 0.8979265385112323
22.130000000000003 35913.36582666666 0.8977043185502213
22.150000000000002 35913.270191999996 0.8974385508982424
22.17 35913.16607466666 0.8975225989675604
22.19 35912.574733333335 0.8977199755317138
22.21 35912.71825866667 0.8975193411105239
22.23 35912.378586666666 0.8978423851179514
22.25 35912.376037333335 0.8978663305448611
22.270000000000003 35912.693781333335 0.898289743902209
22.290000000000003 35912.60193066667 0.8979513321563413
22.310000000000002 35912.60457333333 0.8982132798205289
22.330000000000002 35912.547194666666 0.8981507092730111
22.35 35912.740562666666 0.898264006713037
22.37 35912.604768000005 0.8981219192375136
22.39 35912.811504 0.8980055758543738
22.41 35912.99302133333 0.8980481882425867
22.43 35912.971026666666 0.8982593483075832
22.450000000000003 35912.87797866667 0.898276257321769
22.470000000000002 35912.877770666666 0.8982721012985243
22.490000000000002 35912.768664 0.8978918297547259
22.51 35912.96905066667 0.8980623019234455
22.53 35913.01829866666 0.898490075254788
22.55 35912.697824 0.8987095540476672
22.57 35912.796904 0.8984961712592952
22.59 35912.674159999995 0.8983786240117301
22.610000000000003 35912.618472 0.8985277305912911
22.630000000000003 35912.86050933333 0.898551321240457
22.650000000000002 35913.01837333333 0.8988697844111802
22.67 35913.019968 0.8989870839197316
22.69 35913.221117333334 0.898905601406296
22.71 35913.130818666665 0.898818638464132
22.73 35913.15610933333 0.8990401823134367
22.75 35913.23949333333 0.8989168390951977
22.770000000000003 35912.648208 0.8988510221045671
22.790000000000003 35912.80305066667 0.8991226772892446
22.810000000000002 35912.975568 0.8991913323503257
22.830000000000002 35913.44709866667 0.8990268457743164
22.85 35913.194824 0.8990963235852535
22.87 35913.309722666665 0.8989544417469932
22.89 35913.13557866667 0.8989033071723175
22.91 35912.526184 0.8987969037945062
22.93 35912.405752 0.8988091448595339
22.950000000000003 35912.61396266667 0.8987464314829131
22.970000000000002 35912.489314666665 0.8985406049535328
22.990000000000002 35912.828722666665 0.8985343736054313
23.01 35912.61321333333 0.8983262437144008
23.03 35912.734498666665 0.8981771249217245
23.05 35913.041258666664 0.8983290942179354
23.07 35912.99613066667 0.8985274789195064
23.09 35913.03661066666 0.8984640410785985
23.110000000000003 35912.79738133333 0.8983165313033704
23.130000000000003 35913.09830133333 0.8982731695290872
23.150000000000002 35912.960752 0.8980938311411398
23.17 35912.73176533333 0.8983637560562322
23.19 35912.75096533333 0.8981831531599845
23.21 35912.80036533333 0.8981227722101824
23.23 35913.10469066667 0.897892081535737
23.25 35913.178512 0.8977226489060652
23.270000000000003 35913.177496000004 0.8976233164864026
23.290000000000003 35913.24572 0.897624590732843
23.310000000000002 35913.411157333336 0.8975196435574565
23.330000000000002 35913.30636266667 0.8975916322472544
23.35 35913.110400000005 0.897377490919478
23.37 35913.16673866667 0.8977192562554196
23.39 35913.19610666667 0.897537970160374
23.41 35913.60821866667 0.8979660086535176
23.43 35913.44462933333 0.8979985048243425
23.450000000000003 35913.33808266667 0.898314387930053
23.470000000000002 35913.506607999996 0.8983952193707969
23.490000000000002 35913.74914933334 0.8983791451936671
23.51 35913.81721333333 0.89854690196395
23.53 35913.99270933334 0.8983284508388055
23.55 35913.76654133333 0.8983933617237965
23.57 35913.81049333333 0.8982471867498643
23.59 35913.76581333333 0.8982442319023795
23.610000000000003 35914.20103733333 0.8980593082944468
23.630000000000003 35914.1872 0.897809100119596
23.650000000000002 35914.138536 0.8976195248582738
23.67 35913.993768 0.8975526987646582
23.69 35913.898495999994 0.8974073874843567
23.71 35913.64502933333 0.8973736517408231
23.73 35913.53862666667 0.8973490718738135
23.75 35913.57596533334 0.8971982226477971
23.770000000000003 35913.34493866666 0.8972795946223006
23.790000000000003 35913.717224 0.897325767592959
23.810000000000002 35913.780031999995 0.8971898400857579
23.830000000000002 35913.787141333334 0.8971598444678958
23.85 35914.00571733333 0.8970411179510713
23.87 35914.06226666666 0.8972798964930574
23.89 35914.08398133334 0.8971537073314397
23.91 35913.91168266667 0.89725061155715
23.93 35913.712450666666 0.8968554473515434
23.950000000000003 35913.849061333334 0.8969955524347936
23.970000000000002 35913.762192 0.8971751102210683
23.990000000000002 35913.495650666664 0.8972456080435165
24.01 35913.62792266667 0.897573982820378
24.03 35913.508816 0.8974430964919389
24.05 35913.331130666666 0.897518192897809
24.07 35912.99464533333 0.8973834914468588
24.09 35913.28811733333 0.8972608873972606
24.110000000000003 35913.199872 0.8972376535295821
24.130000000000003 35913.287192 0.8975003105303883
24.150000000000002 35913.1612 0.8974084548106467
24.17 35913.339629333335 0.8973442117280525
24.19 35913.027597333334 0.8973015236711162
24.21 35913.19148533333 0.897260299033596
24.23 35913.98211733333 0.897556263605604
24.25 35914.25480533333 0.8976275779686624
24.270000000000003 35914.385773333335 0.8975621576809484
24.290000000000003 35914.42440533334 0.8977933870267615
24.310000000000002 35914.04100533333 0.8977172878566027
24.330000000000002 35914.058853333336 0.8979119254927094
24.35 35914.33696 0.8981383956418291
24.37 35914.228856 0.8980947052764476
24.39 35914.195311999996 0.8981647578056365
24.41 35914.315816 0.898000373389343
24.43 35914.20460533333 0.897917394265059
24.450000000000003 35914.005322666664 0.8979430397232037
24.470000000000002 35914.03622666666 0.89815654759608
24.490000000000002 35913.920024 0.8979754073709332
24.51 35913.855736 0.8979036860009593
24.53 35913.79476533333 0.8981680755074752
24.55 35913.859272 0.8977980591871462
24.57 35913.898890666664 0.8978615241142763
24.59 35913.74776 0.898181532939444
24.610000000000003 35913.73878666667 0.8978947321323428
24.630000000000003 35913.85007466667 0.8974897417515177
24.650000000000002 35913.50525066667 0.897570107097666
24.67 35913.760034666666 0.8972999065733434
24.69 35913.71878133333 0.8973513809840264
24.71 35913.67565866667 0.8971091080350997
24.73 35913.85753866666 0.8972227959880983
24.75 35913.77534666667 0.8969284945806091
24.770000000000003 35913.404552 0.8971265105706737
24.790000000000003 35913.457584 0.8976198495706621
24.810000000000002 35913.773618666666 0.8978202992246269
24.830000000000002 35913.65325333334 0.8981604934946406
24.85 35913.76140266667 0.8982400470375612
24.87 35913.81588 0.8981522064653081
24.89 35913.39893333333 0.898002139891394
24.91 35913.24052266667 0.898090152092774
24.93 35913.231616000005 0.8980691834822054
24.950000000000003 35913.11827466667 0.8979589054420903
24.970000000000002 35913.17678933333 0.8979204075754649
24.990000000000002 35913.227 0.8979879749817803
25.01 35912.92751733333 0.8980362526039397
25.03 35912.538336 0.8976029984387193
25.05 35912.936912000005 0.897508277138
25.07 35912.98697333333 0.8974809414351778
25.09 35913.23706133333 0.8978378552478494
25.110000000000003 35913.180656 0.8978123584339056
25.130000000000003 35913.45863466666 0.8978449608891739
25.150000000000002 35913.41189066667 0.89764138783067
25.17 35913.483018666666 0.8976931677054213
25.19 35913.012824000005 0.8975484122086815
25.21 35913.245664 0.8975341812546783
25.23 35912.779536 0.8980273200872592
25.25 35912.752576 0.8979310857468554
25.270000000000003 35912.71184266667 0.8980220682015836
25.290000000000003 35912.579639999996 0.8983094694353736
25.310000000000002 35912.463981333334 0.898281524410939
25.330000000000002 35912.441848 0.8981076831226291
25.35 35912.22238933333 0.8980263914791882
25.37 35912.04845333334 0.8982968292063286
25.39 35911.96989866666 0.8982871198072341
25.41 35912.28137333333 0.8983393930031347
25.43 35912.345984 0.8984735873032662
25.450000000000003 35912.632386666664 0.8985203131039943
25.470000000000002 35912.846981333336 0.8983608892583951
25.490000000000002 35912.742565333334 0.8983069337990787
25.51 35912.94294666666 0.8979390390033061
25.53 35912.9988 0.8977245210984544
25.55 35912.63961333333 0.8975535593004648
25.57 35912.80706933333 0.8973420748070775
25.59 35913.12757333333 0.8974807588762259
25.610000000000003 35913.115304 0.897729956957009
25.630000000000003 35912.811768 0.8976866613529447
25.650000000000002 35913.245144 0.8973945512395961
25.67 35913.538861333334 0.8971557768899077
25.69 35913.05325866667 0.8973195622394369
25.71 35912.92126933333 0.8973334767192094
25.73 35913.07945333333 0.8971090308145266
25.75 35913.23176533333 0.8970305880367117
25.770000000000003 35913.03558933333 0.8970409761881611
25.790000000000003 35913.47170933333 0.8969950875236379
25.810000000000002 35913.14534666667 0.8968226765622931
25.830000000000002 35913.564192000005 0.8969944652468443
25.85 35913.399544 0.8974484885969523
25.87 35913.317136 0.8974316209563961
25.89 35913.47949333333 0.8978859496107003
25.91 35913.912266666666 0.8980949817646293
25.93 35913.611896 0.8980770507027271
25.950000000000003 35913.81154133333 0.8980033769767156
25.970000000000002 35913.39670666667 0.8980052344976074
25.990000000000002 35913.125136 0.897926487594691
26.01 35913.174397333336 0.8979092199406641
26.03 35913.29198666666 0.8981387058142226
26.05 35912.924824 0.8977494426722028
26.07 35912.86449866666 0.8979776909405811
26.09 35912.87274133333 0.8980930501684858
26.110000000000003 35912.88418133333 0.897947781810546
26.130000000000003 35913.39026933334 0.89803523269291
26.150000000000002 35913.61417866667 0.898185073807506
26.17 35913.69021066667 0.8982788984063342
26.19 35914.16937333334 0.8979995015473811
26.21 35914.043677333335 0.8976844172716166
26.23 35913.960048 0.8980870391322037
26.25 35914.067509333334 0.8979294701283522
26.270000000000003 35913.97365066667 0.8980349373559163
26.290000000000003 35913.479042666666 0.8979848784501402
26.310000000000002 35913.74190666667 0.897868732481316
26.330000000000002 35913.780704000004 0.8976498386157411
26.35 35913.963919999995 0.8976205455050735
26.37 35914.00239466666 0.8975526054416484
26.39 35914.253696 0.8978171570749026
26.41 35914.03151466667 0.8979499080001093
26.43 35914.166552 0.897937259880499
26.450000000000003 35914.121024 0.897828107455854
26.470000000000002 35914.715189333336 0.8976118709957057
26.490000000000002 35914.72979733333 0.8975271123019322
26.51 35914.778016 0.8974621251283509
26.53 35914.503498666665 0.8977514120679104
26.55 35914.105573333334 0.8979958761573588
26.57 35914.22220266667 0.8977984609629287
26.59 35914.487464000005 0.8978357065462363
26.610000000000003 35914.108512 0.8977321461282148
26.630000000000003 35913.828496 0.8980843070273052
26.650000000000002 35914.07357333333 0.898076178884717
26.67 35913.900874666666 0.8981166144913444
26.69 35913.68388533333 0.8983003374891979
26.71 35913.41543466666 0.8984639155098115
26.73 35913.33893333333 0.8984445353563921
26.75 35913.629554666666 0.8985395403886433
26.770000000000003 35913.47507466667 0.8986674382607677
26.790000000000003 35913.23081866666 0.898380129881591
26.810000000000002 35913.36015733333 0.8984368305259202
26.830000000000002 35912.765512 0.8981613137792965
26.85 35912.665288000004 0.897878179717998
26.87 35912.62120533333 0.8978433209266571
26.89 35912.48739733333 0.8978484052690536
26.91 35911.98599466667 0.8977779454459337
26.93 35912.12538133333 0.8976042789480728
26.950000000000003 35911.93226933334 0.8973774228391717
26.970000000000002 35911.519768 0.8971973369491696
26.990000000000002 35911.682296 0.897151895574822
27.01 35911.785370666665 0.896905477682896
27.03 35911.550981333334 0.8969765805072102
27.05 35911.19526666666 0.8971448485837942
27.07 35911.250736 0.8971812029433381
27.09 35911.195261333334 0.897023221758955
27.110000000000003 35911.34617866667 0.8971162399794176
27.130000000000003 35911.7894 0.8971460638210816
27.150000000000002 35911.928832000005 0.8970323115460042
27.17 35912.19183733333 0.8972699028270881
27.19 35912.57541333333 0.897654094811455
27.21 35912.645562666665 0.8977979252082312
27.23 35912.583736 0.8978858852573529
27.25 35912.504279999994 0.8978983439622924
27.270000000000003 35912.744256 0.8979331381728954
27.290000000000003 35912.597792 0.8978505162461277
27.310000000000002 35912.36294666667 0.897587978607188
27.330000000000002 35912.270626666665 0.8977514587046311
27.35 35912.451466666666 0.8977655574581366
27.37 35912.282490666665 0.8978982028115879
27.39 35912.10354133333 0.8979555766675383
27.41 35912.305992 0.8976215213746733
27.43 35912.50036533333 0.897823272429619
27.450000000000003 35912.325906666665 0.8976154086747573
27.470000000000002 35912.534224 0.8978548825628991
27.490000000000002 35912.771010666664 0.8975969510705509
27.51 35912.74954133333 0.8975030274913007
27.53 35912.800930666664 0.8974156879598248
27.55 35913.267029333336 0.8974308947274359
27.57 35913.425136 0.8975479667338003
27.59 35913.33825866667 0.8974991832872875
27.610000000000003 35913.269122666665 0.8974848553531779
27.630000000000003 35913.33714933333 0.8976422429252101
27.650000000000002 35913.35362933333 0.8975008433760094
27.67 35913.28602133333 0.8972742098230835
27.69 35913.470085333334 0.897245631882112
27.71 35913.42842133333 0.8975732280032082
27.73 35913.567936 0.8971818979386801
27.75 35913.57986666667 0.8970586195590634
27.770000000000003 35913.602656 0.8968049486537506
27.790000000000003 35913.14357866667 0.8964601010381235
27.810000000000002 35912.899602666665 0.8963384287434366
27.830000000000002 35913.02630666667 0.896515948272338
27.85 35913.55582666666 0.8965322645966829
27.87 35913.83335466667 0.896292256105463
27.89 35913.65200266667 0.8961892115866523
27.91 35913.56567733333 0.8958249986058731
27.93 35913.830584 0.895981558823154
27.950000000000003 35913.71103466667 0.8960866244873632
27.970000000000002 35913.48989333333 0.8960570304845937
27.990000000000002 35913.48028533333 0.8965661015856261
28.01 35913.59192266667 0.8965603008073822
28.03 35913.618472 0.8968048254228564
28.05 35913.625997333336 0.896803660667479
28.07 35913.940136 0.8968807689500295
28.09 35913.85017866667 0.8969666210665218
28.110000000000003 35913.96893866667 0.8968747498939869
28.130000000000003 35913.633544 0.8967229428537994
28.150000000000002 35913.63180533333 0.8965015943041601
28.17 35913.83464 0.8965252939012945
28.19 35913.80139733333 0.8965731395263794
28.21 35913.663949333335 0.8966746304281394
28.23 35913.483530666665 0.8966718892259172
28.25 35913.498072 0.8964132248845967
28.270000000000003 35913.657632 0.896459832686865
28.290000000000003 35913.73102133333 0.8967554470238501
28.310000000000002 35913.940728 0.8968489021014463
28.330000000000002 35913.933496 0.8969804359609204
28.35 35913.74526933333 0.8971274508020572
28.37 35913.48968 0.8976277913246984
28.39 35913.27734933334 0.897959498424788
28.41 35912.87431466667 0.8977546242604688
28.43 35912.85213866667 0.8976528452782438
28.450000000000003 35912.82898933333 0.8977547369651371
28.470000000000002 35912.849850666666 0.8979670646711809
28.490000000000002 35913.44295733333 0.8981954886118828
28.51 35913.37423733334 0.8983437815476535
28.53 35913.403882666666 0.8983101930177568
28.55 35913.376648000005 0.8984494419819506
28.57 35913.45119733333 0.8985047772182321
28.59 35913.23169066667 0.898601339178513
28.610000000000003 35912.95724533333 0.8983012632268138
28.630000000000003 35912.57717333333 0.8983492177799108
28.650000000000002 35912.924528 0.8982871346099676
28.67 35912.789253333336 0.8980929446123356
28.69 35912.67419733333 0.89817348142103
28.71 35912.60916533333 0.8979062184711161
28.73 35912.42965333333 0.8976970996031485
28.75 35912.26839733333 0.897615891305899
28.770000000000003 35912.58270666667 0.8975488274530228
28.790000000000003 35912.02970666667 0.8973745278847103
28.810000000000002 35912.00913333333 0.8973165315723313
28.830000000000002 35911.859727999996 0.8976733727312388
28.85 35911.980752 0.8975289760254794
28.87 35911.916650666666 0.8977090928486282
28.89 35912.038552 0.8979854983643722
28.91 35911.77848266667 0.8980171719708446
28.93 35911.65372 0.8977451066205567
28.950000000000003 35911.523944 0.897497094302801
28.970000000000002 35911.47028 0.8977870633149644
28.990000000000002 35911.332621333335 0.897535073291796
29.01 35911.200992 0.8975224459969018
29.03 35911.16516533334 0.8974336484350243
29.05 35911.27482133333 0.8974428145357898
29.07 35911.063991999996 0.897432196697407
29.09 35911.046367999996 0.8973645103259394
29.110000000000003 35910.975632 0.8971798776879791
29.130000000000003 35911.08512266667 0.8970363194017061
29.150000000000002 35911.135522666664 0.8969565656149725
29.17 35910.91409333333 0.8967687060880387
29.19 35910.83952 0.8967650379109592
29.21 35911.031586666664 0.8967291454235325
29.23 35911.178426666665 0.8967751633456124
29.25 35911.176856 0.8968539168847579
29.270000000000003 35911.152856 0.8968456933783615
29.290000000000003 35910.83499466667 0.8964243386780836
29.310000000000002 35910.82124 0.8966101083791821
29.330000000000002 35911.247024 0.8969970449786062
29.35 35911.22232266667 0.8970056843324038
29.37 35911.5432 0.8972022256122709
29.39 35911.968173333335 0.8971933406086048
29.41 35912.282986666665 0.8972392381455473
29.43 35912.029056 0.8972165938097978
29.450000000000003 35912.155338666664 0.8971162409105005
29.470000000000002 35912.15257866667 0.8969819053895672
29.490000000000002 35912.082109333336 0.8972072628428784
29.51 35911.843848000004 0.8973542134359674
29.53 35911.45372266667 0.8973311212859539
29.55 35911.54091733333 0.8973408828225877
29.57 35911.415928 0.8971871027575345
29.59 35911.58819733333 0.8971740423904745
29.610000000000003 35911.65123466667 0.8968220289121823
29.630000000000003 35911.43197866667 0.8971199495026384
29.650000000000002 35911.36819466666 0.8971768988638801
29.67 35911.15680533333 0.8971497373655613
29.69 35911.2312 0.8972701301640525
29.71 35910.940085333335 0.897608825881378
29.73 35910.73721866667 0.8976282970743504
29.75 35910.93164266666 0.897695400978084
29.770000000000003 35911.05418133333 0.8977625100858014
29.790000000000003 35911.273978666664 0.8979478536301605
29.810000000000002 35911.064450666665 0.8981969529787133
29.830000000000002 35911.19136 0.8980222403133633
29.85 35911.08476533333 0.8979702589450148
29.87 35911.030656 0.8977889864312864
29.89 35911.01505066667 0.8980554422753735
29.91 35911.43033066667 0.8980105195376807
29.93 35911.912818666664 0.8980283634551822
29.950000000000003 35912.05428533333 0.897843362497277
29.970000000000002 35912.30697333333 0.8975525513083178
29.990000000000002 35912.38674933334 0.8974640502386018
30.01 35912.76918133334 0.8978025092629058
30.03 35912.648621333334 0.8979210894078367
30.05 35913.0946 0.8979854988360699
30.07 35912.98197866666 0.8979758995442122
30.09 35912.89948266666 0.8979401529063684
30.110000000000003 35912.72582666667 0.8979815506048037
30.130000000000003 35912.761448000005 0.8980594234051666
30.150000000000002 35912.69208533333 0.8978628974418339
30.17 35912.84836 0.8977091218119407
30.19 35912.751586666665 0.8973464820721933
30.21 35912.93509866667 0.8975710433502191
30.23 35912.71237333333 0.8977302241056128
30.25 35912.62202933333 0.8976255854325765
30.270000000000003 35912.945175999994 0.8976913436027875
30.290000000000003 35912.91412266667 0.8975470547215925
30.310000000000002 35912.83084266666 0.8975222316906474
