0.0 142673.2428933333 0.9910813539935812
0.02 138614.95729066664 0.9878121290333123
0.04 134722.5369093333 0.9844384772327806
0.06 130987.63554133332 0.9811982557326837
0.08 127404.72080266665 0.9780175787477443
0.1 123965.582256 0.9749799039971228
0.12 120664.15347466667 0.972273975054222
0.14 117494.43361066666 0.9694651580887861
0.16 114450.76583466667 0.9670999245676264
0.18 111527.21390666666 0.9641671427070101
0.2 108718.50280533332 0.9619010855351783
0.22 106020.40623466666 0.9595619280384164
0.24 103427.52110133335 0.957351231567421
0.26 100935.23414133333 0.9550777592977663
0.28 98539.56564800002 0.9527379902626815
0.3 96236.50744533332 0.9507964773917897
0.32 94022.21262399999 0.948737763187399
0.34 91893.061856 0.9469073310715168
0.36 89844.773936 0.9451687227943296
0.38 87874.63909866667 0.9433812008242067
0.4 85979.39730666667 0.9419291830206924
0.42 84156.14964799999 0.9399826846867495
0.44 82401.46245600001 0.9379284097265133
0.46 80712.80889333333 0.9364278063159795
0.48 79087.57134933333 0.9350789457735353
0.5 77523.37189333333 0.9336632690459631
0.52 76017.64072266666 0.9322911268923832
0.54 74567.81355466667 0.9310875863776006
0.56 73171.915136 0.929959238436856
0.58 71827.59340266667 0.9286934443076353
0.6 70532.79424533332 0.9275534444600503
0.62 69286.02911199999 0.9266524377649821
0.64 68084.94912533334 0.9257398568094456
0.66 66928.00627466667 0.9247456824438823
0.68 65813.84214133333 0.9234720083219192
0.7 64740.317976000006 0.9224954972505695
0.72 63705.87958666666 0.921725242744328
0.74 62709.057978666664 0.9206579768046173
0.76 61748.52477866666 0.9202059051590524
0.78 60822.57438933333 0.9194152698376278
0.8 59930.29032 0.9188832039858871
0.82 59070.54894133333 0.9179794550782244
0.84 58242.13070133333 0.9171664542210165
0.86 57443.41673333333 0.9164916605537502
0.88 56673.14835999999 0.9159065125686656
0.9 55930.64090133333 0.915286312826674
0.92 55214.470034666665 0.914602409096889
0.94 54524.325522666666 0.9136885181185638
0.96 53859.269264 0.913485847744759
0.98 53217.65548533334 0.9126795070767215
1.0 52599.02642666666 0.9123305362744886
1.02 52002.17836533333 0.911860284320428
1.04 51427.12274133333 0.9110514858442306
1.06 50872.370808 0.9103943254392923
1.08 50336.941666666666 0.9098839399398612
1.1 49820.774888 0.909324261365069
1.12 49323.19890133334 0.9092929522860232
1.14 48842.67712 0.9092423009293499
1.16 48379.377792 0.9089968444013863
1.18 47932.243722666666 0.9084211382336687
1.2 47501.356122666664 0.9080035125720287
1.22 47085.093098666664 0.9078114629167746
1.24 46683.286578666666 0.9076021818050515
1.26 46296.28333866666 0.9075889840927337
1.28 45922.97449333333 0.9072573891687011
1.3 45562.976954666665 0.9071326109313946
1.32 45215.369005333334 0.9066797894218112
1.34 44879.673914666666 0.9063519078596592
1.36 44556.177216 0.9060253529670783
1.38 44244.198592 0.9055707935488311
1.4 43942.807552 0.9054327408817023
1.42 43651.840306666665 0.9053266684895904
1.44 43371.42301866666 0.9050217502414931
1.46 43100.994386666665 0.9048403282776569
1.48 42839.57369333333 0.9044104753280295
1.5 42587.51055466667 0.9045636188711004
1.52 42344.09190133333 0.9041980609707028
1.54 42109.21075466667 0.9038123770711345
1.56 41882.472296 0.9036754694485235
1.58 41663.958256 0.9035029735806346
1.6 41452.85988 0.9035830075613609
1.62 41249.07117333333 0.9033358325706045
1.64 41052.40999466667 0.9030059712842468
1.66 40862.406304000004 0.9027564882915676
1.68 40679.29355733334 0.9026897628760887
1.7 40502.794354666665 0.9027172310132175
1.72 40331.791336 0.9023466715353808
1.74 40167.25411733333 0.9022139752466644
1.76 40008.33177066667 0.9020935503576608
1.78 39855.019184000004 0.9021521673482289
1.8 39707.00694133333 0.9021960274460781
1.82 39564.392221333335 0.9022501823979056
1.84 39427.00378133333 0.9020837283404707
1.86 39294.11414933333 0.902085224679838
1.88 39166.017432 0.901882312007942
1.9 39042.469616 0.9017454506124658
1.92 38923.33113866666 0.9016934710387988
1.94 38808.43056533333 0.9017939441406779
1.96 38697.37306133333 0.9015248967051861
1.98 38589.904528 0.9017189516946826
2.0 38486.44740799999 0.9014544393094718
2.02 38386.64601333333 0.9013004254237642
2.04 38290.60953866666 0.901051454811593
2.06 38197.516317333335 0.9010198774945263
2.08 38107.68428533333 0.90081928974315
2.1 38021.03087733334 0.9008101531996754
2.12 37937.152418666665 0.9011004650698359
2.14 37856.37073066666 0.9008925676292323
2.16 37778.65729866667 0.9008437421311248
2.18 37703.65380266667 0.9009934014716466
2.2 37631.18384 0.9008976818799627
2.22 37561.155322666666 0.9009571134367803
2.24 37494.08898666667 0.900881386102952
2.26 37429.11629333333 0.9008189816890909
2.28 37366.03600533333 0.9005950675033056
2.3 37305.098170666664 0.9004975727476674
2.32 37246.50698666667 0.9004929094940527
2.34 37189.80501066666 0.900452471294237
2.36 37135.25286666666 0.9003251104426195
2.38 37082.97214666667 0.9001529666071134
2.4 37032.569744 0.9000797783136106
2.42 36983.86087733333 0.899955434482149
2.44 36936.98901599999 0.9000925007389935
2.46 36891.446352 0.9000638044653242
2.48 36847.15660266667 0.8999165042746405
2.5 36805.222301333335 0.9001018514387221
2.52 36764.59551466667 0.9002251301371231
2.54 36725.648304 0.8999423307178006
2.56 36688.29939466667 0.8997295416895867
2.58 36652.08253866667 0.8997493000847895
2.6 36617.37336 0.8999332306091745
2.62 36583.420256 0.8999008262967625
2.64 36551.086039999995 0.8997009806491967
2.66 36519.776616 0.8997679028462621
2.68 36489.684808 0.8997005064403684
2.7 36460.4606 0.8999277497020932
2.72 36432.34975733333 0.9000221291289537
2.74 36404.88318133334 0.8999437732187788
2.76 36379.28575733333 0.8999982884610855
2.78 36354.272712000005 0.9001595615877972
2.8 36329.77732266667 0.9002094515955276
2.82 36306.45008266666 0.900216560036798
2.84 36284.02131733333 0.9005767220187083
2.86 36262.587733333334 0.9004366420761012
2.88 36241.92818133334 0.9005469890285324
2.9 36221.78554933333 0.9002269784513114
2.92 36202.63923466666 0.8999956832964179
2.94 36184.46264533333 0.8997196802536532
2.96 36166.364848 0.8997404799418638
2.98 36149.0468 0.8995647763928338
3.0 36132.83213066666 0.8994482414731674
3.02 36117.16937333332 0.8995389244317424
3.04 36101.96285066666 0.8996376944367973
3.06 36087.63070933333 0.8997858711272598
3.08 36073.25256266666 0.8995158585556865
3.1 36059.853976 0.8996650035493754
3.12 36046.74514133333 0.8999710740463449
3.14 36034.245343999995 0.9000105960458009
3.16 36022.165698666664 0.8999211124372255
3.18 36010.458352 0.8997224881171768
3.2 35999.165413333336 0.8997232576551044
3.22 35988.161544 0.8995908534676167
3.24 35977.91276266667 0.89945154656767
3.26 35968.00155733334 0.8993926013093818
3.28 35958.56764533333 0.899276002747242
3.3 35949.41282133333 0.8990408462996103
3.32 35940.858976 0.8989882859587383
3.34 35932.66750933333 0.8989113278401841
3.36 35924.534016 0.8985974652551882
3.38 35916.840381333335 0.8985670920808051
3.4 35909.41272 0.898728255551748
3.42 35902.493688 0.8987493552479164
3.44 35895.412496000004 0.8989592583207866
3.46 35889.15889599999 0.8991302231707738
3.48 35883.087712 0.8989392770553055
3.5 35877.37495733333 0.8989821179649707
3.52 35871.91724533333 0.8991359662643839
3.54 35866.617719999995 0.8991254404382085
3.56 35861.63390666667 0.8988559124746286
3.58 35856.786095999996 0.8987421653234229
3.6 35852.09561333334 0.8984916473868776
3.62 35847.983984000006 0.8983944034635473
3.64 35843.85602133333 0.8984242548677676
3.66 35839.59943466667 0.8983339196546855
3.68 35835.859752000004 0.8985857083917719
3.7 35832.088063999996 0.8985534295420547
3.72 35828.299168 0.8987607434603143
3.74 35824.816992 0.8985929782154699
3.76 35821.69566133333 0.8983991236630393
3.78 35818.68146133333 0.8987665880104688
3.8 35816.04962666667 0.8989122994603442
3.82 35813.185679999995 0.8991047657771969
3.84 35810.633063999994 0.8991695528512361
3.86 35808.194967999996 0.8990431762689247
3.88 35806.03692 0.8989614487207822
3.9 35803.834256 0.8988757430997483
3.92 35801.89218133333 0.8988704728571387
3.94 35800.05571466667 0.8987940206030522
3.96 35798.364879999994 0.8990367899348465
3.98 35797.19107466667 0.8992337115224609
4.0 35795.57953866667 0.8992981635984568
4.02 35794.2086 0.8993106237082127
4.04 35792.886375999995 0.8992218569085224
4.06 35791.645112 0.8994308804409542
4.08 35790.82090133333 0.899419424883368
4.1 35789.930056 0.8991294811928695
4.12 35788.83229599999 0.8993069622348818
4.14 35788.02814133333 0.8991111504214032
4.16 35787.38418666666 0.8990136794847948
4.18 35786.35812533334 0.898998122065246
4.2 35785.48754933333 0.8988832482106447
4.22 35785.246477333334 0.8989313915656212
4.24 35784.839120000004 0.8987972335338159
4.26 35784.229578666665 0.8987957817196179
4.28 35783.79829866667 0.8989895144267324
4.3 35783.35050933334 0.8989545949995555
4.32 35783.35015466667 0.8985208142033306
4.34 35783.18466133333 0.899196017076482
4.36 35783.17078666667 0.8994559171246479
4.38 35782.84825333333 0.899579880783192
4.4 35782.945768 0.8996885310224069
4.42 35783.078632000004 0.8996069190961551
4.44 35782.76736533333 0.8995942125352523
4.46 35783.12641333333 0.8998674641324241
4.48 35783.1918 0.8999384194487281
4.5 35783.47661866667 0.899774521937489
4.52 35783.607813333336 0.8998407436823487
4.54 35783.677178666665 0.89973681678259
4.56 35784.072248 0.8997036678404896
4.58 35784.045360000004 0.8996703427817093
4.6 35784.04519466667 0.8995084429782215
4.62 35784.295642666664 0.8995229321148268
4.64 35784.91653333334 0.8992874590893354
4.66 35784.92509333334 0.8992796905180802
4.68 35785.438608 0.8991905916993449
4.7 35785.537392 0.8990009234236651
4.72 35785.90353066666 0.8988457589052029
4.74 35786.312461333335 0.8988480026724032
4.76 35786.539328 0.8988457974475123
4.78 35787.138946666666 0.8986020990619018
4.8 35787.49181066667 0.8986671270563648
4.82 35788.16158666667 0.8984629234148481
4.84 35788.57563466667 0.898508202818631
4.86 35789.338026666665 0.8986159861018738
4.88 35790.18867733334 0.8985258759806561
4.9 35790.705632 0.8986961932267452
4.92 35791.380264 0.8986575797242855
4.94 35792.414952 0.8987373971165025
4.96 35793.18090666667 0.8988064521916374
4.98 35794.01262666666 0.8991947643827981
5.0 35794.88593866667 0.899203041408308
5.02 35795.475528 0.8990840570035287
5.04 35796.393328000006 0.8990139303729067
5.06 35796.734448 0.8986799333997264
5.08 35797.580125333334 0.8986877393947881
5.1 35797.783152 0.8986712638925268
5.12 35798.77658133333 0.8985912949019945
5.14 35799.592399999994 0.8986614067220053
5.16 35800.175768 0.8984527213541024
5.18 35800.978879999995 0.8986325381386586
5.2 35801.425848 0.8987699402333449
5.22 35802.021104 0.8987876022858474
5.24 35802.803173333334 0.898874423544867
5.26 35803.44973333333 0.8988366429612452
5.28 35804.224616 0.8987603162681386
5.3 35804.895504 0.8987314917115669
5.32 35805.81719466667 0.8987771889468582
5.34 35806.937624 0.8987364349624427
5.36 35807.797624 0.8985297035570626
5.38 35808.77414666666 0.8982387351197576
5.4 35809.29304533333 0.8985892889194447
5.42 35810.18453333333 0.8985739315644511
5.44 35810.852112 0.8984735338074025
5.46 35811.827296 0.8981669513652494
5.48 35812.566589333335 0.8978298201166945
5.5 35813.647984 0.8979228553627358
5.52 35814.479488 0.8980149997922819
5.54 35815.369234666665 0.8978048899986243
5.56 35816.080992 0.8979033178398953
5.58 35816.92423733333 0.8979855899156699
5.6 35817.525290666665 0.8980680106729467
5.62 35818.52245333334 0.8979581527762688
5.64 35819.14450933333 0.8978023470459816
5.66 35820.26583733333 0.8979351369132893
5.68 35820.61147466667 0.8978948815702673
5.7 35821.417048 0.8980232459118491
5.72 35821.93684533333 0.8976874317996208
5.74 35822.55378666667 0.8976126877711379
5.76 35823.564144 0.8978983533978487
5.78 35823.75964800001 0.8979935714290039
5.8 35824.76339466666 0.8977833798495429
5.82 35825.692744 0.8978697790431037
5.84 35826.65305066666 0.8979958638422304
5.86 35827.17564533334 0.8980005220962983
5.88 35828.175570666666 0.8979102898168863
5.9 35828.807744 0.8980288913671557
5.92 35829.63254666667 0.8978571935561293
5.94 35830.49404 0.8976782003516187
5.96 35831.323984 0.8974965736514435
5.98 35831.95955466667 0.8975327643434635
6.0 35832.617002666666 0.8975123735201297
6.02 35833.28405333334 0.897503812189114
6.04 35834.09108533333 0.897725226902752
6.06 35834.651824 0.8976450427540568
6.08 35835.01688266666 0.8977751291060174
6.1 35835.40454666667 0.897825388268661
6.12 35836.398810666666 0.8979049234573544
6.14 35837.079608 0.8980590336313992
6.16 35837.934226666664 0.8981618221601719
6.18 35838.691181333335 0.8981354191532324
6.2 35839.48962666667 0.8985106692794287
6.22 35840.34848266667 0.8984527448795746
6.24 35841.455712 0.8982131865501225
6.26 35842.464391999994 0.8980411259995794
6.28 35843.45085866666 0.8978541350456254
6.3 35843.908248 0.8978820702970377
6.32 35844.88854666667 0.8977468853390064
6.34 35845.376376 0.8973398137623024
6.36 35845.70693866667 0.8975571121933386
6.38 35845.94136 0.8975410206875835
6.4 35846.339144 0.8976511878939385
6.42 35847.14234133334 0.8979602608000306
6.44 35847.893690666664 0.8979002206151593
6.46 35848.49710666666 0.8978235174136547
6.48 35848.83710933333 0.8973975945754022
6.5 35849.378189333336 0.8971812584436925
6.52 35849.795264 0.8971460338129178
6.54 35850.86627466667 0.897113262819203
6.56 35851.642872 0.8969415938454378
6.58 35852.623168000006 0.8972718230216079
6.6 35853.323624 0.8974621435390576
6.62 35853.87059466667 0.8974581337929153
6.64 35854.188760000005 0.897423418260304
6.66 35854.67738933333 0.8975141432960588
6.68 35855.38187733333 0.897597692476029
6.7 35855.58439466667 0.8974280002449979
6.72 35856.25418933333 0.897357921429776
6.74 35856.846208 0.8973734525532988
6.76 35857.213061333336 0.8974966178068977
6.78 35857.770853333335 0.8975087892992315
6.8 35858.561592 0.8973174478876652
6.82 35859.20472533333 0.897069800274626
6.84 35860.137698666666 0.8967803683943004
6.86 35860.375618666665 0.8967475202442549
6.88 35860.496856 0.8965307658072318
6.9 35860.833031999995 0.8966401007950378
6.92 35861.10938666666 0.8967649780981188
6.94 35861.77440533333 0.8966024700368901
6.96 35862.470176 0.8967937279407532
6.98 35863.083170666665 0.896808331688612
7.0 35863.33473333334 0.8969253901314508
7.02 35863.66042933334 0.8969586256613442
7.04 35864.080016 0.8968568209975792
7.06 35864.416933333334 0.8968325387757256
7.08 35865.041912 0.8969520209298066
7.1 35865.40202933333 0.8968762222900102
7.12 35865.61477066667 0.8969450807332292
7.14 35866.16679466667 0.8970036158940619
7.16 35866.304112 0.8969905531044793
7.18 35866.44039733333 0.8967149575606596
7.2 35866.913088 0.8969700472563128
7.22 35867.44319466667 0.8968740151437129
7.24 35868.03751466666 0.8970108712766168
7.26 35868.40167733333 0.8972089761312678
7.28 35868.451824 0.8972660403629414
7.3 35868.842013333335 0.8972998322874586
7.32 35869.201136 0.8972234459140354
7.34 35869.47312266666 0.8973383077293015
7.36 35869.569736 0.8974164329203804
7.38 35870.042504 0.8976236273418841
7.4 35870.985592 0.8974433605937541
7.42 35871.11087733333 0.8976663472529716
7.44 35871.531304000004 0.8976677317209557
7.46 35871.63365066667 0.8974293429917618
7.48 35872.12274133333 0.8971215094901375
7.5 35872.573330666666 0.896890813745473
7.52 35873.07368533334 0.8971048602412565
7.54 35873.264224 0.8969986147079431
7.56 35873.73984533333 0.8972400936480905
7.58 35874.558386666664 0.8972122211389457
7.6 35874.96704533334 0.8971428070049172
7.62 35875.412434666665 0.8968908582313949
7.64 35875.73890933333 0.8968808856194233
7.66 35876.330010666665 0.8970143793549751
7.68 35877.157704 0.897061128844665
7.7 35877.291304 0.8973313703149531
7.72 35877.44685066667 0.897404523337919
7.74 35877.95510666667 0.8974720880957672
7.76 35878.62966133333 0.8972598401086171
7.78 35878.97682133333 0.8970364472789824
7.8 35879.206192 0.8972017368033741
7.82 35879.41088266666 0.8973772969627088
7.84 35879.969504 0.8973335385993332
7.86 35880.38750133333 0.8972603599128605
7.88 35880.84279733333 0.8972289651556946
7.9 35881.19934133333 0.8972919810155833
7.92 35881.44930933333 0.897373755181295
7.94 35881.686327999996 0.8971015473792396
7.96 35882.18756 0.8971766403328575
7.98 35882.28904266667 0.8972595432922174
8.0 35882.682832000006 0.8972856047205269
8.02 35882.895037333335 0.8970866955330065
8.04 35883.245856 0.897214289719242
8.06 35883.57998133333 0.8972816891330065
8.08 35883.86662933334 0.8971426956802517
8.1 35884.055695999996 0.8973518125951199
8.12 35884.38779733333 0.8974329931947
8.14 35884.95233866667 0.8976494802043022
8.16 35885.41993066667 0.897761788815289
8.18 35885.49666133333 0.8980513496680436
8.2 35885.820248 0.8981199471999465
8.22 35885.85904266666 0.8979864326258996
8.24 35886.349912000005 0.8978654058161126
8.26 35886.748792 0.8979250291388677
8.28 35887.009904000006 0.8975351042312675
8.3 35887.355352 0.8977192718205014
8.32 35887.83601866667 0.8978413852145826
8.34 35887.98285866667 0.8974794526672466
8.36 35888.38745333333 0.8973969635423342
8.38 35888.51986933334 0.8976681110484789
8.4 35888.995552 0.89772798856802
8.42 35889.31047733333 0.8978693823588135
8.44 35889.805133333335 0.8975648212921153
8.46 35890.267856 0.89735114167269
8.48 35890.50749866667 0.897496283185608
8.5 35890.882384 0.8973647647812285
8.52 35891.350567999994 0.8975208765458188
8.54 35891.469608 0.8972941799078987
8.56 35891.791269333335 0.8973308302187974
8.58 35892.161368 0.8973995615039628
8.6 35892.02397333333 0.8978138058602565
8.62 35892.20106133333 0.8979994858910431
8.64 35892.68239466667 0.8979629936737432
8.66 35892.5394 0.8979569915473229
8.68 35892.465288 0.897937592362792
8.7 35893.03116 0.8980628469622522
8.72 35893.48984266666 0.8983046361778523
8.74 35893.617335999996 0.8982791096506784
8.76 35893.724645333336 0.8982763015754812
8.78 35893.961061333335 0.8986461294765071
8.8 35894.01484 0.8982613571035746
8.82 35894.22056266667 0.8982609436790895
8.84 35894.42484266667 0.8980548457271639
8.86 35894.40542933333 0.897767974646234
8.88 35894.84588533333 0.897693859730319
8.9 35895.107066666664 0.8978868030459272
8.92 35895.205832 0.8978306950151411
8.94 35895.29629333333 0.897899900835968
8.96 35895.286783999996 0.897933168278255
8.98 35895.403808 0.8980067019030022
9.0 35895.955074666665 0.8975381976636164
9.02 35896.296408 0.8974772386548032
9.04 35896.172888 0.8974687718259868
9.06 35896.621304 0.8974085023976136
9.08 35896.55355733333 0.8975759953718232
9.1 35896.689776 0.8977597655328472
9.12 35896.99710666666 0.8975961471164042
9.14 35897.042023999995 0.8972741968550237
9.16 35897.37573866667 0.8973791386324331
9.18 35897.610856 0.8972521686028293
9.2 35897.33242133333 0.8970660141719526
9.22 35897.799320000006 0.8970200103957298
9.24 35897.788786666664 0.8971269917738199
9.26 35897.934872 0.8972133266563321
9.28 35898.29129333333 0.8971500056966435
9.3 35898.699706666666 0.8971009290277299
9.32 35898.676696 0.8972123119933275
9.34 35898.71641066667 0.8972298925397927
9.36 35898.788856 0.8974309004082747
9.38 35898.826296 0.8972469485789023
9.4 35898.881658666665 0.8973825223366645
9.42 35899.068666666666 0.8977031403557693
9.44 35899.379592 0.898018825831653
9.46 35899.56264533334 0.8976958217518946
9.48 35899.79455466667 0.8977919832995309
9.5 35899.85624533333 0.8982751889741826
9.52 35899.805709333334 0.8982173518955697
9.54 35899.635312 0.8982538918772383
9.56 35900.011944 0.8981587207278399
9.58 35899.94320533333 0.8982239216330337
9.6 35899.680629333336 0.8984016893967204
9.62 35899.33533066667 0.8985307254566376
9.64 35899.58872 0.8981831384043399
9.66 35899.516304000004 0.8981243735498528
9.68 35899.54791733333 0.8982558675465678
9.7 35899.72754666667 0.8982574921944734
9.72 35900.229080000005 0.8984763962338579
9.74 35900.323077333334 0.8983899371328254
9.76 35900.474074666665 0.8981711195904427
9.78 35900.399704 0.8982052071355014
9.8 35900.857458666665 0.8984446921298218
9.82 35900.876893333334 0.8983326176889156
9.84 35900.77874933333 0.8980715505657161
9.86 35900.91444 0.898166524493131
9.88 35901.239799999996 0.8980360961701412
9.9 35901.736458666666 0.8979694844352486
9.92 35901.73030133333 0.8977901795177616
9.94 35901.602568 0.8979335379965558
9.96 35901.772114666666 0.8978952523216884
9.98 35901.87658133333 0.8977649853115981
10.0 35901.74607733333 0.8980409934918893
10.02 35901.79400533333 0.8978539170945186
10.04 35901.755090666666 0.8975894149015526
10.06 35902.167088 0.8976333999674072
10.08 35902.030194666666 0.8973497584664899
10.1 35902.396989333334 0.8972981239147112
10.12 35902.72685333333 0.8977567420789585
10.14 35902.86037066666 0.8980063281858145
10.16 35902.89716 0.898039450834627
10.18 35903.465832 0.8979413581216094
10.2 35903.385624 0.8979211885354331
10.22 35903.52451733333 0.8978298310622002
10.24 35903.698552 0.8980789286867796
10.26 35903.63170133333 0.8978863626102033
10.28 35903.590672000006 0.8977742541418309
10.3 35903.35903466667 0.8977764924445543
10.32 35903.51624533333 0.8978260446253289
10.34 35903.368045333336 0.8979793114136281
10.36 35903.24517066666 0.897969304825608
10.38 35903.83584 0.8977783043097887
10.4 35904.05019466666 0.8977458854594335
10.42 35903.876319999996 0.8977436228950479
10.44 35903.6286 0.8979426225443082
10.46 35903.59722133333 0.8979763887715135
10.48 35903.95346933333 0.8977986900669683
10.5 35904.14480533333 0.8979127045015483
10.52 35903.970336 0.8979319548920758
10.54 35904.44853066667 0.897712734209174
10.56 35904.449416 0.8977110803277331
10.58 35904.55022133334 0.8977645082811113
10.6 35904.612863999995 0.8977258219508454
10.62 35904.79469066667 0.897537126768884
10.64 35905.30481866667 0.8975318095431081
10.66 35905.505117333334 0.8973228860308647
10.68 35905.556056 0.8973560459247909
10.7 35905.55079466666 0.8972924656790089
10.72 35906.009871999995 0.8974808527920995
10.74 35906.209989333336 0.8975369398937181
10.76 35906.288408 0.8973646722436017
10.78 35906.235856 0.8972772786450406
10.8 35906.290837333334 0.8970403028996516
10.82 35906.29781333333 0.8970172108499844
10.84 35906.52485066667 0.8968106650307621
10.86 35906.62842666666 0.896788793809515
10.88 35906.486597333336 0.8968086309018055
10.9 35906.40695466667 0.8967488834844786
10.92 35906.46224266666 0.8967576547070224
10.94 35906.26395466667 0.896914605903692
10.96 35906.137085333336 0.896824433459805
10.98 35906.61654666667 0.8970775621807403
11.0 35906.96144 0.8970285266748244
11.02 35906.878229333335 0.896967753187997
11.04 35907.051223999995 0.8969156944891352
11.06 35906.688792 0.8970561352476746
11.08 35906.509298666664 0.8971346127236504
11.1 35906.833472 0.8971596707873705
11.12 35907.06388266667 0.8973124766743593
11.14 35906.963626666664 0.8972944812945248
11.16 35906.868407999995 0.8972377912131871
11.18 35906.619080000004 0.8970823966429204
11.2 35906.640210666665 0.8970773411506653
11.22 35906.719008 0.8969917890854964
11.24 35906.621128 0.8970716412259464
11.26 35906.39880266666 0.8972531520607017
11.28 35906.589426666666 0.8975574648110213
11.3 35906.77942133333 0.8976645183476633
11.32 35906.85673866667 0.8977058937809143
11.34 35907.431189333336 0.8980924271787022
11.36 35907.49512 0.8979635347872206
11.38 35907.821336 0.8980162330303162
11.4 35907.81810133334 0.8980365347247314
11.42 35907.8542 0.8978942371488546
11.44 35907.86185066667 0.8979133695829656
11.46 35907.95367733333 0.8978260088003212
11.48 35907.96387466667 0.8978585632771722
11.5 35908.28571733333 0.8979701332996618
11.52 35908.197199999995 0.8977061375362982
11.54 35907.99988266667 0.8977710061571186
11.56 35908.157368 0.8976986783656363
11.58 35907.95588266666 0.8972798937299745
11.6 35907.794096 0.8970958883850093
11.62 35907.83255466667 0.8973686161913208
11.64 35907.570146666665 0.8973321187043638
11.66 35907.51414666667 0.8973764680152756
11.68 35907.36216266667 0.8970994220813127
11.7 35907.637469333335 0.8973547722034624
11.72 35907.69890933333 0.8973992479853944
11.74 35907.62636266666 0.897496088845279
11.76 35907.73500266667 0.8971711819839966
11.78 35908.276498666666 0.89697788414153
11.8 35907.96976 0.8967518154513192
11.82 35908.05324533333 0.8965967136566223
11.84 35908.179328 0.8966996528707719
11.86 35908.60203733333 0.897225724240136
11.88 35908.858944 0.897263577161285
11.9 35909.05619466667 0.8972487733793852
11.92 35909.26387733333 0.8972468654157368
11.94 35909.467829333335 0.8972586162165274
11.96 35909.50193333333 0.8972467201899068
11.98 35908.92913866667 0.8974992359112085
12.0 35909.22584 0.8974747179134281
12.02 35909.392544 0.8976461724356971
12.04 35909.18316266667 0.8976150138644637
12.06 35909.25038133333 0.8974764463174939
12.08 35909.37965333334 0.8974249432398598
12.1 35909.396 0.8973699218307283
12.12 35909.326658666665 0.8973999715874101
12.14 35909.49485866667 0.8978893373434517
12.16 35909.304904000004 0.8978267088866019
12.18 35909.32173066666 0.8975839045588259
12.2 35909.428 0.897734819410717
12.22 35909.39888533333 0.8976520715065058
12.24 35909.44931733333 0.8982046873700965
12.26 35909.74195733333 0.8981626267226491
12.28 35910.118341333335 0.8983052582381117
12.3 35910.029392 0.898559433385723
12.32 35910.21430933333 0.8985495457333748
12.34 35910.15613066667 0.8985390232671511
12.36 35910.06032266667 0.8983841600328137
12.38 35910.089783999996 0.89850193182056
12.4 35910.01346933334 0.8984067858739476
12.42 35909.60309333334 0.8982184330755952
12.44 35909.64337333333 0.8982935644806926
12.46 35909.626906666665 0.8981642348922564
12.48 35909.98904 0.8983241557732847
12.5 35910.17677866667 0.8983462958271866
12.52 35910.05348533333 0.8981535222698593
12.54 35910.25620533333 0.8980496575859176
12.56 35910.56101333333 0.8980857290250132
12.58 35910.71597333333 0.8983303680978421
12.6 35910.46268533333 0.8982279760788415
12.62 35910.447216 0.8983960376326294
12.64 35910.46628266667 0.8985446887271029
12.66 35910.44883733333 0.8984607588555952
12.68 35910.55102133333 0.8982095205441287
12.7 35911.062066666665 0.8980772000854904
12.72 35910.80696266667 0.8977464799356714
12.74 35910.707072000005 0.8978856256196311
12.76 35910.591173333334 0.8975770076119738
12.78 35910.565749333335 0.8975563461468047
12.8 35910.50069066667 0.8975311989844726
12.82 35910.188824 0.8971903033505352
12.84 35909.98671733333 0.8969713572235108
12.86 35909.78667466667 0.8967752133213299
12.88 35910.15797066667 0.896887235032234
12.9 35909.75740266667 0.8974781136461893
12.92 35909.80669333333 0.8974327799579378
12.94 35910.320402666664 0.8975573075569178
12.96 35910.19074666667 0.897712945996795
12.98 35910.281288 0.8978893894586671
13.0 35910.29119733333 0.897878723225683
13.02 35910.06527466667 0.8979451895202692
13.04 35910.191477333334 0.8978372816091739
13.06 35910.437450666665 0.8979122493358274
13.08 35910.545181333335 0.8980065698368429
13.1 35910.43365333333 0.8979801176001687
13.12 35910.41493333333 0.8978401460467187
13.14 35910.43077333333 0.897683194370582
13.16 35910.51684533333 0.8976899072567974
13.18 35910.695384 0.8977004025167313
13.2 35910.365077333336 0.8979154649073403
13.22 35910.16232533334 0.8975612513861709
13.24 35910.22836533333 0.8977343774051035
13.26 35910.11974933333 0.8975709576289934
13.28 35910.09434933333 0.8978753098555194
13.3 35910.23474933334 0.8976809895883193
13.32 35910.187066666665 0.8972546187421856
13.34 35910.346399999995 0.8971685135999184
13.36 35909.92244 0.8972494242133858
13.38 35910.04078933333 0.8973356690525468
13.4 35910.03236533333 0.8973019197072601
13.42 35909.50348 0.8975949822393702
13.44 35909.433392 0.8975461065842684
13.46 35909.714717333336 0.8973427825153187
13.48 35909.343530666665 0.8973307627246614
13.5 35909.367264 0.8972261412570381
13.52 35909.35562933334 0.8972997472213226
13.54 35909.58976 0.8972666838466754
13.56 35909.99536266667 0.8975250640703961
13.58 35910.117335999996 0.8976452598740361
13.6 35910.17617866666 0.8976835340172066
13.62 35910.335018666665 0.8975625112242775
13.64 35910.320181333336 0.8974522137254437
13.66 35910.831504 0.8976607381194944
13.68 35910.851802666664 0.8977595200728057
13.7 35910.826816 0.897518785008418
13.72 35910.64986666667 0.8974341951128062
13.74 35910.87342933333 0.8973893614700783
13.76 35910.930135999995 0.8974136018518275
13.78 35911.16976533334 0.8971115058874427
13.8 35911.336610666665 0.8969620972114731
13.82 35911.463213333336 0.8970015347159279
13.84 35911.57132266667 0.8971923560010762
13.86 35911.35949066667 0.8971297650569078
13.88 35911.311202666664 0.8974483882051896
13.9 35911.89023733334 0.8973590545454736
13.92 35911.940952000004 0.8975033879965882
13.94 35912.15961866667 0.8973969472197774
13.96 35912.529786666666 0.8974907434565951
13.98 35912.464951999995 0.8977674840950677
14.0 35912.274858666664 0.8977050342738929
14.02 35912.17938666667 0.8976554119533042
14.04 35911.774165333336 0.8977598355886328
14.06 35911.80623733334 0.8979277126564889
14.08 35911.688704 0.8978313467491303
14.1 35911.553349333335 0.8977026576119878
14.12 35911.60119466667 0.8975026194482809
14.14 35911.86176 0.8975791229382182
14.16 35911.64800266667 0.8973552326828773
14.18 35911.55493866667 0.8972265740226333
14.2 35911.76603466667 0.8975026104020469
14.22 35912.10071466667 0.8975490143815892
14.24 35912.02068 0.8975741734890629
14.26 35912.16054133333 0.8975892532597669
14.28 35911.922032 0.8976728230179304
14.3 35912.075295999995 0.8974046475431118
14.32 35911.728584 0.8973978415961557
14.34 35911.712224 0.8972857039996678
14.36 35911.488906666666 0.897199680604311
14.38 35911.49643466667 0.8973490338215001
14.4 35911.689824 0.8974125102436793
14.42 35911.86148266667 0.8972836557417367
14.44 35911.82670133333 0.8969081782812648
14.46 35911.60731466666 0.8971538041337864
14.48 35911.63370933333 0.897143130330472
14.5 35911.22873066667 0.8973326200426425
14.52 35911.130026666666 0.8975685056042304
14.54 35911.263992 0.8977031293544915
14.56 35911.048482666665 0.8976117921679829
14.58 35911.011688 0.8978451237712299
14.6 35911.11179733333 0.8978816104724302
14.62 35910.88599466666 0.8979079415696866
14.64 35911.215392 0.8978240512292204
14.66 35911.040354666664 0.8976343712888826
14.68 35910.88862133333 0.8976991455735065
14.7 35911.106568 0.8975305966239133
14.72 35910.95262133333 0.8977631753941591
14.74 35911.008536 0.8975862396968007
14.76 35910.81249066666 0.8975208297449867
14.78 35910.778922666665 0.8979326704612686
14.8 35910.86084533333 0.8982980564195534
14.82 35911.257712000006 0.8980553505432552
14.84 35911.329272 0.8978324612182829
14.86 35911.486544 0.897840015430329
14.88 35911.676576 0.8977331924462741
14.9 35911.66867466667 0.8976392520313072
14.92 35911.619456 0.8975755105418128
14.94 35911.685346666665 0.8977004692137436
14.96 35911.589072 0.8974894782973947
14.98 35911.636245333335 0.8975688644144227
15.0 35911.47856533334 0.8975891544773017
15.02 35911.582837333335 0.8976773136708409
15.04 35911.50576 0.8976544377383735
15.06 35911.764008 0.8974671607263999
15.08 35911.34845866667 0.8975608335885545
15.1 35911.683896 0.897895445626936
15.12 35911.592357333335 0.8980233212865263
15.14 35911.58148266666 0.8979048180611561
15.16 35911.466975999996 0.8981177048607453
15.18 35911.801056 0.8983140890748589
15.2 35912.15220533333 0.8982820101165346
15.22 35912.093874666665 0.8984493127061621
15.24 35912.11690666666 0.8982598559140689
15.26 35912.34725066667 0.8985441616336042
15.28 35912.08333866666 0.898533010429966
15.3 35912.458608 0.8987815739701195
15.32 35912.54175733333 0.8988106774019783
15.34 35912.43298666667 0.8987650312261223
15.36 35912.49035733333 0.8988136360506503
15.38 35912.206845333334 0.8988991111118646
15.4 35912.028285333334 0.8988318669418283
15.42 35912.04611733333 0.8986456343336271
15.44 35911.94263733333 0.8986622689028831
15.46 35911.75909066667 0.8987548378099892
15.48 35911.593976000004 0.8986622667823901
15.5 35911.45799466666 0.8981759826204663
15.52 35911.609306666665 0.8982849183655519
15.54 35911.66602133334 0.8982072646268857
15.56 35911.58157066666 0.8983592546990808
15.58 35911.49206933333 0.8983442652842698
15.6 35911.44164 0.8982822790887968
15.62 35911.30058133333 0.8982202286490722
15.64 35911.240504 0.8981937998013529
15.66 35911.36551733333 0.8983064760393221
15.68 35911.22922666666 0.8982143075200425
15.7 35911.108848 0.8981936693661747
15.72 35911.03108 0.8979926770937618
15.74 35910.974392000004 0.8981479388761491
15.76 35911.039154666665 0.8980556303108164
15.78 35911.0074 0.8979781744258274
15.8 35911.12549866666 0.8981135982569017
15.82 35911.367320000005 0.8984872910968956
15.84 35911.37973866667 0.8986226057334726
15.86 35911.34687466667 0.8984615369971081
15.88 35911.322455999994 0.8978637015644102
15.9 35911.02082933333 0.897866700753935
15.92 35910.823434666665 0.8977316924776368
15.94 35910.99490666667 0.8975103892753937
15.96 35911.11237066667 0.8975104711129628
15.98 35911.12979733333 0.8976494024960742
16.0 35910.983064 0.8978222884753926
16.02 35910.977752 0.8977582249713281
16.04 35910.826952 0.8980641971576825
16.06 35910.887104 0.8980533111024978
16.08 35910.81403733333 0.8981786338422942
16.1 35910.63556 0.8980125493560321
16.12 35910.4478 0.8980280386662828
16.14 35910.689741333335 0.8980689405102575
16.16 35910.564554666664 0.8979736630784461
16.18 35910.443858666666 0.8980203507735304
16.2 35909.913432 0.898049553566466
16.22 35910.054101333335 0.8980647690677702
16.24 35910.18810133333 0.898031892829597
16.26 35910.02195466666 0.8980051276722953
16.28 35909.987912 0.8978569242963261
16.3 35909.919122666666 0.8979751945602747
16.32 35909.84073066666 0.8978894982579052
16.34 35909.874296 0.8977059298152258
16.36 35909.964442666664 0.8974946554286821
16.38 35910.144360000006 0.8974148953045199
16.4 35910.01034133333 0.8974454499570572
16.42 35910.02884 0.8973561413809474
16.44 35910.224496 0.8975729493919204
16.46 35910.11579733333 0.8976088733559613
16.48 35910.11885333333 0.8976973618739322
16.5 35910.05318133334 0.8979031407522172
16.52 35909.93092266667 0.8979016916433833
16.54 35910.215189333336 0.8977595177590282
16.56 35910.43205066667 0.8977239178034813
16.58 35910.267768000005 0.8976641553019855
16.6 35910.09678666667 0.8978304197931314
16.62 35910.148336 0.8980294222354251
16.64 35910.417688 0.8979089713027526
16.66 35910.10533866666 0.8977772101123705
16.68 35910.17244533333 0.8975762032449456
16.7 35910.438749333334 0.8974513697043999
16.72 35910.35479733333 0.8975408983392171
16.74 35910.652776 0.8975256585958585
16.76 35911.18734133334 0.8974874883622774
16.78 35911.16082133333 0.8975057607884417
16.8 35911.332992 0.897567120744998
16.82 35911.28225066667 0.8974613455724291
16.84 35911.388496 0.8973971220529031
16.86 35911.547448 0.8975530128396648
16.88 35911.65368 0.897361247057238
16.9 35911.83268266667 0.8975831405560252
16.92 35911.89086133333 0.8975219159341575
16.94 35912.136528 0.8977127934928681
16.96 35911.99193066667 0.8975559386164219
16.98 35912.245632000006 0.8973712430634606
17.0 35912.10006133333 0.897351993783978
17.02 35911.786682666665 0.8975779857369812
17.04 35911.92166933333 0.8977474918352027
17.06 35911.825053333334 0.8976630174624746
17.08 35911.92185866667 0.8973576993782778
17.1 35911.99488 0.8973432803034174
17.12 35912.192952 0.8973895557702084
17.14 35912.15948 0.8976463129252704
17.16 35912.52664 0.8977915165331593
17.18 35913.064392 0.8977970858442199
17.2 35913.119472000006 0.8978900879894167
17.22 35912.90673066667 0.897421463836549
17.24 35912.427306666665 0.8974068605791199
17.26 35912.48969333334 0.8974396266945907
17.28 35912.74659466666 0.8977536379971545
17.3 35912.68444533333 0.8977442785029394
17.32 35912.68580266667 0.8975557837195383
17.34 35912.514336 0.8978595041298898
17.36 35912.280256 0.897799378751904
17.38 35911.607744 0.8979017405955443
17.4 35911.493173333336 0.8976297869906471
17.42 35911.309056 0.8979191498890747
17.44 35911.568416 0.8978596766082817
17.46 35911.50086666667 0.898183951623253
17.48 35911.148208 0.8980478820301964
17.5 35911.12383733333 0.8978383437517663
17.52 35910.99296 0.8978411162700369
17.54 35910.862557333334 0.8979428623532935
17.56 35910.90395733333 0.8979271559102986
17.58 35910.747026666664 0.8981880420765064
17.6 35910.816333333336 0.8980191162477712
17.62 35910.79015466667 0.8979253034260217
17.64 35910.696568 0.8978026666502242
17.66 35910.82130933333 0.8978573003807461
17.68 35910.92737600001 0.8977911153788789
17.7 35910.830405333334 0.8981000400652129
17.72 35911.27037333333 0.8980908451961245
17.74 35911.242247999995 0.8982385444167907
17.76 35911.179141333334 0.8983785242213818
17.78 35911.135685333335 0.8983396685768681
17.8 35911.597144 0.8982238778822996
17.82 35911.49403733334 0.8978660214486031
17.84 35911.37101333334 0.8975424015359209
17.86 35911.217205333334 0.8974789471288868
17.88 35911.63934933333 0.8974663773051234
17.9 35911.683208 0.8978957784634245
17.92 35911.856181333336 0.8977604265997049
17.94 35912.05696533334 0.8975924992413775
17.96 35912.120704 0.8976807285473092
17.98 35912.461208 0.8976083406164632
18.0 35912.21235466667 0.8974809566697607
18.02 35912.38909333333 0.8976449870717953
18.04 35912.50512266667 0.8976255036558692
18.06 35912.80062933333 0.8977286942897422
18.08 35912.700434666665 0.8977243467213473
18.1 35912.44548266666 0.8978028938154885
18.12 35912.254232 0.8975860649367027
18.14 35912.27173333333 0.8975529304775298
18.16 35912.597200000004 0.8973093480585544
18.18 35912.552778666664 0.8972663922114871
18.2 35912.69248533333 0.897286005509962
18.22 35912.95505066667 0.8974410163931342
18.24 35913.03073866667 0.8977071984167557
18.26 35913.22037333333 0.8975790112988052
18.28 35912.560736 0.8973073256085055
18.3 35912.521032000004 0.8974499775409734
18.32 35912.673448 0.8973734261986304
18.34 35913.026437333334 0.8972458033247935
18.36 35912.98550933333 0.897168063557683
18.38 35913.21681866667 0.8970415260725892
18.4 35912.892512 0.8970541633727105
18.42 35912.68481333333 0.8968774206636665
18.44 35912.63437866667 0.8966853696280598
18.46 35912.882536000005 0.8966834600378818
18.48 35913.04611733333 0.8967764752162738
18.5 35912.715376 0.8967073636667882
18.52 35912.82449333333 0.8969960960633673
18.54 35912.89750666667 0.8972008463358732
18.56 35913.212578666666 0.8973088402690016
18.58 35913.461536 0.8974636535869172
18.6 35913.23574133334 0.8977454210072388
18.62 35913.41101066666 0.897848940773874
18.64 35913.65699466667 0.8978239382993716
18.66 35913.556528 0.8976133209469616
18.68 35913.71212 0.8977087599292375
18.7 35913.682989333334 0.8979545760509948
18.72 35913.85182933333 0.8980946062786452
18.74 35913.63975466667 0.8980082749005924
18.76 35913.848496000006 0.8983545533170179
18.78 35913.99646133333 0.8984964497065655
18.8 35913.68065333333 0.8982076858477694
18.82 35913.53603466667 0.8981429874049289
18.84 35913.24921333333 0.8980283203293147
18.86 35913.339072 0.8977460057294893
18.88 35913.33405333333 0.8975767028669169
18.9 35913.15597866666 0.8975867106931761
18.92 35913.301058666664 0.8976241921577067
18.94 35913.61693333334 0.8977835978325661
18.96 35913.51198933333 0.8977711348888435
18.98 35913.362336000006 0.8978320238376273
19.0 35913.39397333333 0.8978844907411045
19.02 35913.411728 0.8979581165367609
19.04 35913.29527733333 0.8978667629999737
19.06 35912.946304 0.8980296379456358
19.08 35912.71386133334 0.897891653531212
19.1 35912.387648 0.8980958149904744
19.12 35912.68898133333 0.8976476568762768
19.14 35912.727408 0.8977819663393198
19.16 35912.72353066667 0.8979925470664515
19.18 35912.561632 0.897926124537426
19.2 35912.42153066667 0.897899749269488
19.22 35912.28410666667 0.8978602377369594
19.24 35912.37181333333 0.8978233206143068
19.26 35912.527941333334 0.8978081947211837
19.28 35912.38228 0.8977156507937513
19.3 35912.64281333333 0.8975980295439612
19.32 35912.516168 0.8975885183421511
19.34 35912.45862666667 0.8975503085011187
19.36 35912.519583999994 0.8975393155460837
19.38 35912.32726666666 0.8974529712872534
19.4 35912.413437333336 0.8972609135551991
19.42 35912.584850666666 0.8973675392888059
19.44 35912.448408 0.8971855258614362
19.46 35912.72572 0.8972216868046872
19.48 35912.867272 0.8971532820035194
19.5 35912.735634666664 0.8970848452672278
19.52 35912.86643466666 0.8973037989136521
19.54 35912.85042933333 0.8970490997332475
19.56 35912.65814666667 0.8971338583304946
19.58 35912.27068 0.8971405172765002
19.6 35912.040773333334 0.8971586156800297
19.62 35912.006402666666 0.8972761432473177
19.64 35911.70334933333 0.8972225885475988
19.66 35911.650338666666 0.8974602664753761
19.68 35911.67011466667 0.8972471905183594
19.7 35911.103768 0.8972145095433333
19.72 35911.31095466667 0.8970759693193961
19.74 35911.40141066667 0.8969190888657672
19.76 35911.480176 0.8967428335563388
19.78 35911.174975999995 0.8967431595539349
19.8 35911.03062133333 0.8969839395004987
19.82 35911.39413866667 0.8972170648459382
19.84 35911.384322666665 0.8979377818170762
19.86 35911.45433333333 0.8980846890484142
19.88 35911.190048000004 0.8982056041792552
19.9 35911.0352 0.898284283789265
19.92 35910.846432 0.8983787850698854
19.94 35910.739477333336 0.8982323755897668
19.96 35910.52778933334 0.8982886170905731
19.98 35910.27504266666 0.8984717756516192
20.0 35910.105152000004 0.8984733440248536
20.02 35910.179015999995 0.8981933607572279
20.04 35910.301362666665 0.8980779802513121
20.06 35910.593528 0.8979012210695809
20.08 35910.83433866667 0.8980095655078022
20.1 35910.82458933334 0.8978923554469147
20.12 35911.04811466667 0.898040145071709
20.14 35911.612466666666 0.8981210125440194
20.16 35911.138194666666 0.8983462055248946
20.18 35911.44868 0.8982247943300274
20.2 35911.376168 0.8981980237001286
20.22 35911.280208 0.8985442537469915
20.24 35911.273389333335 0.8982212293443251
20.26 35911.53301866667 0.8982015335753555
20.28 35911.73047733333 0.8984087332584073
20.3 35912.16970133333 0.8981592747120043
20.32 35911.93076533333 0.8978549093619075
20.34 35911.863536000004 0.8978609831408652
20.36 35911.911152 0.8979519077147227
20.38 35911.939136 0.8977726344496147
20.4 35912.363104000004 0.8976064944486966
20.42 35912.283200000005 0.897794369184929
20.44 35912.23068533333 0.8975886372155971
20.46 35912.158592 0.8977844725194839
20.48 35911.98104 0.8979604301620631
20.5 35912.19329333333 0.8978262408569107
20.52 35911.954642666664 0.8978763529856222
20.54 35911.74462666667 0.897885898909884
20.56 35911.72344533334 0.8977075099035936
20.58 35911.82854933334 0.8976466324155691
20.6 35911.88610933333 0.8979113404347727
20.62 35912.14209866666 0.8977642533683121
20.64 35912.21706933333 0.8978089846343432
20.66 35911.902896 0.8977742780976598
20.68 35912.11734933333 0.897966802719321
20.7 35912.412882666664 0.8978034708023752
20.72 35912.40074133333 0.8975179103135793
20.74 35912.73925333333 0.8974316890631813
20.76 35912.90641066666 0.8976767110672517
20.78 35912.95322133333 0.8978834581671316
20.8 35912.958346666666 0.8976505570245014
20.82 35913.146672 0.8974859050994616
20.84 35913.05344533333 0.8975158224381927
20.86 35913.05236266667 0.8975698190447459
20.88 35913.10601066667 0.8975786680938169
20.9 35913.07396266666 0.8976147235943044
20.92 35913.146581333334 0.8975133169199415
20.94 35913.044608 0.8974758174160078
20.96 35912.92887733334 0.8971864970365726
20.98 35913.03468533333 0.8972607316987876
21.0 35912.916258666664 0.8973397043511261
21.02 35912.74338666667 0.8976170674870473
21.04 35912.46574666667 0.8974602004949709
21.06 35912.22666666667 0.8973170190503305
21.08 35912.30113066667 0.8973443189905592
21.1 35912.21946666666 0.8976291235727896
21.12 35912.18052533333 0.8975004312617969
21.14 35912.411426666666 0.8975650865892857
21.16 35912.28907466667 0.8976571201423242
21.18 35912.327322666664 0.8977781199207737
21.2 35912.51228533333 0.8977201884647069
21.22 35912.38346133333 0.8979684382608792
21.24 35912.313773333335 0.8978089831211497
21.26 35912.254776 0.8979780700498323
21.28 35912.213832 0.8977055338004559
21.3 35912.377152 0.897826692314292
21.32 35912.51385866667 0.8977380443258939
21.34 35912.816208000004 0.897971079528197
21.36 35912.96714933333 0.8981259091777692
21.38 35913.03619466667 0.8978871747583919
21.4 35912.949082666666 0.8977669985815484
21.42 35912.944738666665 0.8977008295694915
21.44 35912.611072 0.8974604410345653
21.46 35912.52105333333 0.8971835162465476
21.48 35912.573919999995 0.8969123770283903
21.5 35912.52214666667 0.8972308716597308
21.52 35912.82985066667 0.8969940602401989
21.54 35913.0834 0.8968610124042392
21.56 35913.111805333334 0.8969383303342893
21.58 35912.90461866667 0.8969171604598041
21.6 35912.70255733334 0.896851146330776
21.62 35912.693216 0.8968489444426616
21.64 35913.02078666666 0.8969685308138579
21.66 35912.662224 0.8972927293022879
21.68 35912.47981333334 0.8972678875670084
21.7 35912.48017333333 0.8973168623593311
21.72 35912.414194666664 0.897076183776281
21.74 35912.50741866667 0.8967458792881675
21.76 35912.68456 0.8966783359085455
21.78 35912.47381066666 0.8965493481474345
21.8 35912.367410666666 0.8967395827498328
21.82 35912.293615999995 0.8968768155633748
21.84 35912.34633866667 0.8970351740743959
21.86 35912.387336 0.8972858241759653
21.88 35912.21945866667 0.8975716529250154
21.9 35912.404272 0.8971791876831888
21.92 35912.29416533333 0.8975528275680742
21.94 35912.265312 0.8975485757520565
21.96 35912.593237333334 0.8974511860826376
21.98 35912.38510133333 0.897389225163363
22.0 35912.12310133333 0.8973225249670126
22.02 35912.1914 0.8973043382992502
22.04 35912.366752 0.8973962227115065
22.06 35912.226832 0.8974571093460347
22.08 35912.11387466667 0.897507359973929
22.1 35912.22494933334 0.8977715578955462
22.12 35912.12145333333 0.8978975687117906
22.14 35911.891178666665 0.8979917228743199
22.16 35911.875909333336 0.8979967334910701
22.18 35911.41021866667 0.8982941421270435
22.2 35911.10349066666 0.8984406121413345
22.22 35910.67412533333 0.8985609601480296
22.24 35910.30094933334 0.8982669506205426
22.26 35910.02335466667 0.8981811873431079
22.28 35910.33748533334 0.898275982381196
22.3 35910.428936 0.8983990999320267
22.32 35910.590664 0.8983324457457206
22.34 35910.67101333333 0.8982660358931429
22.36 35910.80965333333 0.8983541549468491
22.38 35911.050896 0.8984866719810971
22.4 35911.49103733333 0.8989609708959371
22.42 35911.670770666664 0.898865720747656
22.44 35911.707224 0.898597184619254
22.46 35911.80161333333 0.8985445432693719
22.48 35911.56953066667 0.898498610923139
22.5 35911.262253333334 0.8983345480250496
22.52 35911.442343999996 0.8981629963757711
22.54 35911.377720000004 0.8980787600884796
22.56 35911.20871733333 0.8978951174739813
22.58 35911.02826133333 0.897917690685198
22.6 35911.195426666665 0.8980156833061146
22.62 35911.26913066667 0.8980859585116848
22.64 35911.411770666666 0.8979854424229979
22.66 35911.67118666667 0.8978902255720517
22.68 35911.61890666667 0.897979786813886
22.7 35911.812328 0.8978352360980915
22.72 35912.054328 0.89802042131782
22.74 35912.03600533333 0.8978393118114257
22.76 35911.972032 0.8979946739991995
22.78 35912.038133333335 0.8979868705396298
22.8 35912.056248 0.8980985826641135
22.82 35912.23250133333 0.8981761847166322
22.84 35912.25589066667 0.8982757468809227
22.86 35912.61593866667 0.8981783201554269
22.88 35912.31438933333 0.8981826530186354
22.9 35912.592336 0.8980397141585663
22.92 35912.68963466666 0.8976230992086561
22.94 35912.919581333335 0.8976348615375558
22.96 35912.979016 0.8972990681608668
22.98 35912.77676266667 0.8972982211689192
23.0 35913.013552000004 0.8973187769035484
23.02 35913.083503999995 0.8973367706907673
23.04 35913.101687999995 0.8975758055984029
23.06 35913.21599733333 0.8973632786917114
23.08 35912.419429333335 0.8973968478879913
23.1 35912.43262933333 0.8971835713343107
23.12 35912.547706666664 0.8970997736201655
23.14 35912.72608266667 0.8972638609493889
23.16 35912.75454933333 0.8970902257491847
23.18 35912.86772 0.8968866993444922
23.2 35912.903624 0.8969516374519926
23.22 35912.90286666667 0.8968918162919117
23.24 35912.964146666665 0.8969151898520186
23.26 35912.78852533334 0.8968774655508905
23.28 35912.95248266666 0.8970099146682846
23.3 35912.92678933333 0.8972456905689492
23.32 35912.787778666665 0.897403462222503
23.34 35912.56633866667 0.8973460985022468
23.36 35912.577981333336 0.8970692661377522
23.38 35912.48464 0.897389279839653
23.4 35912.522434666666 0.8972164992006141
23.42 35912.544850666665 0.8974023234494138
23.44 35912.08214666667 0.8972554918837542
23.46 35911.82340533333 0.8972407549267745
23.48 35911.824680000005 0.8973224530568872
23.5 35911.596304 0.8972622322107918
23.52 35911.76514666667 0.8973172348736135
23.54 35911.823048000006 0.8974597943548063
23.56 35911.847144 0.8974758578755809
23.58 35911.549208 0.8972228612109157
23.6 35911.47170133333 0.8974160893543202
23.62 35911.192010666666 0.8972007626347472
23.64 35911.086482666666 0.8974051953253506
23.66 35911.49408800001 0.8978154968825971
23.68 35911.351848000006 0.8980842935268231
23.7 35911.38223466667 0.8978053801653525
23.72 35911.319154666664 0.8975819030380239
23.74 35911.59557066667 0.8976752789134124
23.76 35911.077999999994 0.8976212230062188
23.78 35910.984802666666 0.8978638213391624
23.8 35911.13969066666 0.8981634796332184
23.82 35911.451832 0.8980771787635846
23.84 35911.47143733333 0.8978223471210119
23.86 35911.309184 0.897788747860525
23.88 35911.518421333334 0.8978131522252771
23.9 35911.61391466667 0.8980051921949063
23.92 35911.540903999994 0.8981234076337314
23.94 35911.391216 0.8981094789638315
23.96 35911.50843733334 0.898338923449738
23.98 35911.33266933334 0.898433399853163
24.0 35911.119392 0.8983991698839684
24.02 35910.91108 0.8980153275432935
24.04 35910.924112 0.8981207571758343
24.06 35911.088458666665 0.8982258771660576
24.08 35911.140424 0.897972089170034
24.1 35911.654354666665 0.8979032093185039
24.12 35912.059064 0.8979267936799599
24.14 35912.30352533334 0.8977780497120181
24.16 35911.93528533333 0.897889011875094
24.18 35911.771197333335 0.8976685655377522
24.2 35911.62343199999 0.8975900573863906
24.22 35911.630399999995 0.897685704429517
24.24 35911.535959999994 0.8974493113934021
24.26 35911.377285333336 0.8971555684727225
24.28 35911.219472 0.8971950257153755
24.3 35911.43679466667 0.8971041586740227
24.32 35911.630613333335 0.8973117236729405
24.34 35911.838752 0.8972850767060377
24.36 35912.174992 0.8976881657728463
24.38 35912.17010933334 0.8977333929436379
24.4 35912.87920266666 0.897717023591017
24.42 35913.048634666666 0.8976756352286156
24.44 35912.72930133333 0.8976334167540204
24.46 35912.54780266667 0.8977745169132078
24.48 35912.42747733333 0.8978800643533236
24.5 35912.52202133334 0.8978314815080882
24.52 35912.83625066667 0.8975980024777235
24.54 35913.033504000006 0.8978257178771493
24.56 35913.17508 0.8979527308241048
24.58 35913.31600266667 0.8980728332302255
24.6 35913.43084266667 0.8980649518965423
24.62 35913.24789333333 0.8980058408993917
24.64 35913.057885333335 0.898206864112889
24.66 35912.85632266667 0.8978130063244462
24.68 35912.983448 0.8977660652325966
24.7 35913.13333866667 0.8976691147922181
24.72 35912.80511466667 0.8977044247094316
24.74 35912.811045333336 0.8975012114825552
24.76 35912.58517066667 0.8973561679368709
24.78 35912.56811199999 0.897442563920905
24.8 35912.411928 0.8975221079466373
24.82 35912.51093333333 0.8976349377640673
24.84 35912.60030933333 0.8977297431333101
24.86 35912.456765333336 0.8978735921739356
24.88 35912.30076 0.8978360678156552
24.9 35912.12673333334 0.8978585836870406
24.92 35911.85185333333 0.8976806948368483
24.94 35911.92636 0.8975974679433996
24.96 35912.16674933334 0.8974505296928545
24.98 35912.12661866666 0.8976335826878031
25.0 35912.134464 0.8973837517655394
25.02 35912.087824 0.8975027616467521
25.04 35912.430688 0.8972062644261212
25.06 35912.49216533333 0.897316455750404
25.08 35912.54010666667 0.8975788744060821
25.1 35912.326792 0.8976555342806521
25.12 35912.19098666667 0.8975291341028322
25.14 35912.40204 0.8976160896016272
25.16 35912.800208 0.8977268195214494
25.18 35912.69837866667 0.8973061661385366
25.2 35912.78002933333 0.8970807278567803
25.22 35912.647280000005 0.8971885768616787
25.24 35912.48125333333 0.8973399403777774
25.26 35912.807711999994 0.8972813472128031
25.28 35912.663237333334 0.8975689548644807
25.3 35912.56956 0.8974106234756294
25.32 35912.427136 0.8972833055943399
25.34 35912.42493333333 0.8972446779748039
25.36 35912.62228266666 0.8970907572851373
25.38 35912.548704 0.8973334852119187
25.4 35912.45903466667 0.897686007908553
25.42 35912.52464 0.8976536325903863
25.44 35912.621119999996 0.8976513128976329
25.46 35912.91265866667 0.8974172069957934
25.48 35913.02139466666 0.8973843008214162
25.5 35913.16266666667 0.8973160209981395
25.52 35913.089109333334 0.8973216160301763
25.54 35913.02973066666 0.8974335258526638
25.56 35913.27285866666 0.8972526065994785
25.58 35913.29064 0.8973381460757183
25.6 35913.351775999996 0.8970944255764198
25.62 35913.485816 0.8970638797697696
25.64 35913.330432 0.8973481516192189
25.66 35913.152744 0.8976245126370603
25.68 35913.31178933333 0.8978862405951752
25.7 35913.370255999995 0.8978446798159843
25.72 35913.11178133333 0.8977319387334923
25.74 35913.011536 0.897893251622463
25.76 35912.796744 0.8977516579320567
25.78 35912.865706666664 0.8974451746254194
25.8 35912.863562666666 0.897502436961868
25.82 35912.75394933333 0.8975025296863485
25.84 35913.095016 0.8973678504702396
25.86 35913.103967999996 0.8970324135880581
25.88 35913.29391733333 0.8971268493774797
25.9 35913.37961066667 0.8972448105946804
25.92 35913.385208 0.8972703100438854
25.94 35913.21911466667 0.8972486989961659
25.96 35913.250392 0.8970947548915302
25.98 35913.154656 0.8971206632810603
26.0 35913.391864 0.8973424249707194
26.02 35913.44893866667 0.8972511799465088
26.04 35913.135938666666 0.8973758573238686
26.06 35913.315136000005 0.8974669477886208
26.08 35913.145970666665 0.8973622086895022
26.1 35913.296341333335 0.8975344015023481
26.12 35913.137213333335 0.8975559814649228
26.14 35913.27920266667 0.8974939886876983
26.16 35913.34512533333 0.8975245312214898
26.18 35913.33603733333 0.8975088646843106
26.2 35913.327538666665 0.8974807346705383
26.22 35913.15103466666 0.8973007518287207
26.24 35913.09608 0.8972885632253339
26.26 35913.05371466667 0.8975281252488626
26.28 35912.96913333333 0.8976940845734314
26.3 35913.14552 0.8975815234071877
26.32 35913.267949333334 0.8976917688340883
26.34 35913.07390933333 0.8975410431914485
26.36 35912.479834666665 0.8976335986010714
26.38 35912.73753866667 0.8978080131044744
26.4 35913.16826133334 0.8979907692771727
26.42 35913.219602666664 0.8979386924558274
26.44 35913.293095999994 0.8978203134675571
26.46 35913.299888 0.8975005470013958
26.48 35913.44770133334 0.8975240335661381
26.5 35913.28823466667 0.8974921008147692
26.52 35913.064666666665 0.8975108408833011
26.54 35913.176592 0.8975343559272547
26.56 35913.541293333335 0.8976732004140212
26.58 35913.5784 0.897586286786688
26.6 35913.520512 0.8974944078829279
26.62 35913.71434933333 0.8974470299141044
26.64 35913.85232533333 0.8976995131288357
26.66 35913.612645333335 0.8975719349201877
26.68 35913.623752 0.897469514306833
26.7 35913.62355733334 0.8973830842807724
26.72 35913.694312 0.8974953473032249
26.74 35913.348562666666 0.8975900067502677
26.76 35913.154786666666 0.8976633397618553
26.78 35913.197389333334 0.8976040342049361
26.8 35913.29790400001 0.8978534555360462
26.82 35913.577410666665 0.8979850332027735
26.84 35913.405696 0.8981399987170564
26.86 35913.32875466667 0.8980494700126131
26.88 35913.307199999996 0.8981021187822004
26.9 35913.68884 0.8982452986858188
26.92 35913.70639466666 0.898459095454035
26.94 35913.56420533333 0.8984517593352834
26.96 35913.349341333334 0.8986134695843613
26.98 35913.463229333334 0.8985044112191972
27.0 35913.471808 0.8981903841947112
27.02 35913.57748266667 0.898015815856647
27.04 35913.369008 0.8982198117393642
27.06 35913.328536 0.8983771819153389
27.08 35913.530005333334 0.8983652785307812
27.1 35913.185192000004 0.8982619486428344
27.12 35913.46442133334 0.8981096234834718
27.14 35913.55107466667 0.898066903335011
27.16 35913.31933866667 0.8983397553320188
27.18 35913.446522666665 0.8985354970513876
27.2 35913.58543466667 0.8982204698282484
27.22 35913.61010400001 0.89787183301413
27.24 35913.71319733333 0.8978173426461703
27.26 35913.686469333334 0.8977127858494169
27.28 35913.885200000004 0.8974608322476307
27.3 35913.67986933333 0.8975224954841338
27.32 35913.26015733334 0.8975228458462852
27.34 35913.56540533333 0.8973988910782397
27.36 35913.69371199999 0.8976283905992536
27.38 35913.643621333336 0.8976026429020456
27.4 35913.68181333333 0.8977143279441967
27.42 35913.817872 0.8979622237207181
27.44 35913.96276266666 0.897915931508698
27.46 35913.70451733333 0.8977817586121554
27.48 35913.57818133333 0.8978074710866523
27.5 35913.56528266666 0.8979041413640375
27.52 35913.73657066666 0.897747433794032
27.54 35913.92144533333 0.8974445916652664
27.56 35913.67049066667 0.8976714265214402
27.58 35913.811448 0.8975767174323663
27.6 35913.422536 0.8973582407073056
27.62 35913.325408 0.8974365147406327
27.64 35913.271274666666 0.8976361527294522
27.66 35913.497 0.8975593289274274
27.68 35913.70268533334 0.8975369145554709
27.7 35914.09257066666 0.8973927161980096
27.72 35913.85085333334 0.897620429845636
27.74 35913.73217333334 0.8977583129815944
27.76 35913.81583733333 0.8975971525272
27.78 35913.752512 0.8971293979847647
27.8 35913.65763466667 0.8967652516465062
27.82 35913.37401866667 0.8969408445634584
27.84 35913.32922133333 0.8972712929533582
27.86 35913.13276533333 0.8973200631158835
27.88 35913.026690666666 0.8974205885902511
27.9 35912.924752 0.8972539221609526
27.92 35912.810269333335 0.8972221670687285
27.94 35912.88603466666 0.8973885723063748
27.96 35912.908493333336 0.8968409889621158
27.98 35913.002488 0.8971778575663926
28.0 35912.98728 0.8975840934446623
28.02 35912.43614666667 0.8973696062503129
28.04 35912.38900533333 0.8973778710016266
28.06 35912.28675466667 0.8973705324547908
28.08 35912.08543466666 0.8970018511387694
28.1 35912.48923466667 0.8967926778481942
28.12 35912.53853333333 0.8968311089881373
28.14 35912.377069333335 0.8969890426175239
28.16 35912.377904 0.8971390867820519
28.18 35912.19652533333 0.8971213592206865
28.2 35912.63846666667 0.8970905328769592
28.22 35912.754536 0.8972276562549725
28.24 35912.88153866667 0.8975002905145061
28.26 35912.967458666666 0.8972465544233206
28.28 35912.727648 0.8974124188219034
28.3 35912.68972533333 0.8975495621330914
28.32 35912.45154933333 0.897630552325341
28.34 35912.59574133333 0.8977794335019165
28.36 35912.618967999995 0.8978071317352259
28.38 35912.663136 0.898022096110944
28.4 35912.50628266667 0.8980127480542541
28.42 35912.66632533334 0.8977916083503399
28.44 35913.10558133334 0.8978411469607278
28.46 35913.436402666666 0.8977666273173817
28.48 35913.53261333333 0.8974891828789071
28.5 35913.737477333336 0.8973780521884078
28.52 35913.74886133333 0.8976308752809764
28.54 35913.77205066667 0.8977385438546405
28.56 35914.35733333333 0.8976837180476893
28.58 35914.22754933333 0.8979782320025177
28.6 35914.141242666665 0.8977939534664325
28.62 35913.904824 0.8976029759700823
28.64 35913.86697333334 0.8976321946166154
28.66 35914.05342933333 0.8974574785060225
28.68 35914.218024 0.8973469486004018
28.7 35914.101800000004 0.8973384466985399
28.72 35914.066408 0.8971333088655292
28.74 35914.190378666666 0.897023597444626
28.76 35914.549554666664 0.8970584216363723
28.78 35914.520248 0.8970653330077143
28.8 35914.385704 0.8971052997802009
28.82 35914.501048000006 0.8972710199259368
28.84 35914.159653333336 0.8971983513138512
28.86 35913.90129333333 0.8973108230007285
28.88 35914.03926133333 0.8971713070805046
28.9 35914.16335733333 0.8973828420730107
28.92 35914.514808 0.8974522806037536
28.94 35914.17896533334 0.8972843579463297
28.96 35914.23410666667 0.8973595473611609
28.98 35913.99412266667 0.8972246257194824
29.0 35913.783848 0.8973286129431407
29.02 35913.97026933333 0.8973683150651659
29.04 35914.33839466667 0.8972268770747666
29.06 35914.135528 0.8977140508661058
29.08 35914.22538933333 0.8976498308687181
29.1 35914.37075733334 0.897486540952829
29.12 35914.24338666667 0.8973013108424487
29.14 35914.036303999994 0.8975599273947908
29.16 35914.34588266667 0.8974963021054273
29.18 35914.20594666667 0.8974311245663722
29.2 35914.16168533333 0.8978433013301423
29.22 35914.38776533333 0.8975291620440208
29.24 35914.132536000005 0.8975827176174584
29.26 35914.012096 0.8975266442241157
29.28 35914.046709333335 0.8973013773492678
29.3 35914.236421333335 0.8973433959430325
29.32 35914.06405066667 0.8973839889371525
29.34 35914.156839999996 0.897465026692942
29.36 35914.22916533334 0.8973963053871321
29.38 35914.194458666665 0.8974107438346383
29.4 35914.164912 0.8972927028987538
29.42 35913.96782133333 0.8974967449932973
29.44 35913.50614666667 0.8979707167451167
29.46 35913.54886133334 0.8979531943886613
29.48 35913.829784 0.8979308726525705
29.5 35913.66327733333 0.8980755057907595
29.52 35913.825104 0.8982823363989041
29.54 35913.97485333333 0.8980174877464182
29.56 35913.80030933334 0.8981082045548591
29.58 35913.93746666667 0.8983917748543752
29.6 35913.88866933333 0.8984023697854531
29.62 35914.051584 0.8985005381310277
29.64 35914.099941333334 0.8984655928917455
29.66 35913.88327466667 0.8980871077592665
29.68 35913.673954666665 0.8985001727501118
29.7 35913.60395733333 0.8985604855093453
29.72 35913.22021066667 0.8983801066783504
29.74 35913.163312000004 0.8984926709782971
29.76 35912.83082133334 0.8982453636781756
29.78 35912.78108266667 0.8982433308487474
29.8 35912.56028266667 0.8984443595939996
29.82 35912.50128533333 0.8984019803261943
29.84 35912.599837333335 0.8989098778419283
29.86 35912.45448 0.898737938673638
29.88 35912.576536 0.8986864992426506
29.9 35912.587872000004 0.8987235639439418
29.92 35912.09813866667 0.8986251645210488
29.94 35912.174568 0.8984654024814114
29.96 35911.938232 0.8985614337083067
