0.0 185702.523736 0.24387737532580822
0.02 183700.76653733334 0.2447684007504838
0.04 181777.02215733333 0.24552092764112304
0.06 179927.95618133334 0.2461233150273133
0.08 178150.34601466666 0.24661241309334636
0.1 176441.21284133333 0.24710370351641933
0.12 174797.62558266666 0.24749196509080393
0.14 173216.70362 0.24803053830881566
0.16 171695.89416266666 0.2483716327677817
0.18 170232.62089333334 0.24872977512068994
0.2 168824.561472 0.24902297400408396
0.22 167469.374896 0.2492320443521534
0.24 166165.09778399998 0.24937979220022505
0.26 164909.40107466665 0.24960190900919504
0.28 163700.27819866667 0.24984007795072102
0.3 162536.15338266667 0.2499809031597974
0.32 161415.10616133333 0.2500598808669374
0.34 160335.32875066667 0.2501188838279502
0.36 159295.11809066666 0.2501933911130084
0.38 158293.161712 0.25024753710436143
0.4 157327.66756 0.250312067776782
0.42 156397.48510266666 0.2503607903925207
0.44 155501.075448 0.25050461590915807
0.46 154637.21069866666 0.25053216416899865
0.48 153804.580824 0.2505760244734128
0.5 153002.00042 0.25064961417651577
0.52 152228.210572 0.2507081170693062
0.54 151482.18023866665 0.25086444443635003
0.56 150762.823764 0.2508798160861098
0.58 150069.16860933334 0.2509122881339505
0.6 149400.217012 0.2509847528622949
0.62 148755.05854533333 0.2509833734604669
0.64 148132.84139466664 0.25104787579603866
0.66 147532.50977866666 0.2510199538685129
0.68 146953.43835333333 0.25112281014197985
0.7 146394.75663466664 0.2511105934282385
0.72 145855.71307866665 0.25114875864191555
0.74 145335.58144933335 0.25126529951326754
0.76 144833.67797066667 0.25123070310606066
0.78 144349.40520933334 0.25130162211370194
0.8 143882.10245066666 0.2513098584490759
0.82 143430.98049733334 0.2512210508133403
0.84 142995.62247466666 0.2512112406726991
0.86 142575.26833066667 0.2511743885178501
0.88 142169.5427986667 0.25121439827908126
0.9 141777.82634666667 0.25117056686378725
0.92 141399.69939199998 0.25124675196042806
0.94 141034.67105066666 0.2513052497008239
0.96 140682.15119866666 0.2513719131670153
0.98 140341.68779466668 0.2513746264087493
1.0 140012.951352 0.25140887631872455
1.02 139695.419088 0.2514988021676873
1.04 139388.85387866665 0.25156580507187853
1.06 139092.76188933334 0.25158472659582176
1.08 138806.71289999998 0.2517041627652536
1.1 138530.420332 0.25173447146200667
1.12 138263.487568 0.2517374377168736
1.14 138005.66056133335 0.25168713097465617
1.16 137756.54912666668 0.2515933553129738
1.18 137515.8326786667 0.2516440471978707
1.2 137283.30510133333 0.251717451032768
1.22 137058.544616 0.2518523969240441
1.24 136841.35916133336 0.25194239001839325
1.26 136631.59693866665 0.2519991364033926
1.28 136428.83180266665 0.2520159181930905
1.3 136232.890124 0.2519859485262749
1.32 136043.38023866666 0.25197610958425654
1.34 135860.31046 0.25208236384607874
1.36 135683.37611866667 0.2520762901811652
1.38 135512.304536 0.2520277697542352
1.4 135347.02842666666 0.25195687002101963
1.42 135187.19089466665 0.25194652929155015
1.44 135032.62520933332 0.2520293973766691
1.46 134883.31397333334 0.2520934296239741
1.48 134738.910504 0.2520931011241626
1.5 134599.26230666664 0.25218804644820747
1.52 134464.166008 0.2522611689912834
1.54 134333.56208133334 0.25234584911238506
1.56 134207.33621600003 0.25228977847001305
1.58 134085.18173466664 0.2522830062867271
1.6 133967.08043466666 0.2523066418965797
1.62 133852.96129866666 0.25242317285620713
1.64 133742.47074666666 0.25245536789299655
1.66 133635.55548533332 0.2524100129577385
1.68 133532.23433466666 0.2525104454418649
1.7 133432.19229466666 0.2525213672316739
1.72 133335.52123466667 0.25259764896275827
1.74 133242.01708666666 0.25264296308576945
1.76 133151.41742399998 0.2526216681254032
1.78 133063.91022666666 0.2525652371577672
1.8 132979.28491866667 0.2525264953976512
1.82 132897.38788400003 0.25246237965581825
1.84 132818.11472800002 0.2525276146986391
1.86 132741.32978533334 0.25247931633425647
1.88 132667.085292 0.25247493901637547
1.9 132595.13487066666 0.25245011261327965
1.92 132525.58725733333 0.2525098853664828
1.94 132458.21046266667 0.25251464042776955
1.96 132392.96567466663 0.25255809358747205
1.98 132329.89364933333 0.25253023040983924
2.0 132268.79112266668 0.252573147459789
2.02 132209.62876133333 0.2525924511952166
2.04 132152.35035733331 0.25265967854878363
2.06 132096.94907466666 0.2527078343459881
2.08 132043.35480933334 0.2526600836812682
2.1 131991.43188133335 0.25268882965780365
2.12 131941.18587333334 0.2528051392914043
2.14 131892.46915466664 0.25283275169917674
2.16 131845.354244 0.25281164090021047
2.18 131799.73781333334 0.2528016065233968
2.2 131755.400072 0.25278163041206086
2.22 131712.44293333334 0.2527494191172388
2.24 131670.93602533336 0.25273147864056444
2.26 131630.6858386667 0.25284301233069395
2.28 131591.6639573333 0.2527796850018894
2.3 131553.988188 0.25276641637087494
2.32 131517.48127066667 0.25269388896359496
2.34 131481.99939066666 0.2526013551178363
2.36 131447.76508666668 0.25259357741749433
2.38 131414.47367466666 0.25259536055386833
2.4 131382.28937866667 0.25267699065155474
2.42 131351.01974666666 0.2527442293392389
2.44 131320.82018133334 0.2528206728335726
2.46 131291.56766666667 0.2528597260662543
2.48 131263.2081986667 0.2529554357334389
2.5 131235.63253866666 0.2530066774919992
2.52 131208.90175466667 0.25296666115801525
2.54 131183.10157333332 0.2529616292136353
2.56 131157.99353866666 0.2529423056014055
2.58 131133.698216 0.25280363748656365
2.6 131110.1290613333 0.2528628994506038
2.62 131087.3093866667 0.2528619785065167
2.64 131065.23949733331 0.25285837858749916
2.66 131043.71166133333 0.2527697897243968
2.68 131022.9207 0.25270174109392174
2.7 131002.81718266668 0.2527300824175591
2.72 130983.31099066667 0.25277894000340473
2.74 130964.35682 0.25277366895122355
2.76 130945.87015866667 0.2527933444090972
2.78 130928.00834133333 0.25275424873103824
2.8 130910.60829733334 0.2528362776302064
2.82 130893.871768 0.25289427449982066
2.84 130877.58195866668 0.25289442629353825
2.86 130861.68861466668 0.2529439095074969
2.88 130846.35426266666 0.25282659551498304
2.9 130831.49795866667 0.2528298528481264
2.92 130817.11847999999 0.25292411205347887
2.94 130803.03297066665 0.2529328426446903
2.96 130789.385936 0.2529849270325496
2.98 130776.13166666665 0.25305212389647
3.0 130763.28601066666 0.25308509453809297
3.02 130750.912648 0.25306389338477625
3.04 130738.904736 0.2530738603846372
3.06 130727.24391466667 0.2530548100848481
3.08 130715.78693066667 0.25315378450767556
3.1 130704.79982133335 0.25320236580224226
3.12 130694.00483866666 0.2532089568408329
3.14 130683.51296800001 0.25325197947999756
3.16 130673.32327866668 0.253302225034391
3.18 130663.43536133332 0.25318149312698784
3.2 130653.93972 0.253117049701024
3.22 130644.71223333332 0.2531082438737602
3.24 130635.59464533333 0.253130079370012
3.26 130626.835068 0.2531867885761294
3.28 130618.41964000001 0.25316644181762643
3.3 130610.176172 0.25308918962997046
3.32 130602.24194666665 0.25318928456216344
3.34 130594.52759866667 0.2531813449806763
3.36 130586.84987466667 0.25312814742411904
3.38 130579.508464 0.2530870418434343
3.4 130572.31496266666 0.25315189989607023
3.42 130565.39138266668 0.2532296651759585
3.44 130558.676392 0.2532397782462937
3.46 130552.14802666666 0.25323717938378043
3.48 130545.70232933335 0.2531546996937418
3.5 130539.46364 0.2531569200589067
3.52 130533.42978533333 0.25312455024171715
3.54 130527.607292 0.2530768454111071
3.56 130521.78376533333 0.2531404503933932
3.58 130516.20106133333 0.2531800865202714
3.6 130510.71694000001 0.2532050478837208
3.62 130505.45303333332 0.2531997067748002
3.64 130500.38636533334 0.253199950248992
3.66 130495.389628 0.25326084927809184
3.68 130490.67423066667 0.2532190779161312
3.7 130485.97928 0.253184340965465
3.72 130481.32842800001 0.25311667093975604
3.74 130476.85592 0.2531861178295337
3.76 130472.57572666666 0.2532331297452699
3.78 130468.360364 0.25318126337964897
3.8 130464.37537600001 0.25324791995326107
3.82 130460.39133466668 0.2532451017057343
3.84 130456.48420666666 0.2532376248741258
3.86 130452.79729066668 0.25323075841812925
3.88 130449.128272 0.2533181048904864
3.9 130445.71878133333 0.2532953841038541
3.92 130442.25603466667 0.25336441070243004
3.94 130438.868124 0.2534217265903037
3.96 130435.52125733334 0.2534305502226534
3.98 130432.31197600001 0.2534259472478249
4.0 130429.12581866668 0.25347179479776055
4.02 130426.04769466666 0.2533910691445197
4.04 130423.00216933334 0.2533833304531927
4.06 130420.12179466666 0.25345698268280303
4.08 130417.27804800001 0.253475654392583
4.1 130414.63960400001 0.25353604175978833
4.12 130411.91461333333 0.2536098807287772
4.14 130409.18384533333 0.25358674585095836
4.16 130406.65573733335 0.25351796204851046
4.18 130404.17738000001 0.25344109597579767
4.2 130401.80406400001 0.25353309199664037
4.22 130399.42724933333 0.2535406633315886
4.24 130397.07794 0.25355799875239765
4.26 130394.82332666666 0.253599093120238
4.28 130392.66044 0.25363029590231634
4.3 130390.60601866667 0.25369979656097175
4.32 130388.41233733334 0.2536403792595005
4.34 130386.29911733334 0.25360638438236915
4.36 130384.281916 0.2535680857393252
4.38 130382.39210933333 0.2535681273206273
4.4 130380.48981466667 0.2535301203415236
4.42 130378.67176533333 0.25354220441239156
4.44 130376.86401733334 0.25350630516700917
4.46 130375.09741733334 0.25351163906110885
4.48 130373.36155866667 0.2534380920256067
4.5 130371.67516 0.25341426781052834
4.52 130369.974596 0.2534777159770834
4.54 130368.58598533334 0.25355483460426026
4.56 130367.046252 0.25354009446976034
4.58 130365.69837599999 0.2535296575461468
4.6 130364.31832533333 0.2534933204516301
4.62 130362.77248666665 0.25342346351844747
4.64 130361.28025333333 0.25336126941191617
4.66 130359.91698666668 0.2533335932925905
4.68 130358.55127333335 0.2533108364477882
4.7 130357.18782533333 0.25339215229215306
4.72 130355.92733733333 0.2533535752428306
4.74 130354.65969733335 0.25328570636285663
4.76 130353.51846666666 0.2532217379464631
4.78 130352.41155066666 0.25317245547511247
4.8 130351.36840800001 0.25316346340954543
4.82 130350.35898133334 0.25312681603735165
4.84 130349.2715013333 0.2531516380908598
4.86 130348.172852 0.2531556735885374
4.88 130347.18475066667 0.25321180042855634
4.9 130346.07436666667 0.25328176683353626
4.92 130345.16559466666 0.2531961340474333
4.94 130344.11344533335 0.2531886714121217
4.96 130343.1633 0.2531978892255976
4.98 130342.20973466667 0.2532606230711404
5.0 130341.30648266667 0.25328860421938043
5.02 130340.41380533334 0.25333572917395986
5.04 130339.52256933332 0.2532979078666517
5.06 130338.68306000001 0.25331218679996276
5.08 130337.82216933335 0.25334388193942975
5.1 130336.96949866667 0.2532397589453013
5.12 130336.17395466668 0.2531599592352011
5.14 130335.45288533333 0.2530988784537617
5.16 130334.57214 0.25316682340465313
5.18 130333.904608 0.2530696858600013
5.2 130333.21453333335 0.25298077292515486
5.22 130332.56657466668 0.2529368015880055
5.24 130331.93537999998 0.25293392249189783
5.26 130331.29901733334 0.25283419164379833
5.28 130330.76016266667 0.2529251679587528
5.3 130330.17091466667 0.25294857266905857
5.32 130329.53723066667 0.253037643564653
5.34 130329.03127066666 0.2530626682114532
5.36 130328.41528933334 0.25317291543243114
5.38 130327.774288 0.25324418207067323
5.4 130327.27240400002 0.2532445779795544
5.42 130326.57898533333 0.25320704839696756
5.44 130326.06668533332 0.2532352756840338
5.46 130325.46082000001 0.2532717770869349
5.48 130324.837512 0.25324347215080484
5.5 130324.36947733334 0.25332943558252047
5.52 130323.95764933332 0.2533724284654409
5.54 130323.42934266667 0.2532238710679456
5.56 130322.967296 0.2532287241833674
5.58 130322.45683600001 0.2532079143804183
5.6 130321.99726933334 0.2532014332345705
5.62 130321.37900666666 0.2532446984003561
5.64 130320.96076533334 0.25330327059245406
5.66 130320.49921466666 0.25337520981046424
5.68 130320.01880533333 0.25340358116209105
5.7 130319.6483 0.25335192929686523
5.72 130319.20317599998 0.2533920786899179
5.74 130318.73374133334 0.2533115255306154
5.76 130318.34273466666 0.2533581574436802
5.78 130317.87721733334 0.2533482320674639
5.8 130317.59611733333 0.25335119213272006
5.82 130317.19533199999 0.2532831971394026
5.84 130316.86290133333 0.2532051798496353
5.86 130316.494148 0.25320898238006145
5.88 130316.106044 0.2532757087815464
5.9 130315.75690533333 0.25346699837000747
5.92 130315.449556 0.25342354832884784
5.94 130315.08449333333 0.25344583460124737
5.96 130314.67377066668 0.253372264089904
5.98 130314.40294 0.2533760205583326
6.0 130314.04761866666 0.25338122506303806
6.02 130313.70756533334 0.2534325077083349
6.04 130313.358156 0.25354890230014654
6.06 130313.10774400001 0.25359707086854105
6.08 130312.81313333334 0.25356397018210336
6.1 130312.486468 0.25354727624904355
6.12 130312.204428 0.25351547671718455
6.14 130311.94454933333 0.2535663061583779
6.16 130311.75884933333 0.2535405406033384
6.18 130311.51254933335 0.2534702590477658
6.2 130311.33168 0.2533782976053522
6.22 130310.977376 0.253403316174864
6.24 130310.690308 0.2534757973111332
6.26 130310.47054133334 0.25342252493411926
6.28 130310.04172666665 0.25341165184607056
6.3 130309.895608 0.25345411991364447
6.32 130309.61171066665 0.25345011376104293
6.34 130309.39326000001 0.2535607926641329
6.36 130309.182128 0.2534616886875922
6.38 130308.95738799998 0.2534344803774191
6.4 130308.78424933334 0.25341357500813205
6.42 130308.56772933333 0.2534451621046564
6.44 130308.433876 0.2534248740870679
6.46 130308.35755066667 0.2533885852834677
6.48 130308.11298533334 0.2533916556645325
6.5 130307.96879066667 0.2533099230629584
6.52 130307.70305466666 0.2532514870690466
6.54 130307.53754399999 0.25319498013953057
6.56 130307.40323066668 0.2532430931932725
6.58 130307.30459866667 0.25323712450568914
6.6 130307.14768666666 0.2531813327091267
6.62 130306.99744266667 0.2531964353308619
6.64 130306.96972266669 0.2533580242347847
6.66 130306.771136 0.2532813824007267
6.68 130306.55912399999 0.25329574383160036
6.7 130306.352052 0.2533731512475176
6.72 130306.21777066668 0.2533793254935205
6.74 130306.03153466669 0.2533731550258593
6.76 130305.75811466668 0.25334724615785925
6.78 130305.61313466668 0.25325660798545774
6.8 130305.37708266666 0.25331258931120204
6.82 130305.332624 0.25325609170084806
6.84 130305.25107866665 0.2532623052372229
6.86 130305.11241866667 0.2531932426243324
6.88 130304.94270266667 0.2532529694826877
6.9 130304.83845466666 0.25328134880292796
6.92 130304.67633333332 0.2533278661771596
6.94 130304.53594133332 0.253295746703738
6.96 130304.39256400001 0.253317734041807
6.98 130304.32099733334 0.2533669269387216
7.0 130304.18364266666 0.2533375924665822
7.02 130304.10004533333 0.2532754390304236
7.04 130303.97838399999 0.25322515477055874
7.06 130303.83662399999 0.2532172088533697
7.08 130303.731564 0.25319107893871745
7.1 130303.61797866666 0.2531656030665372
7.12 130303.43310533333 0.25317999951990716
7.14 130303.45997866665 0.2530759942514053
7.16 130303.35933333334 0.253048485858515
7.18 130303.24954266667 0.25305523436277816
7.2 130303.094528 0.25317722002605786
7.22 130302.87667466668 0.25328616299711104
7.24 130302.790644 0.25331253444350493
7.26 130302.68393466667 0.25330253051992385
7.28 130302.53846799998 0.2533990264036003
7.3 130302.56220933332 0.25333781291858165
7.32 130302.58931733333 0.2532824604782235
7.34 130302.45192666666 0.25319121665794314
7.36 130302.34562666666 0.25320163642780585
7.38 130302.26484133334 0.25326194807207153
7.4 130302.21605866666 0.25330789700665424
7.42 130302.06102666666 0.25329139425263825
7.44 130301.96086666666 0.2533398725455278
7.46 130301.753696 0.25335907132156027
7.48 130301.60103333331 0.2532674052220948
7.5 130301.50945066666 0.25327754331707514
7.52 130301.33372266666 0.2533359135741422
7.54 130301.32506533334 0.2534188573833193
7.56 130301.25440800001 0.25340059808892806
7.58 130300.99805999998 0.25334993847518394
7.6 130300.93015199999 0.25337985493094195
7.62 130300.78337733331 0.25330899531381096
7.64 130300.82284400001 0.2533491338665502
7.66 130300.70010666666 0.25329925511791995
7.68 130300.66239066666 0.25329724247448193
7.7 130300.68604933334 0.25328589290470765
7.72 130300.67204133334 0.25322805651511904
7.74 130300.48082533332 0.25314467548518266
7.76 130300.387788 0.2531048917049981
7.78 130300.46012533334 0.2531014390273139
7.8 130300.41864933333 0.2530869734814755
7.82 130300.28506133333 0.2531158072558126
7.84 130300.19598133334 0.2530328498382995
7.86 130300.22728533333 0.25296753407020833
7.88 130300.19017733331 0.25303662312758224
7.9 130300.08561600001 0.25306043126932787
7.92 130300.04967733333 0.2529601438317414
7.94 130300.06435199999 0.25296702423715073
7.96 130299.83058266668 0.25288659441056416
7.98 130299.85118 0.25296421571488253
8.0 130299.788036 0.25309342512808614
8.02 130299.67164533335 0.2529725746764343
8.04 130299.62873066666 0.2529771190364295
8.06 130299.56680933334 0.2529625899417888
8.08 130299.57017866666 0.2529970979727126
8.1 130299.62106666666 0.25320621564412876
8.12 130299.55258000002 0.25327589806086276
8.14 130299.44951733334 0.25329019062396363
8.16 130299.468792 0.2532512857388568
8.18 130299.53395333333 0.2532820218309091
8.2 130299.48813733333 0.253291131700686
8.22 130299.53934000002 0.2532761345351201
8.24 130299.437236 0.2532274432460409
8.26 130299.50028533334 0.2532073886938458
8.28 130299.44626133333 0.2532640341851769
8.3 130299.38134133333 0.2533435642395157
8.32 130299.29954266666 0.2533402640958022
8.34 130299.18836933334 0.2533067334743559
8.36 130299.14038133333 0.2533213336668004
8.38 130299.02849466665 0.2533016247925735
8.4 130299.02980133335 0.2533394161444043
8.42 130298.87582 0.25339035298848445
8.44 130298.805448 0.2533589263218917
8.46 130298.83609866665 0.25324412665443624
8.48 130298.78677199999 0.2531904490850068
8.5 130298.81960133332 0.25321996006966413
8.52 130298.74654 0.25318975127451027
8.54 130298.79278133332 0.25316571460627113
8.56 130298.79464133333 0.253136231931113
8.58 130298.71444000001 0.25316147668294314
8.6 130298.58905066666 0.2532812649077705
8.62 130298.40624133334 0.25324018186346664
8.64 130298.38661999999 0.25327633567113506
8.66 130298.37948 0.25328523888286547
8.68 130298.30712933333 0.25334520157740475
8.7 130298.373872 0.25335635196096973
8.72 130298.32774 0.25325813995358853
8.74 130298.28017866667 0.2532910274851411
8.76 130298.23205999998 0.25335328929311174
8.78 130298.24437333332 0.2533434908987818
8.8 130298.21987066665 0.2533703208992252
8.82 130298.31140666667 0.2533671949138976
8.84 130298.34606933332 0.25339879831937895
8.86 130298.30661599999 0.2533360125313606
8.88 130298.371152 0.25332950160008866
8.9 130298.342844 0.2532646571346518
8.92 130298.25997333333 0.25322484659626676
8.94 130298.208568 0.2530864586197714
8.96 130298.08423066666 0.2530168710708351
8.98 130298.01445066667 0.2530018815127474
9.0 130298.01602666665 0.252989057390426
9.02 130298.12340000001 0.2529201554758362
9.04 130297.92973999999 0.2529893967426827
9.06 130297.80402133333 0.25307133312781027
9.08 130297.82093999999 0.25304269832185006
9.1 130297.65713333334 0.25299689293008787
9.12 130297.67546666667 0.25295981853422334
9.14 130297.67054666666 0.2529907230395432
9.16 130297.65145599999 0.2530113625386728
9.18 130297.660296 0.2531080676905378
9.2 130297.63719866666 0.25313179694633653
9.22 130297.551028 0.2530954174108932
9.24 130297.52594933334 0.25315471589732186
9.26 130297.54493466667 0.25319899728841283
9.28 130297.624676 0.253230637171247
9.3 130297.65799333333 0.25320779513258423
9.32 130297.67676533331 0.2533093376741956
9.34 130297.67847333333 0.25328998971853833
9.36 130297.73354 0.25318136351480286
9.38 130297.72562666665 0.25308273144237564
9.4 130297.68156533333 0.2531081043091218
9.42 130297.65944399999 0.2531207689243016
9.44 130297.59050666666 0.25318100320457576
9.46 130297.55427066667 0.25325928924583313
9.48 130297.433792 0.253330774416645
9.5 130297.60950666669 0.25336130919949784
9.52 130297.61204400001 0.25329104150946835
9.54 130297.54162933334 0.2533347327109745
9.56 130297.51219066669 0.25325035837969806
9.58 130297.58340666666 0.25328775786413027
9.6 130297.46290266665 0.2533141664689719
9.62 130297.52915866667 0.25331365289741514
9.64 130297.580564 0.2533234805675172
9.66 130297.51102533334 0.25335074017430054
9.68 130297.506016 0.25329417343553706
9.7 130297.50104266667 0.253181130742632
9.72 130297.604812 0.2531024071055438
9.74 130297.5568186667 0.2531236217808363
9.76 130297.542168 0.2531363206737372
9.78 130297.44200000001 0.2531664006465624
9.8 130297.50930266667 0.25316208175979055
9.82 130297.404212 0.25310576252517775
9.84 130297.48204266667 0.2530839646422158
9.86 130297.47122533331 0.2531245098611401
9.88 130297.47394533333 0.25325465573274075
9.9 130297.43711066668 0.2533117897065983
9.92 130297.35574933334 0.25334472466124847
9.94 130297.35311466665 0.25336862459820997
9.96 130297.33560933334 0.2533397098305994
9.98 130297.298672 0.25331384312911537
10.0 130297.32675466669 0.25327500956416227
10.02 130297.39215599999 0.25339452961061376
10.04 130297.40216000001 0.25343335465063266
10.06 130297.305196 0.2533851092337454
10.08 130297.28418266668 0.253315858326648
10.1 130297.21262933333 0.2532433602420726
10.12 130297.27945866667 0.2532449302218773
10.14 130297.34237733332 0.2532734149371106
10.16 130297.327048 0.25320555752114887
10.18 130297.39429733335 0.253243329153065
10.2 130297.50140666668 0.2532056918561608
10.22 130297.40076399999 0.2532067236451373
10.24 130297.325996 0.2531129807759656
10.26 130297.37369066666 0.2531554350435114
10.28 130297.34999466667 0.2532163337104388
10.3 130297.36412133335 0.253200742955294
10.32 130297.45015733334 0.2531788669066806
10.34 130297.48191066665 0.2531485573228213
10.36 130297.51212266667 0.25313751402503337
10.38 130297.49794266668 0.25312149023805214
10.4 130297.44530133334 0.25312509117963844
10.42 130297.41918666667 0.2530717110976065
10.44 130297.36843333332 0.2530832564116141
10.46 130297.34160666665 0.25307642330620506
10.48 130297.27576266667 0.2530971915730402
10.5 130297.22850666667 0.25312655677363893
10.52 130297.25699066666 0.25314491958550495
10.54 130297.33206533332 0.25308963741991336
10.56 130297.31448933334 0.25310684203006584
10.58 130297.21454266665 0.253140351135388
10.6 130297.29014666667 0.2531683429505247
10.62 130297.256528 0.2532215943525863
10.64 130297.199712 0.25323188787516193
10.66 130297.21758933333 0.2532845158502779
10.68 130297.14664133333 0.2532685619031062
10.7 130297.21212133333 0.2533041034685878
10.72 130297.20943466666 0.25334097684700535
10.74 130297.234712 0.25335118090867215
10.76 130297.18199066666 0.2534316536488483
10.78 130297.19564800001 0.25339303016366727
10.8 130297.23340266666 0.25324010412912373
10.82 130297.15886533333 0.2532644174886956
10.84 130297.10094666666 0.25336493663671916
10.86 130297.03478266665 0.2534059863208633
10.88 130296.92334533331 0.25345606826980943
10.9 130296.89046133334 0.2534802310957632
10.92 130296.91233733333 0.25345434107212844
10.94 130296.99629466666 0.25348838506556504
10.96 130296.95543333335 0.2535574759814619
10.98 130296.99036 0.25354601096874096
11.0 130297.00492933333 0.2536268535484622
11.02 130297.00384533333 0.2536515322461752
11.04 130296.86457599999 0.2536838495809322
11.06 130296.866752 0.25360060037253856
11.08 130296.89552666666 0.253639234248326
11.1 130296.88227066667 0.2536238535181581
11.12 130296.89764933335 0.25353062970858625
11.14 130296.91138533334 0.2535820449219345
11.16 130296.85346000001 0.2535803331795811
11.18 130296.92175333334 0.2535924105930444
11.2 130296.871648 0.25359994164066835
11.22 130296.78542266667 0.2536702949633009
11.24 130296.84817733333 0.25369795411219886
11.26 130296.96706133334 0.2536105993007339
11.28 130297.01949066666 0.2536164008547202
11.3 130296.99502266666 0.2535428431864132
11.32 130296.82575733334 0.25349855846901287
11.34 130296.75812 0.2535498448266338
11.36 130296.857764 0.2534530942136431
11.38 130296.89289333334 0.25343565911787147
11.4 130296.73827066665 0.2533441943764722
11.42 130296.74271333331 0.2532967990519366
11.44 130296.69296800002 0.2532766916370087
11.46 130296.72634266666 0.2533121995105052
11.48 130296.82689466665 0.25327497863120707
11.5 130296.75258266667 0.2532071471376345
11.52 130296.7734 0.25320208840371355
11.54 130296.80120266667 0.25326294823472656
11.56 130296.88264933332 0.25327230369431586
11.58 130296.85030533334 0.25326605691965215
11.6 130296.88358666669 0.25328101147428805
11.62 130296.83936533332 0.2532301665862888
11.64 130296.73536266666 0.25325333501572334
11.66 130296.71018 0.2531983323281112
11.68 130296.61248133333 0.25322384206058673
11.7 130296.59195599999 0.2532419657490019
11.72 130296.51695066666 0.2532095606400241
11.74 130296.38198 0.25323436059012633
11.76 130296.39223200001 0.2531993198300984
11.78 130296.37340933333 0.25313957908878965
11.8 130296.36315333334 0.25317656071925915
11.82 130296.378184 0.25318685865433627
11.84 130296.47476133333 0.25315923704138454
11.86 130296.49323733334 0.25324173583275467
11.88 130296.55275066667 0.253278599920259
11.9 130296.56577866669 0.2533261277530359
11.92 130296.59360800001 0.25330884592376757
11.94 130296.61369466668 0.25336431509242535
11.96 130296.696192 0.25330706607344583
11.98 130296.77695066665 0.25331975490605374
12.0 130296.71635999999 0.2533332348338278
12.02 130296.650816 0.2533476990097509
12.04 130296.58048133334 0.25333531935718556
12.06 130296.52668666665 0.2534380243820203
12.08 130296.50741333333 0.25338101589953604
12.1 130296.48886666668 0.2533689518419357
12.12 130296.53252666668 0.2532862418880672
12.14 130296.50533866667 0.2532962549785974
12.16 130296.40987466669 0.2533757966230386
12.18 130296.34988800001 0.25343124809525414
12.2 130296.33859866667 0.2533867314440308
12.22 130296.26382533333 0.25337922315648703
12.24 130296.26001866667 0.2533932041950336
12.26 130296.26189866665 0.2533999730720093
12.28 130296.246484 0.2534201158771023
12.3 130296.244516 0.2533969409671099
12.32 130296.40101866666 0.25341035147398033
12.34 130296.42294266669 0.2534366573591746
12.36 130296.45650266667 0.25340641664285146
12.38 130296.42721333333 0.2533360242833408
12.4 130296.39199200002 0.25327804938039805
12.42 130296.409308 0.2531482361405757
12.44 130296.29968933333 0.25308987046628206
12.46 130296.370308 0.2531004358396019
12.48 130296.38307733333 0.2531482979444376
12.5 130296.34990133333 0.25319870997751237
12.52 130296.23250933333 0.2531995511063475
12.54 130296.17265733333 0.25325225935826895
12.56 130296.22415066668 0.25332026860125406
12.58 130296.21163199999 0.25337612600752696
12.6 130296.33202933331 0.25355074652040865
12.62 130296.39120533335 0.25346976012923206
12.64 130296.52127733332 0.253439402699856
12.66 130296.59758266665 0.25337753621197123
12.68 130296.56055866668 0.2533092143274443
12.7 130296.65023733332 0.253304241878828
12.72 130296.663268 0.25332759629831864
12.74 130296.65646 0.2532990398275193
12.76 130296.54104533335 0.2532522802450624
12.78 130296.605708 0.25327023410895955
12.8 130296.659164 0.2532005871801041
12.82 130296.58870666666 0.2532046746518237
12.84 130296.59932133334 0.25324960967886695
12.86 130296.600796 0.253245478258196
12.88 130296.614688 0.25323035200081656
12.9 130296.62511333333 0.2532869004986218
12.92 130296.58461466667 0.25324388756826854
12.94 130296.61847866667 0.25334760451275407
12.96 130296.599236 0.25329167009505016
12.98 130296.62534533333 0.25333561822538914
13.0 130296.60912799998 0.25333254931858495
13.02 130296.59447333335 0.25328126330659884
13.04 130296.583092 0.25331259128427275
13.06 130296.69397866668 0.25325812094139266
13.08 130296.65852133335 0.25331637764525083
13.1 130296.62176266668 0.2533212772481216
13.12 130296.660692 0.253336684491243
13.14 130296.69647066666 0.25331966979508325
13.16 130296.77577333334 0.2533851899778386
13.18 130296.73266933333 0.2533716778486955
13.2 130296.82741466667 0.2532859650391831
13.22 130296.69581599999 0.2532497905469894
13.24 130296.67356533333 0.2533186515020521
13.26 130296.62955999999 0.2533432377894591
13.28 130296.63179333333 0.25328263475568713
13.3 130296.56526133334 0.25330046661331984
13.32 130296.625332 0.25327040120777683
13.34 130296.64990799999 0.2533438847304608
13.36 130296.58166666667 0.25336570054577906
13.38 130296.560236 0.25339246502782686
13.4 130296.48044666665 0.25343057737313984
13.42 130296.44585066666 0.25349270335742147
13.44 130296.34579600001 0.2535718962788701
13.46 130296.392024 0.25355523177784717
13.48 130296.38747066667 0.2535575219135716
13.5 130296.42024533333 0.25343726315482323
13.52 130296.34982933333 0.25344661932424384
13.54 130296.38962133334 0.25345175735270503
13.56 130296.335664 0.2534591586672548
13.58 130296.344596 0.2534221086575252
13.6 130296.446324 0.2534240246494621
13.62 130296.33275333334 0.25340899166249015
13.64 130296.41688533334 0.25332467992919555
13.66 130296.35794266667 0.2533534416285106
13.68 130296.31384133335 0.253376018938541
13.7 130296.24101066668 0.25343853192398197
13.72 130296.19851066667 0.2534487289965883
13.74 130296.23551333333 0.25342002531516555
13.76 130296.27740666666 0.25346085725111145
13.78 130296.272568 0.25352731235833187
13.8 130296.22056133332 0.253560263895995
13.82 130296.20430666665 0.2535442653791958
13.84 130296.17211733334 0.2534754420017172
13.86 130296.16657066668 0.25349550433751356
13.88 130296.13141599999 0.25351045858084925
13.9 130296.24412533332 0.25345131921930336
13.92 130296.22365599999 0.25344261150255365
13.94 130296.325472 0.25343448470663726
13.96 130296.238732 0.2534468398562404
13.98 130296.11689466666 0.2535147477441284
14.0 130296.10800799998 0.2534644803542474
14.02 130296.16664533332 0.2534559306230177
14.04 130296.15725333334 0.25344468822411603
14.06 130296.12056000001 0.25340992205181984
14.08 130296.05083866665 0.25338022576126135
14.1 130296.05285866666 0.25342382604351293
14.12 130296.08586933334 0.2533655380819392
14.14 130296.067996 0.253345475570195
14.16 130296.125556 0.2533055590599801
14.18 130296.11703333333 0.2532737374899562
14.2 130296.17026 0.25326201230746537
14.22 130296.198664 0.25331602896787925
14.24 130296.25938933334 0.25334960114876165
14.26 130296.27697333333 0.2533142591204181
14.28 130296.25477066667 0.2533571848783764
14.3 130296.22854133334 0.25328537058417233
14.32 130296.191152 0.25326057130509255
14.34 130296.158596 0.2532642944312091
14.36 130296.11336399999 0.25325525682003286
14.38 130296.14868933332 0.2532427704870667
14.4 130296.23325733334 0.25329397690513444
14.42 130296.17706133335 0.253259730828202
14.44 130296.30461333334 0.25319831030028767
14.46 130296.32618133334 0.25321202770240925
14.48 130296.34875733333 0.25329805675538797
14.5 130296.37163066666 0.2533015988936293
14.52 130296.37066933332 0.25328243524836846
14.54 130296.15291199999 0.2532431362922187
14.56 130296.26899466667 0.25329951419259855
14.58 130296.37352533333 0.253300188965722
14.6 130296.368912 0.25327065485118716
14.62 130296.30696133332 0.25326734301572806
14.64 130296.36070533333 0.253307350580295
14.66 130296.411516 0.253348948240585
14.68 130296.44193999999 0.2534355477974926
14.7 130296.43226933331 0.2533435422613737
14.72 130296.40398266668 0.2533820073118433
14.74 130296.279332 0.2534081708534783
14.76 130296.184192 0.2533270436932513
14.78 130296.18071733334 0.25339944077997045
14.8 130296.19652266667 0.2534746326370828
14.82 130296.17756533335 0.2534363517084613
14.84 130296.15395466666 0.25346284867485475
14.86 130296.19703866667 0.253507460512025
14.88 130296.204244 0.2535534728876036
14.9 130296.176568 0.25361706959694247
14.92 130296.16548933333 0.25363574382784426
14.94 130296.18795200001 0.2536510310179358
14.96 130296.14533600002 0.2536212802435037
14.98 130296.12652399999 0.2536216031081149
15.0 130296.181588 0.2536681638094976
15.02 130296.23763733331 0.2536718354388905
15.04 130296.29879333335 0.2536282283293625
15.06 130296.29568666668 0.25361061494985887
15.08 130296.30858000001 0.2535123935362625
15.1 130296.37541066666 0.25339030376461463
15.12 130296.362232 0.25337392193824626
15.14 130296.35560400001 0.25340286417168595
15.16 130296.392792 0.2533544232748993
15.18 130296.40801866665 0.2533540946389874
15.2 130296.41118666668 0.2534240016004348
15.22 130296.488068 0.25341718038619304
15.24 130296.426232 0.2532914429829101
15.26 130296.39920933335 0.2533740111565899
15.28 130296.34196933333 0.2534421579063335
15.3 130296.30774933333 0.25345392849416937
15.32 130296.28826 0.25353537007802696
15.34 130296.23739599998 0.2535908919119393
15.36 130296.30763866668 0.2534905352115405
15.38 130296.28943866666 0.2534408920851611
15.4 130296.157356 0.2534759261679901
15.42 130296.07345866665 0.253410528574228
15.44 130296.008444 0.2534282080251809
15.46 130296.04068666667 0.2534004952699303
15.48 130296.06700400001 0.25340823103393606
15.5 130295.99582133334 0.2534866693728822
15.52 130295.96889866667 0.2534906392117213
15.54 130295.910032 0.2534509884557255
15.56 130295.89363466666 0.25344630781589095
15.58 130295.860884 0.25351744007919713
15.6 130295.95750399999 0.2533791808953439
15.62 130296.02208133333 0.2534101410063383
15.64 130296.11694400001 0.25335306436033267
15.66 130296.23309066668 0.25337912773324534
15.68 130296.23392933334 0.25336168211684845
15.7 130296.09971466666 0.2533215016531537
15.72 130296.11605466667 0.25339072721827754
15.74 130296.18119599999 0.25339457898573053
15.76 130296.229272 0.25344834739834327
15.78 130296.22512666667 0.2534799079046632
15.8 130296.19683466667 0.2534194201771042
15.82 130296.24685866668 0.25342666812287334
15.84 130296.31356399998 0.2534873636669001
15.86 130296.27877866666 0.25345269830440226
15.88 130296.35462533332 0.25348046874602115
15.9 130296.39643733334 0.25345635745333056
15.92 130296.37289866667 0.25346987164883633
15.94 130296.28501466666 0.2534595386139261
15.96 130296.30346666666 0.25342566208093625
15.98 130296.338716 0.2534765159888383
16.0 130296.35705066666 0.2533233487318204
16.02 130296.40864133331 0.25332342712046135
16.04 130296.40803866666 0.2533907503221394
16.06 130296.38833199999 0.2533495030729277
16.08 130296.31519333331 0.25331402399923075
16.1 130296.44764133333 0.2533648941886688
16.12 130296.43280533334 0.2533589176287082
16.14 130296.34739466666 0.2533430946808654
16.16 130296.36278533333 0.2534333758832385
16.18 130296.32760799999 0.25352829457926696
16.2 130296.307944 0.2535704972814746
16.22 130296.235032 0.2535949255286354
16.24 130296.256148 0.25360872135851575
16.26 130296.25167733335 0.25359211431897394
16.28 130296.19792800001 0.2535657113473249
16.3 130296.062904 0.2535854685244058
16.32 130296.09564533335 0.2534602253135125
16.34 130296.15489866666 0.2534697570990137
16.36 130296.18605333334 0.2534843269141752
16.38 130296.07542533333 0.25330227837715863
16.4 130296.13285733334 0.25333171137008426
16.42 130296.13126533333 0.25336872743824274
16.44 130296.25692266667 0.2532782933000796
16.46 130296.10573333334 0.2533537338229498
16.48 130296.16757066666 0.2533720629149603
16.5 130296.10186266666 0.2533080332997795
16.52 130296.19842266667 0.25331492048056814
16.54 130296.27179466668 0.25326431095721114
16.56 130296.29436666667 0.253222556236024
16.58 130296.39987600001 0.25321839630177234
16.6 130296.45828933333 0.2531452085313833
16.62 130296.41100533333 0.25310566073682694
16.64 130296.41628133334 0.25304851206287615
16.66 130296.44053200001 0.25302376779125524
16.68 130296.51538933333 0.2530412338905298
16.7 130296.55780533334 0.2529547350220264
16.72 130296.51988266667 0.2530765144657583
16.74 130296.46429733332 0.2531208102728477
16.76 130296.46765733334 0.2531437008313029
16.78 130296.47558933332 0.25306540676153777
16.8 130296.45557999998 0.2530251536251429
16.82 130296.37272666667 0.25309616527293677
16.84 130296.35665066665 0.25305845598758275
16.86 130296.345148 0.2530510037583957
16.88 130296.3428 0.25307886986315803
16.9 130296.44448266667 0.25307319574602644
16.92 130296.43332400001 0.2530534497280844
16.94 130296.40542933333 0.25305778595142225
16.96 130296.48956133332 0.25307098668845956
16.98 130296.56588533332 0.253105807940248
17.0 130296.60402266667 0.2530567234194652
17.02 130296.60720666667 0.2529956788580913
17.04 130296.62522533335 0.2530092424102498
17.06 130296.64205733332 0.25300951400331884
17.08 130296.66720266666 0.25301041768221944
17.1 130296.64009999999 0.2529761477654261
17.12 130296.61665466666 0.2529827062976412
17.14 130296.58295733333 0.25298972806113634
17.16 130296.65201466667 0.25306150508388636
17.18 130296.64528933333 0.2530218613274099
17.2 130296.64518266666 0.25306079165936624
17.22 130296.61495466667 0.2530947577146248
17.24 130296.71560266666 0.25305910073292714
17.26 130296.72782933334 0.2531086527840512
17.28 130296.55816133335 0.25314331149632907
17.3 130296.60526266665 0.2531792785173974
17.32 130296.58141466667 0.2531766666847021
17.34 130296.602052 0.25319681982603903
17.36 130296.63399199999 0.25311844116351306
17.38 130296.55612 0.2531539554162126
17.4 130296.50686266669 0.25320137646814794
17.42 130296.55869866666 0.2531792588632636
17.44 130296.48285333333 0.25313691957641843
17.46 130296.48588533334 0.253120440182254
17.48 130296.48933466666 0.2531401795633692
17.5 130296.43334266667 0.25314091293993374
17.52 130296.41138666667 0.25310696385184855
17.54 130296.48919066667 0.2530321662535723
17.56 130296.50288666665 0.2531370239852547
17.58 130296.46098533334 0.253121296405796
17.6 130296.43537066667 0.2531133179202867
17.62 130296.43235333334 0.25308501103509945
17.64 130296.415876 0.25315073983285774
17.66 130296.40268666667 0.2532149716247932
17.68 130296.538908 0.2532715854818106
17.7 130296.55198533334 0.2532375665249699
17.72 130296.51876266666 0.25328089061739356
17.74 130296.54327866668 0.2532819720255778
17.76 130296.46748533334 0.2532421348853777
17.78 130296.49096533333 0.25326465282210425
17.8 130296.45763066667 0.253306153909543
17.82 130296.38037866667 0.2533067273107666
17.84 130296.355564 0.25335242673220365
17.86 130296.43441066665 0.25333713988073153
17.88 130296.43677066667 0.25333337210943985
17.9 130296.46481733333 0.25326471262534705
17.92 130296.43695733334 0.2532858760403149
17.94 130296.519708 0.2531690288607317
17.96 130296.39390933333 0.25322563512216634
17.98 130296.44630533332 0.25321896038360303
18.0 130296.42040666667 0.2532668346061402
18.02 130296.40697733333 0.2531728210343467
18.04 130296.497088 0.25311236809933696
18.06 130296.41215733334 0.25319371628205417
18.08 130296.34597333334 0.2532225403270105
18.1 130296.42671866665 0.2532146118675399
18.12 130296.46767466668 0.25317491034304196
18.14 130296.36731466667 0.25317209973166355
18.16 130296.31655733334 0.25316976308614203
18.18 130296.28691200001 0.25318751559226843
18.2 130296.34581733333 0.25319437231766745
18.22 130296.48536933333 0.2531516872158923
18.24 130296.42904666667 0.25315174986337763
18.26 130296.49980399999 0.2532120933630944
18.28 130296.58432266666 0.25321623311760827
18.3 130296.485984 0.25323948264930546
18.32 130296.50095866666 0.2533052685937266
18.34 130296.51768533333 0.2532683600790962
18.36 130296.47691733333 0.25331371166275274
18.38 130296.408656 0.25334614911110864
18.4 130296.37702533332 0.253369974814383
18.42 130296.35162533334 0.25338615392222924
18.44 130296.38996533334 0.25334983342634837
18.46 130296.35152 0.25345780451070987
18.48 130296.40723066666 0.25338556368499565
18.5 130296.40019466667 0.253391715776788
18.52 130296.48481733332 0.25335636368596304
18.54 130296.47026533331 0.2533455592121104
18.56 130296.46388266666 0.2533355074339572
18.58 130296.49050933334 0.2533357928525636
18.6 130296.52198133334 0.2533585078397032
18.62 130296.535332 0.25334513383052054
18.64 130296.51194 0.25337435540010167
18.66 130296.526232 0.2533754989359398
18.68 130296.49275866666 0.25340651773132516
18.7 130296.47577466667 0.25341736832090755
18.72 130296.52716000001 0.2534472790154298
18.74 130296.51145866668 0.25343356584732724
18.76 130296.61817733332 0.2533852904100601
18.78 130296.64822933334 0.2533624120643381
18.8 130296.69991200001 0.25337634582063995
18.82 130296.75766 0.25331302734408023
18.84 130296.72354266667 0.2533380132484037
18.86 130296.67860800002 0.2532970783942872
18.88 130296.73167733333 0.2533371485729074
18.9 130296.71750266667 0.25341234265472673
18.92 130296.707004 0.25331667104030803
18.94 130296.59397733334 0.25339801101654613
18.96 130296.68059599999 0.2534131015377921
18.98 130296.58806400001 0.25341666218075
19.0 130296.53786666668 0.2534264260757578
19.02 130296.59108666667 0.25340323667176284
19.04 130296.60229066666 0.25336749798965524
19.06 130296.62455866666 0.25338136650862203
19.08 130296.70839866668 0.25330968426030204
19.1 130296.77695733332 0.25330930562116677
19.12 130296.64940933332 0.25325013542796515
19.14 130296.59806933334 0.25329090992361286
19.16 130296.66711066666 0.25329612453076267
19.18 130296.697604 0.25319335435112134
19.2 130296.67996800001 0.2531582501797517
19.22 130296.65127999999 0.2532164793273864
19.24 130296.557772 0.2531466307434151
19.26 130296.70328666667 0.25312902031338524
19.28 130296.64569200002 0.25312797179462
19.3 130296.756828 0.253143195482002
19.32 130296.81789199999 0.2531700454833691
19.34 130296.88186266666 0.25321220925885074
19.36 130296.90872266667 0.25323595752280126
19.38 130296.89737733334 0.25321085169424445
19.4 130296.94086 0.25320285664095055
19.42 130296.98020533333 0.2532312623689446
19.44 130297.13417333332 0.25327818117795725
19.46 130296.99042533335 0.25329162218629775
19.48 130296.96612266666 0.25347963707353843
19.5 130296.90202666668 0.25346934698467904
19.52 130296.89053599999 0.2533711198042778
19.54 130296.81813733335 0.25336487392139034
19.56 130296.81074933332 0.25330978236148183
19.58 130296.85437866667 0.2533404827212016
19.6 130296.786088 0.2534038769869284
19.62 130296.79502533333 0.2534121928071069
19.64 130296.75525866666 0.2534292735036832
19.66 130296.681036 0.2533524570497757
19.68 130296.80930666669 0.2533394595497199
19.7 130296.78567066668 0.25329978003943415
19.72 130296.74341333333 0.25332095313252534
19.74 130296.661776 0.25325802093334193
19.76 130296.55277466666 0.2531953115876025
19.78 130296.62399866666 0.2531678433595882
19.8 130296.636256 0.253127307458759
19.82 130296.71506533334 0.25301434282786256
19.84 130296.74558133332 0.2530283361096309
19.86 130296.69760133333 0.25306530950410716
19.88 130296.79879199999 0.2531067311530931
19.9 130296.76177733333 0.25305433806387484
19.92 130296.711012 0.2530447656437893
19.94 130296.77932 0.25301558641333827
19.96 130296.84362266667 0.2530267345154036
19.98 130296.85958399999 0.253066692569564
20.0 130296.834412 0.2530622174311097
20.02 130296.83674 0.25312807561345
20.04 130296.928688 0.25305772995042025
20.06 130296.91856533333 0.2530865144307929
20.08 130296.81290666666 0.2530363769890574
20.1 130296.87090800001 0.2531340494246132
20.12 130296.83796533334 0.25310775773690974
20.14 130296.77552266666 0.2531272639846275
20.16 130296.749912 0.25316886984984194
20.18 130296.72560533334 0.25319051145166116
20.2 130296.73455466668 0.25322912755863103
20.22 130296.76897333332 0.2532307175081807
20.24 130296.73640266666 0.25325013512205724
20.26 130296.81337066668 0.25328012073754386
20.28 130296.84500266667 0.2533545785332493
20.3 130296.82772666668 0.25330647022255093
20.32 130296.74350666665 0.2532658027655806
20.34 130296.88152 0.253190800935003
20.36 130296.87565466666 0.25318903686101
20.38 130296.80742133333 0.2531771391159182
20.4 130296.72952666669 0.2531648202201552
20.42 130296.770904 0.25312806535041105
20.44 130296.84743600001 0.2531613785531491
20.46 130296.74778133334 0.2531486869489431
20.48 130296.71367466665 0.2530968053754597
20.5 130296.76055199999 0.25316767310783334
20.52 130296.78798133333 0.25320820555879625
20.54 130296.66384666666 0.25323759828824693
20.56 130296.60235599999 0.2531965186049579
20.58 130296.66930000001 0.25323575081418376
20.6 130296.652352 0.2532563790929348
20.62 130296.65609199999 0.2533310694218299
20.64 130296.58233599999 0.253396489116914
20.66 130296.61888933333 0.25326891843975785
20.68 130296.643552 0.2532954893617081
20.7 130296.59214666668 0.25327464536464117
20.72 130296.44309866668 0.2532314022158903
20.74 130296.35526399998 0.25317418780403056
20.76 130296.37571600001 0.25314034346191333
20.78 130296.39799866665 0.25335176760175304
20.8 130296.41799333334 0.25334047087633
20.82 130296.329052 0.2532931988003903
20.84 130296.325268 0.25325750600092717
20.86 130296.350936 0.2531633213947461
20.88 130296.393576 0.2531695031649268
20.9 130296.38146266667 0.2532224150394948
20.92 130296.327924 0.2532372448163497
20.94 130296.40443866668 0.25325136008327964
20.96 130296.40543466667 0.2532053574909026
20.98 130296.38636933333 0.25317838381439484
21.0 130296.44005199999 0.25311587159196475
21.02 130296.47570266668 0.25309252964034384
21.04 130296.36569733333 0.25306651032431704
21.06 130296.31844133334 0.2530842665679152
21.08 130296.39596666666 0.2531185384415248
21.1 130296.35724533335 0.25321715115393306
21.12 130296.41949466665 0.25328707341328005
21.14 130296.46047333333 0.2532791421862346
21.16 130296.47430266667 0.25321727101335234
21.18 130296.47694933334 0.25330291035687286
21.2 130296.46167066666 0.25334691740443327
21.22 130296.566 0.25339568889678343
21.24 130296.51300666666 0.25341872425216183
21.26 130296.499416 0.2534144459438736
21.28 130296.41972533334 0.2533958485659278
21.3 130296.44072266667 0.25336955660657634
21.32 130296.47782133333 0.25328684203941476
21.34 130296.42677866668 0.25323118059606853
21.36 130296.43374000001 0.2532852460418233
21.38 130296.47681200001 0.25323722638536383
21.4 130296.35019333333 0.2532121627581476
21.42 130296.30576799999 0.25317856339172073
21.44 130296.19647333333 0.2532400270569518
21.46 130296.12277466667 0.253254669431
21.48 130296.09294 0.2531835114600652
21.5 130296.185588 0.25319783153279046
21.52 130296.25611733334 0.2532680160788929
21.54 130296.26585866667 0.25326941736116254
21.56 130296.24731733333 0.25324082576566725
21.58 130296.28097066666 0.2532573556060298
21.6 130296.25231733333 0.2532729893788633
21.62 130296.31827333334 0.253270494731061
21.64 130296.26704133334 0.2532555041561137
21.66 130296.28238799999 0.2532689659704076
21.68 130296.29050933334 0.2532821006772819
21.7 130296.290832 0.25327267884812477
21.72 130296.34040266667 0.25330064515240297
21.74 130296.32404666666 0.2532828081116649
21.76 130296.33381866667 0.25328299012172634
21.78 130296.44988133333 0.25338016869191865
21.8 130296.439636 0.25337188303422953
21.82 130296.33320133333 0.25319255200994917
21.84 130296.40861466667 0.2531415680602127
21.86 130296.48638133335 0.2531984502013512
21.88 130296.42902800001 0.2531277540656285
21.9 130296.47269733335 0.2531150730744733
21.92 130296.48722000001 0.2531616787827266
21.94 130296.56610933333 0.2531636404832242
21.96 130296.48399333331 0.25316547793619487
21.98 130296.53009733334 0.2530683074048995
22.0 130296.56596266666 0.2531728423716519
22.02 130296.50875866669 0.25319114737508625
22.04 130296.48944800001 0.2531649689198186
22.06 130296.43278266667 0.2533121124187893
22.08 130296.38459733334 0.2532946190516906
22.1 130296.41165866665 0.2532830824739539
22.12 130296.49870933333 0.25322160664562365
22.14 130296.58328133334 0.25325290869770173
22.16 130296.59577866667 0.2532297251281073
22.18 130296.54026666668 0.25317771969760083
22.2 130296.50924133335 0.25318848102934377
22.22 130296.62811866667 0.2532163166149204
22.24 130296.65218399999 0.2530791776497711
22.26 130296.56179733333 0.2531040879775149
22.28 130296.69161333333 0.25312059825326605
22.3 130296.61584000001 0.25311114566183107
22.32 130296.609096 0.2531313836651933
22.34 130296.64855866667 0.253059162247285
22.36 130296.62884933333 0.2531130287879574
22.38 130296.58569066666 0.2530756376570906
22.4 130296.65352133333 0.25322979874630624
22.42 130296.62172666666 0.25322986441941997
22.44 130296.59450533331 0.25318428075195853
22.46 130296.67094933333 0.2532433679390523
22.48 130296.59852133333 0.25312194363574736
22.5 130296.606944 0.25308012252601436
22.52 130296.61590133331 0.25311732481491295
22.54 130296.63313199999 0.2531891220482558
22.56 130296.63295066665 0.2532986664485322
22.58 130296.52212266666 0.2532869098317296
22.6 130296.52351333333 0.25334580088481445
22.62 130296.55998399999 0.2533669099816818
22.64 130296.54678266667 0.25333165846097794
22.66 130296.51959866667 0.25334217569090894
22.68 130296.48681733332 0.25341651016236383
22.7 130296.529276 0.25335918196876483
22.72 130296.41112 0.25336332124941285
22.74 130296.32761066666 0.25334125237822264
22.76 130296.42923066666 0.25332842834577696
22.78 130296.35545466667 0.25340281531951697
22.8 130296.438116 0.2533716525273853
22.82 130296.39920266665 0.25339024985146913
22.84 130296.25875066666 0.25340721181874687
22.86 130296.28195599999 0.25348884378876907
22.88 130296.25365733332 0.25345227382746177
22.9 130296.167292 0.2535110728760992
22.92 130296.17509733334 0.25349065647241603
22.94 130296.02663466666 0.25358049741641525
22.96 130296.06053333334 0.2535047982555331
22.98 130296.03396799999 0.25345511587211506
23.0 130296.08263066667 0.2534011423300204
23.02 130296.11463866667 0.2533225015548755
23.04 130296.18917066668 0.2534281111399295
23.06 130296.201656 0.2533413939146031
23.08 130296.19978533333 0.2533334488990143
23.1 130296.390396 0.2533203861755203
23.12 130296.43273866666 0.25328128372787406
23.14 130296.54240133331 0.25336723267675143
23.16 130296.575708 0.2534477983600863
23.18 130296.58585466666 0.2534381021020712
23.2 130296.55348266667 0.2533673812485212
23.22 130296.55057200001 0.2532888120768501
23.24 130296.54348666669 0.2532955092676383
23.26 130296.52294000001 0.2532896360244378
23.28 130296.43036666668 0.2532791942348482
23.3 130296.56103333333 0.2532751398427008
23.32 130296.53957066667 0.2532251630492276
23.34 130296.46055333334 0.2533440510649903
23.36 130296.49097733333 0.25337120406797414
23.38 130296.54039733333 0.2532213315964564
23.4 130296.535208 0.25332674499409313
23.42 130296.66134933334 0.2533539053151451
23.44 130296.67735733333 0.2533292061679709
23.46 130296.70145733334 0.25338501422938275
23.48 130296.534644 0.25326920146622856
23.5 130296.50504533332 0.25329901351472206
23.52 130296.55843599999 0.2533648867251192
23.54 130296.62038400001 0.2534552832121454
23.56 130296.56181466667 0.2533843965342141
23.58 130296.529052 0.25337012639208883
23.6 130296.487208 0.25334673248015105
23.62 130296.43919066667 0.25334361100478847
23.64 130296.524764 0.2533559140565638
23.66 130296.63843066666 0.25333409592634537
23.68 130296.60817466668 0.253358906216991
23.7 130296.66808533334 0.25337895244962133
23.72 130296.78049333334 0.25345696063226103
23.74 130296.78268933334 0.2534619317273813
23.76 130296.70002799999 0.253509518707725
23.78 130296.74623066667 0.25352703990698106
23.8 130296.78330400001 0.253491558774818
23.82 130296.69952266666 0.2535880266784128
23.84 130296.62853333334 0.2535805495613487
23.86 130296.68057866665 0.2535184755449473
23.88 130296.71331866668 0.25353845390251606
23.9 130296.76345333332 0.253490948022649
23.92 130296.76607333333 0.2533965814317697
23.94 130296.80481066667 0.2533693587853651
23.96 130296.683552 0.25332690716369244
23.98 130296.64103466668 0.25339527965143777
24.0 130296.66539600001 0.25342953575329724
24.02 130296.63763466667 0.25338424347868665
24.04 130296.69784666665 0.253393823427769
24.06 130296.661372 0.25339483143353825
24.08 130296.62876133333 0.25339326113538246
24.1 130296.551684 0.2534149411758282
24.12 130296.53506133331 0.2534227727437201
24.14 130296.38044533333 0.253384982945255
24.16 130296.33562933333 0.2533646839634778
24.18 130296.268496 0.25336087137514235
24.2 130296.25919333333 0.25344762628724826
24.22 130296.34143466667 0.25337983522134805
24.24 130296.39518133333 0.2534325033741374
24.26 130296.44539866666 0.25339317401683925
24.28 130296.45780933333 0.25342095972493955
24.3 130296.503772 0.2534347111738978
24.32 130296.50215066667 0.25343579154699486
24.34 130296.522456 0.2534739549513489
24.36 130296.47067066666 0.2535046823569159
24.38 130296.54449066668 0.2535175017704382
24.4 130296.49718266667 0.25343929745572197
24.42 130296.43218266667 0.2533813260739391
24.44 130296.45149866666 0.2534075818653108
24.46 130296.39275999999 0.2533440469768102
24.48 130296.30137200002 0.2533889632315518
24.5 130296.35782266666 0.25337094466041377
24.52 130296.41506933334 0.2532310667767113
24.54 130296.47716933333 0.2532141784016452
24.56 130296.48108933333 0.25322007995233914
24.58 130296.51275466666 0.2532246625878766
24.6 130296.51880533333 0.25325139201482455
24.62 130296.47966933333 0.2532847798006506
24.64 130296.406516 0.25332542113065193
24.66 130296.41804666669 0.25321575966831367
24.68 130296.51839066666 0.25315105815802147
24.7 130296.43925466668 0.25325403145326997
24.72 130296.44377733333 0.25326677789899277
24.74 130296.520108 0.25335475876410085
24.76 130296.521956 0.253408083474727
24.78 130296.65229466665 0.25339782894249996
24.8 130296.517988 0.2534405017673532
24.82 130296.51453066667 0.2534015710597985
24.84 130296.50827600001 0.25344145286904196
24.86 130296.45406266666 0.25351691034130325
24.88 130296.43089466666 0.2534982275615113
24.9 130296.41081733334 0.253477845271475
24.92 130296.43741733333 0.2534672495511734
24.94 130296.41853200001 0.25340640322723706
24.96 130296.415016 0.25342530310294276
24.98 130296.35798666667 0.2534346756416148
25.0 130296.411368 0.25349326908166936
25.02 130296.23741199999 0.2534269896664969
25.04 130296.26735600001 0.25348902773539406
25.06 130296.37116133333 0.2534348840189142
25.08 130296.35613466665 0.253489587296011
25.1 130296.35292133334 0.25349445114170743
25.12 130296.28808266667 0.2534766130063767
25.14 130296.271056 0.25346894366778977
25.16 130296.26412933333 0.2533728842386079
25.18 130296.25872933335 0.25337974131729907
25.2 130296.16526933335 0.2533260630642744
25.22 130296.13461066666 0.2533582745437596
25.24 130296.18283466666 0.2533543120390408
25.26 130296.23805066667 0.2534089332371249
25.28 130296.36090266667 0.2533959376564453
25.3 130296.464016 0.2533874377505595
25.32 130296.59603866667 0.2534501557896496
25.34 130296.60293200001 0.2534019504142754
25.36 130296.57045733335 0.2533306139450273
25.38 130296.57274133334 0.25335488983173443
25.4 130296.71310666669 0.2533719030035467
25.42 130296.66291333333 0.25341371990732814
25.44 130296.69489333333 0.25336823855055257
25.46 130296.67471866668 0.253422280478314
25.48 130296.705548 0.25338194075202536
25.5 130296.725596 0.2533967855401209
25.52 130296.70841333334 0.2534404629356554
25.54 130296.62503600001 0.25346133898727247
25.56 130296.68160000001 0.2534312321649236
25.58 130296.71916933334 0.2534068486883396
25.6 130296.65032400002 0.2534467403798
25.62 130296.54782800001 0.2534125252704604
25.64 130296.44867866668 0.253389351109511
25.66 130296.49248399999 0.25339714632310345
25.68 130296.45786133333 0.25334016650047947
25.7 130296.43719333333 0.253340369182819
25.72 130296.40762266668 0.25342379703569173
25.74 130296.41947066667 0.2534548340943501
25.76 130296.349216 0.253473388475273
25.78 130296.39661733333 0.2534945881704732
25.8 130296.43099466666 0.2534526126833826
25.82 130296.484284 0.2534477787237009
25.84 130296.47316800001 0.25351826312953235
25.86 130296.52495333334 0.2534707558289951
25.88 130296.61710933334 0.2533503339128903
25.9 130296.62170266667 0.2533480158012671
25.92 130296.54868533334 0.2533388645797922
25.94 130296.48240399998 0.25323995566147256
25.96 130296.46940133334 0.2532135188480309
25.98 130296.42413066668 0.2532136069885552
26.0 130296.33151733334 0.25319245027540266
26.02 130296.322252 0.2532614513474869
26.04 130296.30767200001 0.25322133235732047
26.06 130296.31724133334 0.2533364826431637
26.08 130296.31068266666 0.25326337005851723
26.1 130296.25855466667 0.25323318189311855
26.12 130296.27509733333 0.25323068479271427
26.14 130296.36187866665 0.2532399650577147
26.16 130296.43852133333 0.25322152209181203
26.18 130296.38509199998 0.25317788597929086
26.2 130296.43218133334 0.2531946212273672
26.22 130296.351772 0.2532936739512791
26.24 130296.51246266667 0.25333000052748145
26.26 130296.52603733333 0.2532993331493879
26.28 130296.508928 0.2533417160514304
26.3 130296.54831333332 0.2533384474147932
26.32 130296.51460400001 0.25328523110370355
26.34 130296.475336 0.2533059644490917
26.36 130296.395196 0.25332836128450503
26.38 130296.30534533334 0.25336653723380104
26.4 130296.25816266667 0.2532882350621897
26.42 130296.21500533333 0.2532005989227735
26.44 130296.30528266667 0.2531116152741083
26.46 130296.37789599999 0.25305727302318026
26.48 130296.39877999999 0.2530258260708222
26.5 130296.34130933334 0.25306696734391915
26.52 130296.26177466667 0.25307871858817704
26.54 130296.251132 0.25308643919628604
26.56 130296.25436133334 0.25301671070437737
26.58 130296.219068 0.2530486263372986
26.6 130296.21188533332 0.2530139534005751
26.62 130296.20114666666 0.25297924991234527
26.64 130296.16648 0.25307655888726355
26.66 130296.15727733332 0.25309467514500467
26.68 130296.04009333334 0.25312113891150845
26.7 130296.13333200001 0.25312699906932307
26.72 130296.03074799999 0.253128438025517
26.74 130295.87450133332 0.2532078211154458
26.76 130295.87940666666 0.2532404156755345
26.78 130295.948352 0.2531731666389009
26.8 130295.94468266665 0.2531883500154498
26.82 130295.94238266666 0.2531516856098349
26.84 130295.86041866665 0.2532030961603195
26.86 130295.83156933334 0.25317013134793936
26.88 130295.82093866666 0.2531276909541783
26.9 130295.86989199999 0.2531247249638736
26.92 130295.912576 0.2531050920963617
26.94 130295.85949199999 0.2531132421411776
26.96 130295.91225200001 0.2532411919843193
26.98 130295.867776 0.25329790290238485
27.0 130295.88790933334 0.25333261173702676
27.02 130295.88997866666 0.25333189838352843
27.04 130295.89826266665 0.2533538107751578
27.06 130295.91005333334 0.25340560866446565
27.08 130295.861688 0.25341983440873334
27.1 130295.81502266666 0.2533893736927568
27.12 130295.89267199999 0.2534075937251894
27.14 130295.91648133332 0.25339267874210497
27.16 130296.04719333333 0.25343227549418335
27.18 130296.08451733334 0.2534144609725321
27.2 130296.12331866666 0.2535028587538211
27.22 130296.09669199999 0.2534109377148197
27.24 130296.044744 0.2533385716098243
27.26 130296.174968 0.2533214432781572
27.28 130296.21116133334 0.2533258414063871
27.3 130296.24750933333 0.2533027906543626
27.32 130296.23748133332 0.25325942223714054
27.34 130296.283664 0.2532347348963729
27.36 130296.20038533333 0.25329346236340783
27.38 130296.28360400001 0.25321152465608543
27.4 130296.23525866665 0.25324323099985985
27.42 130296.22809866667 0.2531934545339405
27.44 130296.26292666666 0.2532666525002577
27.46 130296.26873866667 0.2533090084668265
27.48 130296.29952399999 0.2532914504251104
27.5 130296.38541866667 0.25335494345132287
27.52 130296.33452666666 0.25339085862809335
27.54 130296.29666666666 0.2534653895717902
27.56 130296.30087733333 0.25339468149924127
27.58 130296.36144266666 0.2534629363426738
27.6 130296.39468133333 0.253497604048261
27.62 130296.39579733333 0.2534338183077875
27.64 130296.495172 0.2533973355167192
27.66 130296.58169599998 0.25335158296427124
27.68 130296.54012000002 0.2533476395673643
27.7 130296.52160933331 0.2533544501194173
27.72 130296.52002 0.25347426502563586
27.74 130296.47072666667 0.25347210504120155
27.76 130296.52452666666 0.2533541495323547
27.78 130296.46778 0.2533386212845526
27.8 130296.50881066667 0.25331371973318684
27.82 130296.46995733335 0.2533052327055665
27.84 130296.51681866667 0.25334234697693986
27.86 130296.54071333334 0.25334715551375336
27.88 130296.623812 0.2534171114734476
27.9 130296.618468 0.2534368037438953
27.92 130296.64111733335 0.25346620601732606
27.94 130296.76505333334 0.25346641528113645
27.96 130296.61077733335 0.253462227081033
27.98 130296.70405733332 0.25347418862153465
28.0 130296.57524933333 0.2535138447187927
28.02 130296.57214666667 0.2535217920483719
28.04 130296.51762266667 0.2535476331791481
28.06 130296.530272 0.25350756635780297
28.08 130296.36664266666 0.25345675428361286
28.1 130296.32451733333 0.2534337885469314
28.12 130296.37114266666 0.25352044941063895
28.14 130296.37591733334 0.25357432104048816
28.16 130296.444432 0.25358846731004825
28.18 130296.431892 0.2534504441495332
28.2 130296.40676000001 0.2535064559381448
28.22 130296.31807866666 0.2534590865754434
28.24 130296.22850933333 0.2534347397839089
28.26 130296.14612666666 0.25346370721393086
28.28 130296.04486133333 0.25351957322458496
28.3 130296.087584 0.253501680996226
28.32 130296.06426266667 0.2534564350668388
28.34 130296.03521999999 0.2535553650073347
28.36 130296.07619866668 0.2535621311194711
28.38 130296.18518533334 0.25349279066112124
28.4 130296.33476266667 0.2534763262660639
28.42 130296.41518400001 0.25346689191862115
28.44 130296.42439466667 0.2534097169732051
28.46 130296.35893466666 0.2533838138656389
28.48 130296.36716266666 0.2533640766864487
28.5 130296.357216 0.2533622469473927
28.52 130296.253132 0.2533247095473807
28.54 130296.32075866667 0.2532980581115471
28.56 130296.263416 0.25331355430250624
28.58 130296.26413866667 0.2533553282400642
28.6 130296.17118 0.25344713351860776
28.62 130296.12923733334 0.2533502886595699
28.64 130296.14408666667 0.2534163010835512
28.66 130296.12999866666 0.25328153012672133
28.68 130296.12578666667 0.2533066152346297
28.7 130296.09240266669 0.25341033641645666
28.72 130296.12596933333 0.253355612725804
28.74 130296.242908 0.2533608659430183
28.76 130296.21813333334 0.25340622963647136
28.78 130296.24199733333 0.2534530868624929
28.8 130296.28900666666 0.25350707513791637
28.82 130296.33071866666 0.2534922919021025
28.84 130296.39862133333 0.2534769439290921
28.86 130296.23678800001 0.2535612785285131
28.88 130296.18008533333 0.25353230347311245
28.9 130296.15910666666 0.25357844320865064
28.92 130296.17914666669 0.2534999676043065
28.94 130296.19876533333 0.2534476968206666
28.96 130296.28896533334 0.253416305173681
28.98 130296.313708 0.253470457618893
29.0 130296.456904 0.2535269403915433
29.02 130296.49833733332 0.25353145285837525
29.04 130296.428808 0.2535274455487854
29.06 130296.43346666668 0.2535825874405405
29.08 130296.51090266666 0.2535125053311746
29.1 130296.52780133333 0.2534644706323252
29.12 130296.395124 0.25343533730508494
29.14 130296.461236 0.2534528950722743
29.16 130296.44222 0.2533872822891694
29.18 130296.45608933334 0.25339377872692537
29.2 130296.50151333332 0.25342346159347545
29.22 130296.57585200001 0.2534662558709747
29.24 130296.68688133333 0.2534460528244494
29.26 130296.55430666666 0.253459707840207
29.28 130296.51384133333 0.2535789477114508
29.3 130296.51081733334 0.2535450674944972
29.32 130296.450108 0.25350248750677895
29.34 130296.44073466666 0.2534676911591712
29.36 130296.498108 0.25347168478941584
29.38 130296.56725200001 0.2533915831774051
29.4 130296.52441866667 0.25337767177728115
29.42 130296.62263333335 0.2533488343847039
29.44 130296.56958533335 0.2533147219570597
29.46 130296.52735066666 0.2533351882348153
29.48 130296.622548 0.2533696039871806
29.5 130296.70781333333 0.25342947161548945
29.52 130296.75340933334 0.2534527053499349
29.54 130296.709316 0.2533821668036795
29.56 130296.66224133334 0.2533891000207044
29.58 130296.68400800001 0.2533326440293914
29.6 130296.713872 0.25338853624240204
29.62 130296.76604666667 0.2533960327943952
29.64 130296.70542533332 0.2534253715762128
29.66 130296.78016533333 0.2535139235841448
29.68 130296.790664 0.25351258232029217
29.7 130296.72128 0.2534978868093838
29.72 130296.78962266666 0.2534407672012993
29.74 130296.70480800001 0.25341678524952643
29.76 130296.73284933333 0.2533080388853025
29.78 130296.68245200001 0.2532128276377651
29.8 130296.66548666666 0.25319285727376395
29.82 130296.60222266667 0.2532229482103225
29.84 130296.58523200001 0.25332722496980403
29.86 130296.53754266666 0.25330482027464113
29.88 130296.47019600001 0.2531940966502917
29.9 130296.48173466668 0.25323341376725994
29.92 130296.51085466666 0.25320370468826703
29.94 130296.54494133334 0.25317250462624746
29.96 130296.50367333333 0.2531017604894758
