0.0 56000.15639733334 0.9570794341479067
0.02 54886.45243733333 0.9562151224173373
0.04 53819.635768 0.9555931229339303
0.06 52798.09013333333 0.955318951226806
0.08 51820.729 0.9548221131676068
0.1 50884.65442133333 0.9541464785132162
0.12 49989.11118933333 0.9531213404619614
0.14 49131.922 0.952729205149426
0.16 48311.33692799999 0.9519878730052446
0.18 47526.671583999996 0.9510966626509372
0.2 46775.94309866667 0.9506839887691482
0.22 46057.96318933333 0.9500901487374399
0.24 45371.54733333333 0.9494368597059533
0.26 44715.226624 0.948697647479414
0.28 44087.600288 0.9481258622783262
0.3 43487.87498133333 0.9470708298549494
0.32 42914.74988533333 0.946243931527357
0.34 42367.217936 0.9454574764532505
0.36 41844.236384 0.9449170088475668
0.38 41344.24165333333 0.9442139814102707
0.4 40867.176655999996 0.9436501100272031
0.42 40411.783048 0.9429176319510283
0.44 39977.12093333333 0.9422487058242386
0.46 39562.727816 0.9412512810947127
0.48 39166.74952 0.9407457417873631
0.5 38789.792274666666 0.9401897015301216
0.52 38429.77114933333 0.9393435378930469
0.54 38086.929712 0.9384275590965678
0.56 37760.166568 0.937818365580564
0.58 37449.23845066667 0.9369955244590333
0.6 37153.620367999996 0.9360590412525869
0.62 36871.80843999999 0.9356486841162586
0.64 36603.83353066667 0.9351516795788989
0.66 36348.96892 0.9344165165334639
0.68 36107.186773333335 0.9338989385806721
0.7 35877.44913333333 0.933334722878297
0.72 35658.80217066666 0.9329521815221739
0.74 35451.25231733333 0.9323099482538695
0.76 35254.674130666666 0.9317930978794835
0.78 35068.03763200001 0.9312336009953195
0.8 34891.461864 0.9307232984632986
0.82 34724.16013066667 0.9303094659505984
0.84 34566.27259466667 0.9297280347972613
0.86 34416.609048 0.9291575688221834
0.88 34275.48896 0.9285969706678032
0.9 34142.55055466667 0.9279829119192111
0.92 34017.28690133333 0.9274195982126672
0.94 33899.426512000005 0.9268127931984899
0.96 33787.71676533333 0.926320907853994
0.98 33683.017706666666 0.92587204792897
1.0 33584.64352533333 0.9252724889188318
1.02 33492.613754666665 0.9246102696036163
1.04 33406.365304 0.9239598821964223
1.06 33325.97826666667 0.9235283267557483
1.08 33250.815173333336 0.9231465616000752
1.1 33181.147946666664 0.9224561787794449
1.12 33116.21686666667 0.9218830946086293
1.14 33056.35204533333 0.9214090079645795
1.16 33000.499176 0.9209580999430401
1.18 32949.111053333334 0.9205403466649628
1.2 32901.07666133333 0.9203618519261143
1.22 32857.76370133333 0.9199406921605572
1.24 32817.975208 0.9193900569220895
1.26 32781.98454666667 0.91887414547762
1.28 32749.418765333336 0.9184926400256204
1.3 32719.743813333334 0.9181327384187434
1.32 32693.376672 0.9176389947552642
1.34 32670.302506666667 0.917337705151103
1.36 32649.56887733333 0.9171528851009411
1.38 32631.796738666664 0.9166685989066402
1.4 32616.656088 0.916730053687592
1.42 32603.827810666662 0.9164141070170304
1.44 32593.10130933333 0.9161751977464597
1.46 32585.064754666666 0.9160077659954866
1.48 32578.855410666663 0.9160641425833209
1.5 32574.70814933333 0.9156084988518637
1.52 32572.65205333333 0.9157443755890406
1.54 32571.593749333333 0.9152482751376785
1.56 32573.126146666666 0.9148833364081125
1.58 32575.929909333332 0.914323697143704
1.6 32580.57974933333 0.9141482917938198
1.62 32586.46220533333 0.9135569146114656
1.64 32593.705250666666 0.9131706025692065
1.66 32602.41405333333 0.9128330304071032
1.68 32612.131208 0.9124513972915944
1.7 32623.698437333333 0.912144777825748
1.72 32635.936762666664 0.91191773726825
1.74 32649.013250666667 0.9119026913677485
1.76 32663.245834666664 0.9118490230028659
1.78 32678.55202133333 0.911678851515876
1.8 32694.681674666666 0.9114080284802342
1.82 32711.72316 0.9111428584252415
1.84 32729.051234666666 0.9109576184675321
1.86 32746.702362666667 0.9108325577336479
1.88 32765.836656 0.9105557741431201
1.9 32785.76033333333 0.9103352601096091
1.92 32805.929765333334 0.910299734242503
1.94 32826.58098666667 0.9100331314869105
1.96 32847.741034666666 0.9099111674752681
1.98 32869.69842933334 0.9097914236112274
2.0 32891.78624266667 0.9095877204522683
2.02 32914.60615466666 0.9095636258603063
2.04 32937.564386666665 0.9095395528037611
2.06 32960.94452533334 0.90946337706261
2.08 32984.63656266667 0.9093377997050891
2.1 33008.48429333333 0.9092673931198513
2.12 33032.582725333334 0.9092858352740733
2.14 33057.06605066667 0.909127612396735
2.16 33081.540696 0.9089361984670066
2.18 33106.54501066667 0.9085212824320953
2.2 33131.674858666665 0.9087812952569853
2.22 33156.82517066666 0.908478209673707
2.24 33182.10604 0.9083793652531618
2.26 33207.63259733333 0.9083344073206406
2.28 33232.85485066667 0.9082260261154187
2.3 33258.30014933333 0.9079838316540325
2.32 33283.94873066667 0.9078946093852576
2.34 33309.45807733333 0.9079637188486201
2.36 33334.947885333335 0.9078657668753617
2.38 33360.548376 0.907955025278541
2.4 33385.978709333336 0.9079823451747165
2.42 33411.458346666666 0.9076987302751227
2.44 33437.22289866667 0.907604565234393
2.46 33462.751103999995 0.9074379564798729
2.48 33488.21413066667 0.907274201971093
2.5 33513.79795466666 0.9071586946006458
2.52 33538.891784 0.90707114596677
2.54 33564.136450666665 0.9068696914598553
2.56 33589.38440266666 0.9067604156166981
2.58 33613.79176 0.9066129494931137
2.6 33638.60597333333 0.9065643159210205
2.62 33663.16485866667 0.9067243405086475
2.64 33687.99959733333 0.9065982304254537
2.66 33712.576392 0.9062865302967238
2.68 33737.074263999995 0.9063436770407716
2.7 33761.52450666667 0.9063558274170049
2.72 33785.39214933333 0.9064267410705497
2.74 33809.29830933333 0.9061556338570528
2.76 33832.688808 0.9060043907339974
2.78 33856.52694933333 0.9059406484253618
2.8 33880.038056000005 0.9059786285605547
2.82 33903.039352 0.9057906761195957
2.84 33926.20527466667 0.905518847340522
2.86 33948.90990666667 0.9053250120594538
2.88 33971.71263733333 0.905030079900766
2.9 33994.69463466667 0.9044757977189392
2.92 34017.00436266667 0.9040587442291488
2.94 34039.23342933333 0.9039875147102242
2.96 34061.172256000005 0.9039866335134348
2.98 34083.47364 0.9038244437306426
3.0 34104.85057066666 0.9039742894047758
3.02 34126.565616 0.9041498649102868
3.04 34148.10480266667 0.9041500762449358
3.06 34169.00316 0.9040052775552069
3.08 34190.121210666664 0.9038770533543069
3.1 34210.495813333335 0.9038473598633611
3.12 34231.50789333333 0.9037293247260867
3.14 34251.89555733334 0.9034481107767466
3.16 34272.15650133333 0.9034649600877936
3.18 34291.955824000004 0.9031742381458361
3.2 34311.35838133333 0.903180407290764
3.22 34330.511770666664 0.9030421711504661
3.24 34349.808208 0.9028268979349737
3.26 34368.826173333335 0.9027964745485896
3.28 34387.13872266667 0.9027369132131744
3.3 34405.57351733334 0.9027190545662429
3.32 34424.052917333334 0.9025868313382608
3.34 34441.96800266667 0.9024430531082742
3.36 34460.01519466667 0.9025860170966838
3.38 34477.59562933333 0.9026785862671334
3.4 34495.130946666664 0.9027462807928317
3.42 34512.67756533333 0.9024954237096782
3.44 34529.938557333335 0.902397735753972
3.46 34546.83292 0.9023407460949017
3.48 34563.872472 0.9022458407292387
3.5 34580.649504 0.9020822798015065
3.52 34597.65839733333 0.9021797790335436
3.54 34613.858624 0.9023175010856216
3.56 34629.60581866666 0.9019786220458194
3.58 34645.912488 0.9020777900497906
3.6 34661.490077333336 0.9026233904629579
3.62 34676.878048 0.9027322477708314
3.64 34692.26453066667 0.9029466046548229
3.66 34707.524714666666 0.9027738214187495
3.68 34722.313866666664 0.9027121969685308
3.7 34737.07244 0.9023013468409258
3.72 34751.370872 0.902014049700741
3.74 34765.680328 0.9019735387401245
3.76 34780.37024266667 0.9021641109054577
3.78 34794.57426666666 0.9020674765096328
3.8 34808.419010666665 0.9022888477940122
3.82 34822.01389066667 0.9022645400028172
3.84 34835.40490666666 0.9021066718669939
3.86 34849.20928266666 0.9020405053379993
3.88 34862.49239466667 0.9019052857196853
3.9 34875.52727466667 0.9015200700891944
3.92 34888.531162666666 0.9013888438079175
3.94 34901.091656000004 0.9014012522952041
3.96 34913.890656 0.9017841920230018
3.98 34926.36285066667 0.901759885866695
4.0 34938.47236 0.9018027860237753
4.02 34950.86529866667 0.9019470071378668
4.04 34962.599709333335 0.9021855483916892
4.06 34974.30891199999 0.902257908566746
4.08 34985.888896000004 0.9018879527024544
4.1 34997.455237333335 0.9017875563320684
4.12 35009.095874666666 0.9013897747049896
4.14 35020.70965333333 0.9014555259162665
4.16 35031.43233333333 0.9010499514465123
4.18 35042.22875466666 0.900976067625026
4.2 35052.983784 0.9011094893643699
4.22 35064.17288 0.9010004124143853
4.24 35074.834336 0.9008237854049549
4.26 35084.91036533333 0.9008779996499718
4.28 35095.461728 0.9006783666221183
4.3 35105.92100266667 0.9003816031481657
4.32 35115.805528 0.9001924602308607
4.34 35125.88356 0.9001389581879886
4.36 35136.221472000005 0.9000020472574811
4.38 35145.67759733333 0.9000043291642026
4.4 35155.283943999995 0.8997522271152082
4.42 35164.721328 0.8995988175683981
4.44 35174.31484 0.8994248150370325
4.46 35183.392285333335 0.8998056674179387
4.48 35192.604642666665 0.9000498082327171
4.5 35201.45639466667 0.9000184929322593
4.52 35210.44595466666 0.8999046171651955
4.54 35219.201949333336 0.8996863081299883
4.56 35227.639802666665 0.8999506764615435
4.58 35235.929919999995 0.8996818553604772
4.6 35244.539304 0.8995653386287339
4.62 35252.60676533333 0.8996434594486631
4.64 35260.90995733334 0.8999526300844659
4.66 35268.946792 0.8998544567788683
4.68 35276.55162133333 0.8998822920053103
4.7 35284.65024533334 0.8995646344246716
4.72 35292.374896 0.8995585224018506
4.74 35300.43314133333 0.8993358155781895
4.76 35308.212088 0.8992937716434997
4.78 35315.82748 0.899471407612809
4.8 35323.007280000005 0.8995575231553131
4.82 35330.36167466667 0.899648150265406
4.84 35337.78831733333 0.8999012015296993
4.86 35344.832519999996 0.9002085741464554
4.88 35352.32763466667 0.9001045530723548
4.9 35359.04178133333 0.8999250274199304
4.92 35366.01126666667 0.8998524704059047
4.94 35372.726109333336 0.8998405942008457
4.96 35379.69528266667 0.8997968371115447
4.98 35386.029192 0.899994002907652
5.0 35392.32746666667 0.8997115527251122
5.02 35398.511528 0.8996981240500874
5.04 35404.768904 0.899392394066065
5.06 35410.91222666667 0.8993371697986445
5.08 35417.00159466667 0.8995536335327083
5.1 35422.75486933334 0.8992957411775481
5.12 35428.73638666667 0.8992709686514114
5.14 35434.459528 0.8991441044002052
5.16 35440.258728 0.8992919574888022
5.18 35446.184456 0.8994966190784299
5.2 35451.840546666666 0.8994146517692897
5.22 35457.52425333334 0.8994034332212125
5.24 35463.27033866667 0.8993784572735986
5.26 35468.763362666665 0.8991143057404384
5.28 35474.332576 0.899120075506868
5.3 35479.46485866667 0.8991589240535209
5.32 35484.99807466667 0.8988949820171315
5.34 35490.12385066667 0.899075269417197
5.36 35495.257920000004 0.898996401185685
5.38 35500.450672000006 0.8988287284987281
5.4 35505.33856266667 0.8986851541896157
5.42 35510.34386133333 0.8987068295735288
5.44 35515.156026666664 0.8990548024415069
5.46 35519.66932266667 0.8991783277650162
5.48 35524.597544000004 0.8990241660784609
5.5 35529.45302933334 0.8992435473901873
5.52 35533.954792000004 0.8991712127051465
5.54 35538.39290666667 0.8989005740419675
5.56 35542.454525333334 0.8987408097854397
5.58 35546.840855999995 0.8986999630268758
5.6 35551.551752 0.8987614352016963
5.62 35555.99184 0.8986322741459641
5.64 35560.248322666666 0.8982744580690009
5.66 35564.67578666667 0.8984532469613263
5.68 35568.652496 0.898387569968293
5.7 35572.713232 0.8984287634167988
5.72 35576.91639466667 0.8983150215551757
5.74 35580.948522666666 0.8984222355200372
5.76 35584.71558133334 0.8987230577173042
5.78 35588.54362933333 0.8987986006812542
5.8 35592.608288 0.8988055735742593
5.82 35596.70100266667 0.8986933420870092
5.84 35600.38337066667 0.8985603720151889
5.86 35604.18887466667 0.8985156856645022
5.88 35607.712799999994 0.8985196882046858
5.9 35611.413464 0.8984129497038941
5.92 35614.82762133333 0.8984359513876261
5.94 35618.160074666666 0.8986614376092523
5.96 35621.36156266667 0.8989175309571699
5.98 35624.636512 0.8989662499310126
6.0 35628.064741333335 0.8992958061647842
6.02 35631.39410133334 0.8994851602549072
6.04 35634.619752 0.8993224398529023
6.06 35637.66413333334 0.8993225924043327
6.08 35641.23867466667 0.8992473334781923
6.1 35644.192482666665 0.8993512686160188
6.12 35647.688266666664 0.8993561257340077
6.14 35651.005560000005 0.8993779801471383
6.16 35654.07148 0.8991571922551356
6.18 35657.151818666665 0.8991626362271147
6.2 35660.343488 0.8992371513966557
6.22 35662.97706933333 0.8991858844172044
6.24 35665.91756533334 0.8990613718625775
6.26 35669.147016 0.8990187642529015
6.28 35671.843864 0.8990455916007456
6.3 35674.727119999996 0.8988377734812806
6.32 35677.75714933334 0.8988569424628372
6.34 35680.46795733333 0.8988331241741714
6.36 35683.07737333333 0.8990097623478807
6.38 35685.98069333333 0.8989255188071502
6.4 35688.310626666665 0.898991221687572
6.42 35691.00680533333 0.8990064638225717
6.44 35693.710538666666 0.8988068889422225
6.46 35696.106106666666 0.8986524731599317
6.48 35698.53945333333 0.8986736964606551
6.5 35701.167704 0.8986452747053941
6.52 35703.67848266667 0.8986113327858716
6.54 35705.963688 0.898743723317236
6.56 35708.473864 0.8987726438078141
6.58 35710.928847999996 0.898697114377174
6.6 35713.144642666666 0.8987331009375145
6.62 35715.47256266666 0.8984672406734839
6.64 35717.714234666666 0.8984848386721991
6.66 35720.33692 0.898509206961973
6.68 35722.998984000005 0.898428553862909
6.7 35725.320746666664 0.8983429622489914
6.72 35727.801530666664 0.8981921758601146
6.74 35729.749024000004 0.898020467644083
6.76 35731.913426666666 0.8978312135869433
6.78 35733.75917333333 0.8977663214297723
6.8 35735.90674666667 0.8980480719503352
6.82 35737.952930666666 0.8981530838106583
6.84 35740.19386133333 0.8979320134108805
6.86 35741.744992 0.8980181313089988
6.88 35743.522184 0.8979758435892247
6.9 35745.477474666666 0.8981120173308098
6.92 35747.39994933334 0.8983599511945747
6.94 35749.484128 0.8982154339507338
6.96 35751.330888 0.8980448965443955
6.98 35753.06909866667 0.8976488924078665
7.0 35754.891648000004 0.8976166879012941
7.02 35757.14346133333 0.8973422376966217
7.04 35758.96154933333 0.8974757012510187
7.06 35760.894088 0.8973749089692665
7.08 35762.44242133333 0.8974325843545142
7.1 35764.43698133333 0.8973963662782605
7.12 35766.101824 0.8974733420950147
7.14 35767.919442666665 0.8974368123544922
7.16 35769.339464 0.8973682945726116
7.18 35770.986688 0.8976567344049989
7.2 35772.74594666667 0.8977802277312947
7.22 35774.491552 0.8976885890790834
7.24 35776.184168 0.8977441519562787
7.26 35777.37755999999 0.8974596303228664
7.28 35778.599594666666 0.8974151136928071
7.3 35780.262877333334 0.8974709292506583
7.32 35781.92054133333 0.8976232411653116
7.34 35783.403128000005 0.8975442012935746
7.36 35784.880288 0.8971358910285208
7.38 35786.52228266667 0.8975387225109598
7.4 35788.27568 0.8973749382000691
7.42 35789.574944 0.8976095002133366
7.44 35790.96190933333 0.897443961123407
7.46 35792.29543466667 0.8972563767658004
7.48 35793.59267466667 0.8970815063865073
7.5 35794.944112 0.8976299996832212
7.52 35795.99310666667 0.8977264027738416
7.54 35797.087656 0.8973015293307698
7.56 35798.293831999996 0.8972700408229001
7.58 35799.71101333333 0.8972123881445253
7.6 35800.91789333333 0.8971447687448598
7.62 35802.36341866666 0.8968550884715011
7.64 35803.60332266666 0.8967588534056893
7.66 35804.46376 0.896897580144241
7.68 35805.88580533333 0.8972006011785244
7.7 35806.94025866667 0.8970798160130378
7.72 35808.13534933333 0.897361097686398
7.74 35809.456600000005 0.8973128357567073
7.76 35810.749240000005 0.897212143406261
7.78 35812.15713066667 0.8972360347520618
7.8 35813.217984 0.8970373717347115
7.82 35814.08211466667 0.8970058370308474
7.84 35815.26913066667 0.8968033719089674
7.86 35816.242205333336 0.8968836237447245
7.88 35817.700688 0.8969883237077129
7.9 35819.08297333334 0.8969613219578172
7.92 35820.21182133333 0.8970652000296944
7.94 35821.066808 0.8970972599262422
7.96 35822.05052533334 0.8972622997308106
7.98 35823.29368 0.8972869781349039
8.0 35824.72586666666 0.8972749935840983
8.02 35825.754096 0.8972650522611895
8.04 35826.508288 0.8974701504642171
8.06 35827.14585866667 0.8975095750570292
8.08 35827.759784 0.8973500847404442
8.1 35829.042010666664 0.8972996928721583
8.12 35829.74598666666 0.8974584847996699
8.14 35830.562192 0.8972960219231052
8.16 35831.27188 0.8974919151263452
8.18 35832.376768 0.8973447749341508
8.2 35833.15385333334 0.8973887854263911
8.22 35834.047245333335 0.8974835766095494
8.24 35835.02510666667 0.8976374535122642
8.26 35835.76343733333 0.897570721631119
8.28 35836.635632 0.8972163412316028
8.3 35837.57323733333 0.8972528001178116
8.32 35838.609368000005 0.8972753084347328
8.34 35839.79642666667 0.8974616279069589
8.36 35840.50297066667 0.8974507484710341
8.38 35841.50539466667 0.8975121373790017
8.4 35842.55261333333 0.8973126123111717
8.42 35843.33277866666 0.8975103007753737
8.44 35844.231797333334 0.8971962324135694
8.46 35845.136712 0.897258256144246
8.48 35845.614925333335 0.8972987299913447
8.5 35846.221696 0.8973287807714639
8.52 35846.75866933333 0.897305176029087
8.54 35847.53594933333 0.897225534414724
8.56 35848.087712 0.8970095380077288
8.58 35849.07833866667 0.8972547149986877
8.6 35849.983973333336 0.8973467839932682
8.62 35850.685264 0.8971998071391089
8.64 35851.401688 0.8973452338141923
8.66 35852.02490933333 0.8978832413665551
8.68 35852.38611466667 0.8980601516562757
8.7 35853.59158933333 0.898237166952148
8.72 35854.41006133333 0.898115993678709
8.74 35855.07201333334 0.8981998586794935
8.76 35856.07678933333 0.8985038760435748
8.78 35856.93842666667 0.8985357480513586
8.8 35857.56398933333 0.8985103887359178
8.82 35858.35306666666 0.8984752825885681
8.84 35858.58108 0.898460077787351
8.86 35859.232744 0.8981676736792886
8.88 35859.660789333335 0.898160313940119
8.9 35860.30821066667 0.8978881992136929
8.92 35861.00667466667 0.8979099494154126
8.94 35861.560568 0.8979806987484155
8.96 35862.237904 0.897998783316588
8.98 35863.170631999994 0.8977543741925118
9.0 35863.917016 0.8981804621550908
9.02 35864.57620533333 0.8982348268209516
9.04 35865.291322666664 0.8980103007951665
9.06 35865.689816 0.8978987136889335
9.08 35866.08652533333 0.8976222320095965
9.1 35866.74974666667 0.8975817012967556
9.12 35867.306458666666 0.8977471935770577
9.14 35867.61630133333 0.8974850264887627
9.16 35868.039624 0.8973164940994933
9.18 35868.90073066667 0.897450284231192
9.2 35869.26428533333 0.8973779676494399
9.22 35869.282744 0.8971887205561736
9.24 35869.72950933334 0.8974333085933585
9.26 35870.795154666666 0.8975206968586952
9.28 35871.20313333333 0.897848132146619
9.3 35871.65654133333 0.897632542494978
9.32 35872.08146666667 0.8976459812488122
9.34 35871.843128 0.897703561958062
9.36 35872.485850666664 0.8975679609393856
9.38 35872.980762666666 0.8976970265232844
9.4 35873.39177333334 0.8974639768435434
9.42 35873.768405333336 0.8973959160648395
9.44 35874.02323466667 0.8975607325352971
9.46 35874.22088266666 0.8972758030241094
9.48 35874.70085333333 0.8974719263599271
9.5 35875.07993866666 0.8974814015991608
9.52 35875.620381333334 0.8975375544431876
9.54 35876.20810933333 0.8974395337917114
9.56 35876.79987733334 0.8970767622688908
9.58 35877.50664533333 0.8971526277826011
9.6 35877.198421333334 0.8970996727074468
9.62 35877.115448 0.8971238508054815
9.64 35877.84776 0.8971596183040166
9.66 35878.01096 0.8972982316718042
9.68 35878.601976000005 0.8972418811509835
9.7 35879.10419466667 0.8972125700746024
9.72 35879.843616 0.8972148908030506
9.74 35880.28875733333 0.8971279859278224
9.76 35880.52167733334 0.8972158198901854
9.78 35880.751538666664 0.897330775549527
9.8 35880.87349866667 0.8974819905132498
9.82 35881.637032 0.8976517197459756
9.84 35881.60718666666 0.8973189520108212
9.86 35882.274904000005 0.8976369360671261
9.88 35882.2706 0.8976096552420066
9.9 35882.84114133334 0.8974185943191769
9.92 35882.859912 0.8973602654815681
9.94 35883.139896 0.8972966540723006
9.96 35883.293464 0.8971990495963599
9.98 35883.26382933333 0.8970888324144408
10.0 35883.759712 0.897283804091174
10.02 35884.372520000004 0.8970108575803647
10.04 35884.87605066667 0.896760663302404
10.06 35885.45319466667 0.8968814065385705
10.08 35885.811016 0.8966654137376519
10.1 35886.03071466667 0.8967884486696864
10.12 35885.98978133334 0.8968747752593268
10.14 35886.19916533334 0.8969278170243301
10.16 35886.553768 0.8968398738651409
10.18 35886.700528 0.8966961855195744
10.2 35887.081490666664 0.8966369788752622
10.22 35887.659704000005 0.8966190842101734
10.24 35888.10243466667 0.8965049188718023
10.26 35888.61916 0.8962173171630412
10.28 35888.760296 0.8962066548063308
10.3 35889.019192 0.8958036286432981
10.32 35889.48672 0.8960121306816323
10.34 35889.51130666667 0.8962786804026323
10.36 35889.73949066667 0.896362862643762
10.38 35890.098106666665 0.8963294196090328
10.4 35890.31018666667 0.8966686231062909
10.42 35890.429754666664 0.8968050977654735
10.44 35890.787808 0.8968745620343951
10.46 35891.055186666665 0.8969049076746491
10.48 35890.947298666666 0.8968862605876904
10.5 35890.786416 0.8969446378269412
10.52 35891.07925333333 0.8972085404517798
10.54 35891.27108 0.8968584316164201
10.56 35891.375 0.8969413268481237
10.58 35891.60184533334 0.8969261818478809
10.6 35891.89994133334 0.89687606410127
10.62 35892.22132 0.8967434358142324
10.64 35891.96493333334 0.8968199993297234
10.66 35891.97163466667 0.8968564005181086
10.68 35891.97690933333 0.8969905778027718
10.7 35891.75872 0.8970681969024229
10.72 35891.70893066667 0.8969711458986322
10.74 35892.017058666665 0.8970286105809734
10.76 35892.21416 0.8969064147810277
10.78 35892.557623999994 0.8970840786329389
10.8 35893.084837333336 0.8969536189985994
10.82 35893.595074666664 0.8969170806126741
10.84 35893.569272 0.8970579829105182
10.86 35893.584429333336 0.8971078194041119
10.88 35893.96573066666 0.8968777437314834
10.9 35894.26667733333 0.897080958444738
10.92 35894.698829333334 0.8969913445832636
10.94 35894.985426666666 0.8970300637669394
10.96 35895.172018666664 0.8971340531535896
10.98 35895.59128533333 0.897004171592664
11.0 35895.960263999994 0.8968597537668614
11.02 35895.71442933333 0.8967165239761824
11.04 35895.914984 0.8967027584066877
11.06 35895.783533333335 0.8967623754943181
11.08 35895.98698666667 0.8968346176608496
11.1 35896.127453333334 0.896830947901638
11.12 35896.38836533333 0.8968555726770461
11.14 35896.86272533333 0.8968416105989057
11.16 35897.042989333335 0.8966537100486717
11.18 35896.95543733333 0.8966446795119329
11.2 35896.920410666666 0.8965864242460524
11.22 35897.06293866667 0.896477625180465
11.24 35897.105701333334 0.8967443074738884
11.26 35897.723656 0.89677450058911
11.28 35897.67901066667 0.8969374543083135
11.3 35897.81542133333 0.8970691303710577
11.32 35897.775303999995 0.8973455591993599
11.34 35898.220728 0.8972883521019858
11.36 35898.414288 0.8974523953664428
11.38 35898.312952 0.8971267153904222
11.4 35898.68202666666 0.8969750211701113
11.42 35898.80321333333 0.8969560962052827
11.44 35899.16683733334 0.8968667660777407
11.46 35899.086178666665 0.8968363522138558
11.48 35899.31851733333 0.8966402603103241
11.5 35899.706568 0.8966989150741448
11.52 35899.704079999996 0.8966779366136568
11.54 35900.17429333333 0.8969494371380632
11.56 35900.382552 0.8975098666545847
11.58 35900.405216 0.8977049725702235
11.6 35900.5286 0.8975190507058775
11.62 35900.68422133333 0.8975329810824708
11.64 35900.739912000005 0.8975775770502014
11.66 35900.788128 0.8977774043473397
11.68 35900.852144 0.8977248507678898
11.7 35900.840464 0.897766258676272
11.72 35900.55165333333 0.8976813932721168
11.74 35900.35226133333 0.8978701954329998
11.76 35900.38777866667 0.8980149558670706
11.78 35900.489544 0.8978324053873401
11.8 35900.864058666666 0.897658306527671
11.82 35901.01610933333 0.897561042171848
11.84 35901.27426933333 0.8976818392399227
11.86 35901.262914666666 0.8979559443189009
11.88 35901.46590133333 0.8979580936558386
11.9 35901.09288533333 0.8977071722650705
11.92 35901.15759733333 0.8979275114705909
11.94 35901.19698933333 0.8974783702218344
11.96 35901.13313866667 0.897483294373201
11.98 35901.39338133333 0.8973638959042741
12.0 35901.792416 0.8971357475967079
12.02 35902.01055466667 0.8970802707766374
12.04 35902.11673066667 0.8968029354585388
12.06 35902.439776 0.89681726501691
12.08 35903.2106 0.8970633659018621
12.1 35903.16446666667 0.8970722798367801
12.12 35903.195874666664 0.8968321537069115
12.14 35903.16509066667 0.8966919087073673
12.16 35903.170296 0.8966431618418869
12.18 35903.63596 0.8964453018257794
12.2 35904.00423733333 0.8966024044137053
12.22 35903.94413333334 0.8967024560085705
12.24 35904.10384533333 0.8966795717385131
12.26 35904.11466933333 0.8965088998657871
12.28 35904.29858666667 0.896666126754832
12.3 35904.382847999994 0.8966614347703677
12.32 35904.62913066667 0.8966056507986448
12.34 35904.541320000004 0.8967140808650821
12.36 35904.93751466667 0.8965325671673221
12.38 35905.04166133334 0.8965441677734687
12.4 35904.703984 0.8969735582447834
12.42 35904.773213333334 0.8972303344323945
12.44 35904.642157333335 0.8973958836559606
12.46 35904.88018933333 0.8974637977303086
12.48 35905.29051466667 0.8973940522731938
12.5 35905.26762133333 0.8972057105080341
12.52 35904.760968 0.8972134857585903
12.54 35905.06723733334 0.8973824580025892
12.56 35904.80682666667 0.8971551112113781
12.58 35904.994962666664 0.897223725546509
12.6 35904.69657866667 0.8971137823713965
12.62 35904.751184 0.8969925386820926
12.64 35904.966448 0.8973736048333157
12.66 35904.66172800001 0.897535656952995
12.68 35904.41424533333 0.8976984560459007
12.7 35904.486984 0.8975831886397321
12.72 35904.89795466667 0.8976067020190988
12.74 35905.015408 0.8976481153127851
12.76 35904.756087999995 0.8978323140045148
12.78 35904.60858666667 0.8977264264787627
12.8 35904.38624 0.8976230506419236
12.82 35904.500845333336 0.897528746698098
12.84 35904.65415733333 0.8980139845581048
12.86 35904.95336 0.8980507221480305
12.88 35904.943960000004 0.8982617345205829
12.9 35905.43529066667 0.8983080287159669
12.92 35905.85899466667 0.898217992454893
12.94 35906.01571733333 0.8980321851048806
12.96 35906.370608 0.8980229479003259
12.98 35906.44222133333 0.897947601706551
13.0 35906.851072000005 0.8980120624723069
13.02 35906.91309066667 0.8982672635760427
13.04 35906.99500266666 0.8980768535082055
13.06 35906.96969333333 0.8982993288717583
13.08 35906.709853333334 0.8981917833124198
13.1 35906.766128 0.8981098671612896
13.12 35906.805210666666 0.8982372215891251
13.14 35906.89304266666 0.8983198532329169
13.16 35906.95893066666 0.898016190467364
13.18 35906.845301333335 0.8979475291287519
13.2 35907.028376 0.8975809166294125
13.22 35907.09716533333 0.8973612735468899
13.24 35907.41577866666 0.8973264417239301
13.26 35907.69069333334 0.8971352814868989
13.28 35907.702560000005 0.8970907812111473
13.3 35907.67174666667 0.8971688883273078
13.32 35907.68340266666 0.8973611739514585
13.34 35907.818312 0.8972630423792516
13.36 35908.025863999996 0.8972841231969456
13.38 35908.12184266667 0.8976783169732957
13.4 35907.72836266667 0.897597943265724
13.42 35907.64960533333 0.8975343206459595
13.44 35907.52017066667 0.8974764121368509
13.46 35908.00438133333 0.8974619385890001
13.48 35908.192621333335 0.8971793878592625
13.5 35908.30344266667 0.8972690398258638
13.52 35908.281290666666 0.8972554283087388
13.54 35908.391535999996 0.8974913125917303
13.56 35908.57612 0.8969482039441681
13.58 35908.78321066667 0.8969160934402152
13.6 35908.89810133334 0.8969767903404254
13.62 35908.858504 0.8967900370207124
13.64 35908.974272 0.8967679576115345
13.66 35909.18952266667 0.8969582065083899
13.68 35908.99152266666 0.8972809423084951
13.7 35909.089672 0.8972477296309174
13.72 35909.08616266667 0.896856865598872
13.74 35909.00713866667 0.8971012044031356
13.76 35909.67801066667 0.897323927886991
13.78 35909.75126133334 0.8973693444414874
13.8 35909.77490133334 0.8970467195680989
13.82 35910.068024 0.8972795614511643
13.84 35909.509245333335 0.8975394915598945
13.86 35909.47454933333 0.8975748309348694
13.88 35909.88508266667 0.8974834029478411
13.9 35909.712309333336 0.897461533235967
13.92 35909.568258666666 0.8977122653574278
13.94 35909.52890666667 0.8979340383566418
13.96 35909.72206666667 0.8981115684893026
13.98 35909.619106666665 0.8982799384184972
14.0 35909.284133333334 0.8980840727293273
14.02 35909.61275466667 0.8981285268841581
14.04 35909.71217333333 0.8980892865236911
14.06 35909.70182933334 0.8983086060144821
14.08 35910.078632000004 0.8983450527742505
14.1 35909.99545866667 0.8984388886693823
14.12 35910.33760266667 0.8984011527488507
14.14 35910.14952 0.8982682576983566
14.16 35909.94153333333 0.8981439237810401
14.18 35910.049856 0.8980213015776003
14.2 35909.973631999994 0.8979612051970904
14.22 35910.43144266667 0.8979854587958621
14.24 35910.29739466667 0.897964727056951
14.26 35910.12257866666 0.8978165530494058
14.28 35910.43573866667 0.8977063773618316
14.3 35910.61066133333 0.8978488541002007
14.32 35910.48862933333 0.8976817330353041
14.34 35910.58638933333 0.8975338889257957
14.36 35910.371031999995 0.8974008648093348
14.38 35910.660919999995 0.8973920648895263
14.4 35910.245704 0.8976072682492658
14.42 35910.05029866667 0.8978024483597543
14.44 35910.153805333335 0.8977825450175281
14.46 35910.13470933333 0.898067895397147
14.48 35909.892285333335 0.8981667919280323
14.5 35910.04718666666 0.8982395310187175
14.52 35909.980352 0.8982529333636536
14.54 35910.14816 0.8983074706373069
14.56 35910.19992266667 0.8982557600023559
14.58 35910.724773333335 0.8984691419780291
14.6 35910.59155733333 0.8984439517731264
14.62 35910.37849333334 0.8981032364042896
14.64 35910.218991999995 0.8980681872536718
14.66 35910.20316 0.8983045448840109
14.68 35910.41441333333 0.898189155503585
14.7 35910.208082666664 0.897895329543997
14.72 35910.237047999995 0.8980446150826447
14.74 35910.26948533334 0.8979195460019623
14.76 35910.226645333336 0.897772192860001
14.78 35909.82846133334 0.8978911530005855
14.8 35909.64494666667 0.8981483061271122
14.82 35909.564159999994 0.8981594685126649
14.84 35909.40625866667 0.8978749265555908
14.86 35909.341192 0.8978409016467903
14.88 35909.414055999994 0.8978420385236917
14.9 35909.361416 0.8977835806899673
14.92 35909.60988 0.8978194549533454
14.94 35909.85904 0.8979923258227461
14.96 35909.966186666665 0.8978298246298408
14.98 35909.95310133333 0.8977117581260998
15.0 35910.162533333336 0.8977615172884393
15.02 35910.408394666665 0.8976101733165042
15.04 35910.26432533333 0.897626704924059
15.06 35910.43326400001 0.8975974709028625
15.08 35910.728242666664 0.8974464761264482
15.1 35910.723842666666 0.8973216445940428
15.12 35910.47690133333 0.8974602757660052
15.14 35910.534949333334 0.8971800959314573
15.16 35910.631290666664 0.8970388596926978
15.18 35911.09932266667 0.8971956773432013
15.2 35911.120816 0.8972366981994413
15.22 35910.944370666664 0.8972759951206074
15.24 35910.75222933333 0.8972847265362117
15.26 35910.68073066667 0.8973420122362747
15.28 35910.75940533333 0.8972143327190091
15.3 35910.79550666666 0.8973997488157263
15.32 35910.575333333334 0.8972486254247031
15.34 35910.419954666664 0.8971649781253029
15.36 35910.474594666666 0.8974964312487909
15.38 35910.09393066667 0.8975358114202701
15.4 35910.14003466666 0.8974789882188847
15.42 35909.975053333335 0.8973974471992394
15.44 35909.880608 0.8973435498317588
15.46 35909.73505333334 0.8974984641987604
15.48 35909.962776 0.8977202428092087
15.5 35909.853128 0.8978367759227348
15.52 35910.11259733333 0.8974405572416356
15.54 35910.261488000004 0.8975691231174239
15.56 35910.277264000004 0.8974305807572247
15.58 35910.59538133333 0.8973248151710395
15.6 35910.59040266667 0.8972270778572802
15.62 35910.81338133333 0.8974644037294345
15.64 35910.89295466667 0.8975947143707146
15.66 35911.18898133333 0.8976065944776013
15.68 35910.99559466667 0.8976227066279852
15.7 35911.248144 0.897600328679649
15.72 35910.999826666666 0.8976627539849549
15.74 35911.30064533334 0.8976435961280512
15.76 35911.02830666666 0.8977027550231977
15.78 35911.14305866667 0.8978960933268034
15.8 35910.919466666666 0.897808353500621
15.82 35911.06735733333 0.8977937236975758
15.84 35911.113664000004 0.8976095190974616
15.86 35911.42253333333 0.8975972179472381
15.88 35911.72781333333 0.8976854442600843
15.9 35911.615416 0.8977256366837474
15.92 35911.674064 0.8978580200867606
15.94 35911.562296000004 0.8978439484024587
15.96 35911.475018666664 0.8979350821804184
15.98 35911.39068533333 0.8978837578917254
16.0 35911.678109333334 0.8978427137494362
16.02 35911.35124533333 0.8979057787372128
16.04 35910.957237333336 0.898099654641097
16.06 35910.31671466667 0.8980955766305813
16.08 35910.444208 0.898202146919836
16.1 35910.429208 0.8985532315293031
16.12 35910.283368000004 0.8987246159414429
16.14 35910.29952266667 0.8987715336297029
16.16 35910.579719999994 0.8988788467943316
16.18 35910.288466666665 0.8989020050785658
16.2 35909.945584 0.8989257542847718
16.22 35910.28402933333 0.8989113187231972
16.24 35910.42097866666 0.8987780015622396
16.26 35910.45032533334 0.8988067580364532
16.28 35910.38332 0.8986379501349141
16.3 35910.451376 0.8985625285896212
16.32 35910.486744 0.8985550869669232
16.34 35910.689973333334 0.8984879930594699
16.36 35910.789912 0.898481462133593
16.38 35910.58915466667 0.8986052810668781
16.4 35910.906967999996 0.898481154148883
16.42 35911.084162666666 0.8983101103871769
16.44 35910.72679733334 0.8980998975763269
16.46 35911.19123733333 0.8982498986689308
16.48 35911.145674666666 0.8981972654256308
16.5 35911.19334133333 0.8982097442537577
16.52 35911.198952 0.8977686170665296
16.54 35911.429816 0.8976414928558459
16.56 35911.75153066666 0.897642860064358
16.58 35911.43181333333 0.8976961466678666
16.6 35911.479984000005 0.8978535330858965
16.62 35911.561213333334 0.8977796445403571
16.64 35911.64853866666 0.8976189650566851
16.66 35911.708933333335 0.8975320699553192
16.68 35911.643293333334 0.8977151437711643
16.7 35911.75894666667 0.8979476957436765
16.72 35911.758021333335 0.8980729004011603
16.74 35911.91149333333 0.8983141493743514
16.76 35911.91586666666 0.8983313990711926
16.78 35912.025944 0.8981025631841817
16.8 35912.33746133333 0.8980087356577334
16.82 35912.25346666666 0.8980513745328862
16.84 35912.13033866667 0.8981258386716138
16.86 35912.337045333334 0.8983672868744287
16.88 35912.419301333335 0.8981820905145742
16.9 35912.41219466667 0.8985634385530418
16.92 35912.416736 0.8983227955498627
16.94 35912.555093333336 0.8981418011132228
16.96 35912.592848 0.8981294887534922
16.98 35912.424005333334 0.8982286847855606
17.0 35912.38803733334 0.8982189950425701
17.02 35912.19564799999 0.8981650059165149
17.04 35912.10055733334 0.8983710663835862
17.06 35911.799688 0.8981003346418366
17.08 35911.715728 0.8982312858826909
17.1 35911.68567466667 0.8981805516726875
17.12 35911.919896 0.898128499584038
17.14 35911.962112 0.8979249933360539
17.16 35911.79576266666 0.8976858866514128
17.18 35911.77111733334 0.8975702215055809
17.2 35912.011536000005 0.8977802441682303
17.22 35911.847384 0.8980550093120713
17.24 35911.758472 0.8979174563717857
17.26 35911.35948 0.8978966392296844
17.28 35911.390272000004 0.8978878694891337
17.3 35911.27191733333 0.8977397048316704
17.32 35911.303872000004 0.8975851790571627
17.34 35911.26414666667 0.8976076347867001
17.36 35911.152744 0.8978040078047297
17.38 35911.315344 0.8977183546304709
17.4 35911.144144 0.8977505653652609
17.42 35911.280368 0.8977986231300356
17.44 35911.23556 0.8978745673670113
17.46 35911.52126666666 0.8977734625357765
17.48 35911.332213333335 0.897751343663327
17.5 35911.389176 0.8978783883156626
17.52 35911.349074666665 0.8976952731080883
17.54 35911.67300533333 0.8979284703561469
17.56 35911.865472000005 0.8977546221761024
17.58 35911.466376 0.8978076333381393
17.6 35911.622714666664 0.8977732412559194
17.62 35911.29770933333 0.8974863273789438
17.64 35911.55305066667 0.8974341889430926
17.66 35911.092485333334 0.8972653753752328
17.68 35911.31725866666 0.8970122102508898
17.7 35911.19553333333 0.8971467685477896
17.72 35911.047040000005 0.897173140803575
17.74 35910.75257333333 0.8970414668381751
17.76 35910.710717333335 0.897274700827674
17.78 35910.902544 0.8971260768398436
17.8 35910.978384 0.8971436085899707
17.82 35911.204704 0.8969593718950292
17.84 35911.28691466666 0.8971149814292806
17.86 35911.316152 0.8970657637356985
17.88 35911.21688266667 0.8968860755821663
17.9 35911.151776 0.8969588390983692
17.92 35911.098312 0.8968063457538735
17.94 35910.967282666665 0.8968829446356709
17.96 35911.014837333336 0.897139259428264
17.98 35911.11200266667 0.8972983428491853
18.0 35910.765325333334 0.8975523546464069
18.02 35910.849272 0.8974668578734843
18.04 35911.21252266667 0.8975813893813146
18.06 35911.66864266667 0.8973575316093934
18.08 35911.71025066667 0.8971939041007497
18.1 35911.69713066667 0.8970999401221584
18.12 35911.44983733333 0.8970370822426096
18.14 35911.97230666666 0.8973172313505942
18.16 35912.03441866666 0.8971936329055187
18.18 35912.20328533334 0.8971217341285638
18.2 35912.398768 0.8972513350018463
18.22 35912.360936 0.8974315340496296
18.24 35912.47653866667 0.8973511092115274
18.26 35912.632328 0.8972925677910039
18.28 35912.665672 0.8974550885293584
18.3 35912.533266666665 0.8972473963971529
18.32 35912.51902933333 0.8969911232053701
18.34 35912.321584000005 0.8969488772677088
18.36 35912.483016 0.8968473515447698
18.38 35912.267464000004 0.8968069905967783
18.4 35911.93730400001 0.8968424834690926
18.42 35911.78732533333 0.8964974667547339
18.44 35911.915109333335 0.8965724463194275
18.46 35912.10693333333 0.896986006629682
18.48 35911.85462666667 0.8969042399327973
18.5 35911.59060266666 0.8969606181010475
18.52 35911.60554133334 0.8971465384929073
18.54 35911.68097066667 0.8970739620356252
18.56 35911.76794666667 0.8970871741157265
18.58 35912.021136 0.8970987890469998
18.6 35912.23606933333 0.8972885356526736
18.62 35912.066208000004 0.8975728490899318
18.64 35912.04001333333 0.8977490953485591
18.66 35911.76950133333 0.8979762370390117
18.68 35911.65142933333 0.8977132927289532
18.7 35911.650464 0.8979381528996659
18.72 35912.026776 0.8976998068636812
18.74 35912.390528 0.8975473307665457
18.76 35912.65038133333 0.8976235116198925
18.78 35913.026056 0.897609855145463
18.8 35912.74722133333 0.8976849286270081
18.82 35912.68546666667 0.8977067650793553
18.84 35912.940328 0.8979281240795353
18.86 35912.93477066667 0.8979986060838826
18.88 35912.413045333335 0.8982226471061804
18.9 35912.49258133333 0.8983040883820317
18.92 35912.658101333334 0.8982867882543387
18.94 35912.71632 0.8979616192603961
18.96 35912.73406933333 0.8981447265419908
18.98 35912.295984 0.8979764912332033
19.0 35911.748069333335 0.8980132368033781
19.02 35911.86433066666 0.8978571306213091
19.04 35912.05361333334 0.8977415276020074
19.06 35912.190749333335 0.897786719632107
19.08 35912.32164266666 0.8977374001685414
19.1 35912.718776 0.8978109728188471
19.12 35912.52518133333 0.8978803917540876
19.14 35912.706706666664 0.8980818160738707
19.16 35912.772525333334 0.8977792059421583
19.18 35912.68978933334 0.8980136509489917
19.2 35912.64717333333 0.8978003305519985
19.22 35912.972138666664 0.8980424099931011
19.24 35912.713509333335 0.8980618534564054
19.26 35912.62701333333 0.8982851421084784
19.28 35912.65834666666 0.8983105265338558
19.3 35912.54086133333 0.8983164150194161
19.32 35912.535016 0.8983335186155403
19.34 35912.54942933333 0.8982525986613222
19.36 35912.46873066666 0.8981214959375095
19.38 35912.25692 0.898251875342766
19.4 35912.423008 0.89809989289847
19.42 35912.32549333334 0.8979231120708807
19.44 35912.242448000005 0.897754054355584
19.46 35912.832616 0.8977289890412191
19.48 35912.94259733333 0.8975434155028164
19.5 35912.736357333335 0.8971480459403982
19.52 35912.987837333334 0.8970673206362305
19.54 35912.690744 0.8971007927562545
19.56 35912.99707733333 0.8970241484814283
19.58 35913.074429333334 0.8973391640300136
19.6 35913.11649866667 0.897318504103306
19.62 35913.466362666666 0.8971169500988498
19.64 35913.43838666667 0.8972657243948984
19.66 35913.165976000004 0.8971171649957649
19.68 35913.05417066667 0.897189528551122
19.7 35913.05157066666 0.8971865764617938
19.72 35912.84728266667 0.8972754329646454
19.74 35912.71975733333 0.897233654043716
19.76 35912.75962933333 0.8972403968159116
19.78 35912.75562933333 0.8970282830350244
19.8 35912.603712 0.8968991633305571
19.82 35912.488656 0.8965068826152001
19.84 35912.612850666665 0.8966320631293255
19.86 35912.31784266667 0.8967065825697464
19.88 35912.510517333336 0.8969225199558233
19.9 35912.259104 0.8966941415234545
19.92 35912.313965333335 0.8965536504144485
19.94 35912.06877866667 0.8963795576391392
19.96 35912.031789333334 0.8965773468257333
19.98 35912.149421333335 0.8961433295994374
20.0 35912.06933866667 0.8962337285087949
20.02 35912.195794666666 0.8964099808400923
20.04 35912.19374933333 0.8963699055023717
20.06 35912.58263733333 0.8964522292471917
20.08 35912.689141333336 0.8966259620809831
20.1 35912.69314666667 0.8966136342984465
20.12 35912.874661333335 0.8962295956544475
20.14 35912.57216533333 0.8961132520577879
20.16 35912.45251466667 0.8960085067800808
20.18 35912.370952 0.8962939566438166
20.2 35912.694984 0.8963229656000686
20.22 35912.670176 0.8963559432560253
20.24 35912.81153333333 0.8964925172668733
20.26 35912.545512 0.896625801091546
20.28 35912.15213066667 0.8967257298643869
20.3 35912.06253066666 0.897089661213632
20.32 35911.875973333335 0.8969170097481912
20.34 35911.724989333336 0.8972719511061575
20.36 35911.93677866667 0.8973962703406395
20.38 35911.978944 0.8974515852824936
20.4 35912.21448 0.8975874824312858
20.42 35912.156165333334 0.8973993455536718
20.44 35912.37553866667 0.8973973431281237
20.46 35912.435042666664 0.897557365125036
20.48 35912.441386666665 0.897474840371291
20.5 35912.61749866667 0.897449689230996
20.52 35912.56284 0.8976176280271364
20.54 35911.9846 0.8977257226665889
20.56 35911.78306933333 0.8978427473479367
20.58 35911.600784 0.8978831602476655
20.6 35911.58310133334 0.8979316719987367
20.62 35911.508864 0.8980563767676112
20.64 35911.07294666667 0.8981221396384833
20.66 35911.013264 0.8982676169919157
20.68 35910.93019466667 0.8979027076246333
20.7 35910.66658933333 0.8979242369680452
20.72 35910.380552 0.897934260571962
20.74 35910.59844533334 0.8979975273379398
20.76 35910.71951733333 0.8978470599658098
20.78 35910.69835466667 0.8980728407685153
20.8 35910.928858666666 0.8979959474929865
20.82 35910.59738133333 0.8981394599622172
20.84 35910.587360000005 0.8983150826280525
20.86 35910.489128 0.8980461873443766
20.88 35910.638072 0.8982401988994225
20.9 35910.738784 0.8982844494595038
20.92 35910.669008 0.8979399302459431
20.94 35910.22703733333 0.8980224265752321
20.96 35910.31202133333 0.8981538557368851
20.98 35910.69656 0.8984871600412336
21.0 35910.99590666666 0.8986237571223645
21.02 35910.83476533333 0.8985125746810343
21.04 35910.831666666665 0.8984941685747734
21.06 35910.89345066667 0.8988326842410391
21.08 35911.255112 0.898840839117048
21.1 35911.38372 0.8990125177498729
21.12 35911.35365066667 0.8990128027365746
21.14 35911.622208 0.89892494524896
21.16 35911.43164266666 0.8988099648418066
21.18 35911.62704266667 0.8989439907304609
21.2 35912.10378133334 0.8987463037613249
21.22 35912.16177866667 0.8990305950706213
21.24 35912.304077333334 0.8988241912459991
21.26 35912.214384 0.8988077884118613
21.28 35911.915768 0.8988450693665225
21.3 35911.68921333333 0.898593405449006
21.32 35911.67117066667 0.8983479579640055
21.34 35911.539352 0.8980954535250804
21.36 35911.604168000005 0.8979885829618613
21.38 35911.638106666665 0.8980765039858793
21.4 35911.56276 0.8977828325509848
21.42 35911.369304 0.8977721073421534
21.44 35911.17051733333 0.8976497279702239
21.46 35911.26847733333 0.8976723484979627
21.48 35911.51781866667 0.8973447479276249
21.5 35911.59368799999 0.8971949569357011
21.52 35911.590141333334 0.8972644699288934
21.54 35911.574453333335 0.8971909016052618
21.56 35911.81205066667 0.8972248493770602
21.58 35911.791258666664 0.8973225783440081
21.6 35912.14142933334 0.897523512957985
21.62 35912.20190666667 0.8977056737947819
21.64 35912.242888 0.8976313846127263
21.66 35911.78989866667 0.8974219530993016
21.68 35911.70781066667 0.8974154542904808
21.7 35911.921495999995 0.8976933114382987
21.72 35912.00670133333 0.8976108675688167
21.74 35912.09313066667 0.8975281689736879
21.76 35911.93854933333 0.8975889050982467
21.78 35911.68972533333 0.8975407541692701
21.8 35911.762506666666 0.8973738269028299
21.82 35912.014762666666 0.8976997057820418
21.84 35912.143546666666 0.8977814835198314
21.86 35912.156458666665 0.8976914031237259
21.88 35912.13039733333 0.8978552011330311
21.9 35912.33557333333 0.8976838696893232
21.92 35912.362984 0.8976787494956792
21.94 35912.29834933333 0.8977421424140709
21.96 35912.89637066667 0.8975763606840715
21.98 35912.52066666666 0.8976119231167802
22.0 35912.238613333335 0.8975883745204447
22.02 35912.13665066667 0.8978129890648302
22.04 35911.82155466667 0.8979650733252226
22.06 35911.71470133333 0.8978746862803995
22.08 35911.76782933333 0.8974928505369034
22.1 35912.05925866667 0.8975555289744356
22.12 35912.029288000005 0.8974636680436447
22.14 35911.92910933333 0.89737250262026
22.16 35912.23692266666 0.8972823017776096
22.18 35912.03456266667 0.8973140838239606
22.2 35912.20290133334 0.8973272356887783
22.22 35912.09462133334 0.8973799849801455
22.24 35912.18082133333 0.8973095472786313
22.26 35912.286925333334 0.8971936803881465
22.28 35912.45411466667 0.8969210296852158
22.3 35912.672479999994 0.8968634166757776
22.32 35912.81875466667 0.8969767623131478
22.34 35912.76812266667 0.8971493333505558
22.36 35912.77683733334 0.897184007133275
22.38 35912.79424533334 0.8973738325657925
22.4 35912.729616 0.8972758765212235
22.42 35912.865271999995 0.897186468720618
22.44 35913.03199466667 0.8972750369694151
22.46 35912.759053333335 0.8971050238155339
22.48 35912.63302666666 0.8972712149991726
22.5 35912.58902666667 0.8971157783701502
22.52 35912.552488 0.8972370085279068
22.54 35912.38045333333 0.8975201055630889
22.56 35912.045864 0.8977320674106738
22.58 35911.745720000006 0.8978248662883311
22.6 35911.92749866667 0.8978752952191628
22.62 35911.685101333336 0.897914726273378
22.64 35911.62930933334 0.8980250883082578
22.66 35911.72660533333 0.8979602653112486
22.68 35911.780896 0.8977287366716916
22.7 35911.818834666665 0.8976838366575427
22.72 35911.816528 0.8977675169409683
22.74 35912.13691733334 0.8975120647038709
22.76 35912.30718933333 0.8978810186088133
22.78 35912.055944 0.8978359842168336
22.8 35911.83030666667 0.8976772381004772
22.82 35911.852157333335 0.8977774655387665
22.84 35911.84014666667 0.8979257598950302
22.86 35911.83376266667 0.8979239063498217
22.88 35912.29955733333 0.898045914074038
22.9 35911.927354666666 0.8982420101831146
22.92 35912.498450666666 0.8985268514604434
22.94 35912.301576 0.8982677726510844
22.96 35912.290647999995 0.8983063685164125
22.98 35912.19838933334 0.8982355138927487
23.0 35912.47625866667 0.8981344664514292
23.02 35912.57437066667 0.8979244500901317
23.04 35912.52350133333 0.8977019569417952
23.06 35912.41801333333 0.8976061373781621
23.08 35912.253608 0.897519947632093
23.1 35912.246159999995 0.8976192919600078
23.12 35912.455144 0.897702424582398
23.14 35912.477288 0.8977011560438175
23.16 35912.46835733333 0.8978679250543554
23.18 35912.27484 0.8977751166624133
23.2 35912.749952 0.8978327041112097
23.22 35912.844421333335 0.8976624056962268
23.24 35912.80200266666 0.8974245867634278
23.26 35913.091986666666 0.8970618879422511
23.28 35913.016136000006 0.8970631824033087
23.3 35913.045858666665 0.8968230917179438
23.32 35913.109946666664 0.8966646939099614
23.34 35913.07287733334 0.896507809161913
23.36 35913.114722666665 0.8966826140370167
23.38 35913.07860266667 0.8966659725178879
23.4 35913.16446933334 0.8964282201493325
23.42 35912.788312000004 0.8964268856505876
23.44 35913.03371733333 0.8965146091230382
23.46 35913.13356533334 0.8968164195449225
23.48 35912.96885866667 0.8968863487217024
23.5 35913.06707999999 0.8969380600147281
23.52 35912.956904 0.897076364331235
23.54 35912.643192 0.8969110544670763
23.56 35912.382464 0.896954827228826
23.58 35912.393458666666 0.896976418872407
23.6 35912.433072 0.8971245283525903
23.62 35912.11901333333 0.8969822965291796
23.64 35912.31872533333 0.8971207299172055
23.66 35912.312904000006 0.8973247446961904
23.68 35912.27904533333 0.8977876861296732
23.7 35912.013997333335 0.8977553074915277
23.72 35912.18144266667 0.8975938150141367
23.74 35912.02701866666 0.897546878506292
23.76 35912.30495466667 0.8973779807010354
23.78 35912.54850666667 0.8975285221412225
23.8 35912.13343466667 0.8976465863645177
23.82 35912.07940533334 0.8975569002154458
23.84 35911.952528 0.8975154703155347
23.86 35912.060744 0.8976750933006685
23.88 35911.99975733334 0.8975617791798995
23.9 35912.297274666664 0.8976416334580996
23.92 35912.521517333334 0.8976422129031224
23.94 35912.479666666666 0.8977795637503629
23.96 35911.85085333334 0.8975337313231766
23.98 35911.866226666665 0.8974617828482361
24.0 35911.772229333335 0.8972209772983863
24.02 35911.649893333335 0.8973067482251809
24.04 35911.059512 0.8975290280334964
24.06 35911.18629866667 0.8975567624456998
24.08 35911.536816 0.8975282958741304
24.1 35911.79652266667 0.8976718000807343
24.12 35912.23497866667 0.8978894173974562
24.14 35912.144032 0.8978631158445392
24.16 35912.33608266667 0.8979727498306831
24.18 35911.98662933333 0.8978985143866004
24.2 35911.812776 0.8977850173990363
24.22 35911.71152 0.8977368879089813
24.24 35911.74038933333 0.8977996307086628
24.26 35912.19398933333 0.8980216181298663
24.28 35912.05357866667 0.8980073510017957
24.3 35911.993768 0.898024557373493
24.32 35912.073056 0.8979032685706828
24.34 35911.98809333333 0.8978005964338505
24.36 35911.90272533333 0.8977451966121147
24.38 35911.83006666666 0.8977631536421428
24.4 35912.00917333334 0.8978352787693669
24.42 35911.90356266667 0.8979963352335685
24.44 35911.827264 0.8978673312422484
24.46 35911.534170666666 0.8982654795578924
24.48 35911.24335733333 0.8983750128884475
24.5 35911.484242666666 0.8981602922711736
24.52 35911.35680266666 0.89847269140109
24.54 35911.241418666665 0.898286016060601
24.56 35911.20501066667 0.8984148872981701
24.58 35911.012392000004 0.8985540378353706
24.6 35911.31402666667 0.8986523895240159
24.62 35911.204488 0.8986594535486672
24.64 35911.38423733333 0.8986089601971089
24.66 35911.24586133333 0.8985938710895771
24.68 35910.906448 0.8989191194769165
24.7 35910.95939466667 0.8984490527603879
24.72 35911.03985066667 0.898240756006338
24.74 35910.73287466666 0.8980517867280634
24.76 35910.711176 0.8979231512552598
24.78 35910.66157066666 0.8980194066498802
24.8 35910.76323733333 0.8979413608124339
24.82 35910.797816000006 0.8980573335243168
24.84 35910.777992 0.8979187477623729
24.86 35910.94581866667 0.8978461091605979
24.88 35911.002362666666 0.8977805355950403
24.9 35910.987693333336 0.8975949188035347
24.92 35911.083752000006 0.8973738993693837
24.94 35911.033072 0.8974696751737741
24.96 35911.316362666665 0.8978136833735064
24.98 35911.140696 0.8975246148848012
25.0 35911.33809333333 0.8976555865585776
25.02 35911.397917333335 0.8975539446248042
25.04 35911.48111466667 0.8974836529146016
25.06 35911.23505333334 0.8973023417163796
25.08 35911.38183466667 0.8974907555395188
25.1 35911.44944 0.8971767190798364
25.12 35911.21613066667 0.8968577956864034
25.14 35911.039952 0.8966885929603902
25.16 35910.90006933334 0.8967431477078772
25.18 35910.77061866666 0.8971236867360407
25.2 35910.952794666664 0.8973033357207023
25.22 35911.28238666667 0.8973851843207938
25.24 35911.46418133333 0.8973487965754765
25.26 35911.435306666666 0.8975477139356155
25.28 35911.335845333335 0.8978953373857748
25.3 35911.603802666665 0.8976574044133316
25.32 35911.63094133334 0.8976251132560373
25.34 35911.632168 0.897628769080398
25.36 35911.733528 0.8975864020382175
25.38 35911.916511999996 0.8978650041481474
25.4 35911.860344 0.8980414054433603
25.42 35911.827397333334 0.8979268310296468
25.44 35911.575807999994 0.8978339644973925
25.46 35911.734672 0.8977635252794364
25.48 35912.08068 0.897771416495416
25.5 35911.938519999996 0.89764522004041
25.52 35911.61942133334 0.8976264289877861
25.54 35911.80690133333 0.8979182574418766
25.56 35911.710501333335 0.8978175261502317
25.58 35911.881237333335 0.8976889233958589
25.6 35911.86551733333 0.8975125510482469
25.62 35911.793637333336 0.8975883115246747
25.64 35911.55222666667 0.8975012568266053
25.66 35911.465127999996 0.8974753044642251
25.68 35911.39131733333 0.8975559660096655
25.7 35911.316936 0.8976162047954684
25.72 35911.254728 0.8976381887147117
25.74 35911.24530933333 0.8975697622610778
25.76 35911.17268 0.8976786086376268
25.78 35911.296837333335 0.8974055074684926
25.8 35911.321330666666 0.8972850208285705
25.82 35911.24312266667 0.897336115014218
25.84 35911.370925333336 0.8973499415303098
25.86 35911.41159733334 0.8971877084960762
25.88 35911.76274133333 0.8972597377022958
25.9 35911.84412 0.8970203791434055
25.92 35911.499165333335 0.8972225835902669
25.94 35911.269554666665 0.8971692968835767
25.96 35911.57437066667 0.897168540732532
25.98 35911.358373333336 0.8973987989920161
26.0 35911.47477066667 0.897267469274897
26.02 35911.386245333335 0.8973724839737147
26.04 35911.33974133333 0.8974853047158763
26.06 35911.25075466667 0.8974858877129628
26.08 35911.23734133333 0.8978238578394973
26.1 35911.35772 0.8973512044007067
26.12 35911.29752266666 0.8976247182939822
26.14 35911.220576 0.8972124721056784
26.16 35911.385504000005 0.89729965588947
26.18 35911.270597333336 0.897541608912557
26.2 35911.299328 0.8973991860357361
26.22 35911.244808 0.8972442206713118
26.24 35910.96852266666 0.8974203990714363
26.26 35910.92807466666 0.8971136895206138
26.28 35911.03258133333 0.897097281955472
26.3 35911.27742133333 0.8972672289571144
26.32 35911.14980266667 0.8969483735705869
26.34 35911.37324266667 0.8972028233693848
26.36 35911.53990933333 0.8973485643458724
26.38 35911.418293333336 0.8976019777027001
26.4 35911.21013866666 0.8977303605613324
26.42 35911.37415733334 0.898142152835025
26.44 35911.47176 0.8981825003517168
26.46 35911.72158133333 0.8979296051697258
26.48 35911.890666666666 0.8978464592320267
26.5 35911.76517333333 0.897874651327165
26.52 35911.41755466667 0.89776302198059
26.54 35911.54317066667 0.8978362603428208
26.56 35911.69317866667 0.8979547901456058
26.58 35911.65697333333 0.8978061887677579
26.6 35911.7166 0.897800610886783
26.62 35912.23724533334 0.8975064918100998
26.64 35912.19465866667 0.8973672724091001
26.66 35912.08414666667 0.8973713727954972
26.68 35912.22762666667 0.8974051677292696
26.7 35911.71909866667 0.8976384446281968
26.72 35911.62292533333 0.8975746495079925
26.74 35911.55064533334 0.8974125810928024
26.76 35911.50440266667 0.8976893091026433
26.78 35911.240117333335 0.8977847630679396
26.8 35911.44309866667 0.897606262357382
26.82 35911.338144 0.8978808548426614
26.84 35911.183472000004 0.8980066116568459
26.86 35911.471600000004 0.8977725656395709
26.88 35911.84438133333 0.8975967179361333
26.9 35912.02948 0.8978560380164824
26.92 35911.96115733334 0.897783276369494
26.94 35912.102512 0.8975042798273332
26.96 35911.85482933333 0.8974419316881054
26.98 35911.73594133333 0.8973614899864168
27.0 35911.791024000006 0.8975655531986898
27.02 35911.72010133333 0.8973941214643718
27.04 35911.470584 0.897379879913742
27.06 35911.95654666667 0.8975595341235365
27.08 35911.705384 0.8975351922534553
27.1 35911.88778666667 0.8975171677649306
27.12 35911.907197333334 0.8973204614317016
27.14 35911.892530666664 0.8976431209946372
27.16 35911.93351733333 0.8976125826036335
27.18 35911.89300533333 0.8979225098572597
27.2 35911.53365333333 0.8980251153410753
27.22 35911.185312 0.8979681206987655
27.24 35911.40673066667 0.8979803884743232
27.26 35911.28993866667 0.8979478949262655
27.28 35911.46325866667 0.8980435345095632
27.3 35911.46850666667 0.8982112438039579
27.32 35911.84350133334 0.8981230038896089
27.34 35911.859013333335 0.8980710650457713
27.36 35911.55464533334 0.8978358671450085
27.38 35911.69241333334 0.8979402414128392
27.4 35911.78831733334 0.8980508888502865
27.42 35911.952101333336 0.8982249375267731
27.44 35911.58957066666 0.8980884797829652
27.46 35911.758816 0.8982987556835116
27.48 35912.10738933334 0.8978671537976581
27.5 35912.092584 0.8980584387774939
27.52 35911.958373333335 0.8980559736028976
27.54 35912.11689333333 0.8982598877145036
27.56 35912.000568 0.898389920862456
27.58 35912.39226666666 0.8982445502175244
27.6 35911.929013333334 0.8982047139520417
27.62 35911.87461333333 0.8984489418741839
27.64 35911.85244 0.8984067553212918
27.66 35912.25905066667 0.8984619503572407
27.68 35912.572488 0.8983863232212956
27.7 35912.405688 0.8981869644663821
27.72 35912.480344 0.8981242567984544
27.74 35912.54332533333 0.8981376112727103
27.76 35912.494130666666 0.8983273899863062
27.78 35912.494973333334 0.8982308249387942
27.8 35912.44763466666 0.8978244779825469
27.82 35912.79906933333 0.8975847584794752
27.84 35912.810869333334 0.8976456100615957
27.86 35912.93456 0.897578804406354
27.88 35912.81798133333 0.8976552956166186
27.9 35912.756682666666 0.8977491057441256
27.92 35912.897242666666 0.8975779920676644
27.94 35912.880311999994 0.897852302924634
27.96 35912.847263999996 0.8975088708452403
27.98 35912.77321866667 0.8972120883136282
28.0 35912.549408 0.8972624107175646
28.02 35912.697109333334 0.8975571944958459
28.04 35913.003448 0.8975805125867938
28.06 35913.28076266666 0.8975055915742892
28.08 35913.223864 0.8976512844394765
28.1 35913.302104 0.8977824286740991
28.12 35913.24230666667 0.8980624413916476
28.14 35913.20303733334 0.8979988341984481
28.16 35913.147397333334 0.8982482919832552
28.18 35913.047973333334 0.8982414859626425
28.2 35912.94118133333 0.8983486260093929
28.22 35912.662536 0.8985225514276725
28.24 35912.785416 0.8987686432867131
28.26 35912.70168 0.8985190418835612
28.28 35912.405591999996 0.8987345682515275
28.3 35912.62817066666 0.8986733164734616
28.32 35912.49376533333 0.8986262127720352
28.34 35912.96469866666 0.8987501049203989
28.36 35912.91702133333 0.8984233957836334
28.38 35912.901368000006 0.8983887324345362
28.4 35912.697176 0.8983450607346534
28.42 35913.137816 0.898338412264188
28.44 35913.28628266667 0.8983436100364367
28.46 35913.32045866667 0.8984084357104299
28.48 35913.26244 0.8983417536663091
28.5 35912.630919999996 0.8982940338399339
28.52 35913.16250133334 0.8978996945847094
28.54 35913.26671733333 0.8978986147558444
28.56 35913.26656266667 0.8977104497828658
28.58 35913.29949066667 0.8976468468941038
28.6 35913.539791999996 0.8976476763321319
28.62 35913.50424533333 0.8974742854727603
28.64 35913.154797333336 0.8977774623380533
28.66 35913.278112 0.8976789760953575
28.68 35913.31157866666 0.8975246665489875
28.7 35913.332152 0.8975410240830838
28.72 35913.55684533333 0.8971869752427702
28.74 35913.19160266667 0.8969688481765802
28.76 35913.429013333334 0.897174630952578
28.78 35913.31779466667 0.8973483236812085
28.8 35913.056808 0.8972247189147458
28.82 35912.938189333334 0.8973047745720663
28.84 35913.07914933333 0.8973582919812404
28.86 35912.94514133333 0.8971974810516457
28.88 35912.73415733333 0.8971928996337548
28.9 35912.700648 0.8974627774815257
28.92 35912.72997066667 0.8974529954929509
28.94 35912.90059466667 0.8974135480984174
28.96 35913.261696 0.8971207392426594
28.98 35913.262319999994 0.8971291160501716
29.0 35913.28194933334 0.897183233027073
29.02 35913.308768 0.8973183057529555
29.04 35913.00786666667 0.8973181681309899
29.06 35912.62318933333 0.897487087267919
29.08 35912.677954666666 0.8972293333607829
29.1 35912.633728 0.8971730005476639
29.12 35912.98071733334 0.8974363350025638
29.14 35912.871888 0.8975782759865283
29.16 35913.00239466667 0.8974866985633952
29.18 35912.951583999995 0.8975070117882534
29.2 35912.842917333335 0.8972526072064563
29.22 35912.818864 0.8975352056326011
29.24 35912.511736 0.8976740381273577
29.26 35912.514096 0.8976932146929216
29.28 35912.77203733333 0.8979977230116903
29.3 35912.672 0.897937174532596
29.32 35912.39813866667 0.8979813618146846
29.34 35911.97077066667 0.8980296521393191
29.36 35911.730864 0.898019475486428
29.38 35911.628136 0.8980796500261258
29.4 35911.66706666666 0.8980455204247094
29.42 35911.69231466667 0.8981416270770914
29.44 35911.47190133333 0.8980191618770933
29.46 35911.517776 0.8981995820268206
29.48 35911.18996 0.8982306188232038
29.5 35910.988 0.8985511004665814
29.52 35910.816 0.8986694066131705
29.54 35910.906344 0.8986141918154529
29.56 35911.26983733333 0.8987285012309209
29.58 35911.358717333336 0.8984725237258481
29.6 35911.93667733333 0.8986387993112664
29.62 35911.67239466667 0.8984154216879648
29.64 35911.40885866666 0.8984427993227484
29.66 35911.63654666667 0.898399663712167
29.68 35911.64113333333 0.8982544669795549
29.7 35911.72530400001 0.8982029635105804
29.72 35911.82732 0.8981793933020631
29.74 35911.87789333334 0.8982601187301084
29.76 35911.505944000004 0.8984801215166988
29.78 35911.128312 0.8986789313362944
29.8 35911.272304 0.8985986258960051
29.82 35911.462072 0.8989052894369548
29.84 35911.323496 0.8989721564404524
29.86 35911.26623733333 0.8986763214075262
29.88 35911.214680000005 0.8985017714376113
29.9 35911.17639733333 0.8983337878677564
29.92 35911.059482666664 0.8983410256921156
29.94 35911.636794666665 0.8980730382598764
29.96 35911.470632 0.8977094869489058
