0.0 145059.75360333335 0.1691509814078608
0.02 147292.59316933333 0.17026780059873953
0.04 149480.19952 0.1712449900015898
0.06 151623.41195933335 0.17209913618926695
0.08 153723.188138 0.17281940407305552
0.1 155780.310392 0.17344675172167137
0.12 157795.692904 0.17401095378052897
0.14 159770.097954 0.1744752416150573
0.16 161704.34687333333 0.17481778511688464
0.18 163599.31673666666 0.17506540758796083
0.2 165455.712602 0.17522746443069293
0.21 166369.689804 0.1752884611766593
0.214 166732.44842666667 0.24780299421263086
0.23399999999999999 165401.40600666666 0.24819817563385735
0.254 164120.95834666665 0.2485263262630184
0.274 162888.872264 0.24883049191071951
0.294 161703.60840133333 0.2490725772935941
0.314 160562.86555066667 0.2493337137971125
0.33399999999999996 159464.98977333333 0.24960064812480764
0.354 158408.29080933332 0.24981246510680855
0.374 157391.148044 0.25008582831870096
0.394 156411.930144 0.25015155281047313
0.41400000000000003 155469.07719466666 0.25034195002275217
0.434 154561.37834 0.2505063179403572
0.45399999999999996 153687.27335466666 0.2506673540231415
0.474 152845.443884 0.2507513989421323
0.494 152034.704756 0.25083808691390314
0.514 151253.814712 0.25100515498564907
0.534 150501.7155146667 0.2511150138465698
0.554 149777.28039866668 0.2512314461299468
0.574 149079.25469066668 0.2513404113883155
0.594 148406.77769999998 0.2513973907461578
0.614 147758.90255333332 0.25152910569382264
0.634 147134.67761466667 0.2515132512838734
0.654 146533.12788133335 0.25146459550915123
0.674 145953.429884 0.251490526398368
0.694 145394.79826666668 0.2516020949287726
0.714 144856.44227066665 0.25166237264427416
0.734 144337.61971466668 0.25171127600986887
0.754 143837.49655733333 0.2517429287917248
0.774 143355.43378666666 0.2518224493560567
0.7939999999999999 142890.737724 0.25186699674706403
0.814 142442.735008 0.25192325051858705
0.834 142010.957864 0.252009286875262
0.854 141594.62230933335 0.2520946268683663
0.874 141193.24680933333 0.25212894327398927
0.894 140806.35062533332 0.2520985658447122
0.9139999999999999 140433.27513199998 0.2521190864115839
0.9339999999999999 140073.53302666667 0.25215863518656517
0.954 139726.63724 0.25210031472941896
0.974 139392.11628133332 0.2521992541709642
0.994 139069.46620266666 0.25224579171496925
1.014 138758.38280800002 0.25231974841370886
1.034 138458.423668 0.2522830124686312
1.054 138169.22266 0.252302173620498
1.074 137890.27385466668 0.2523344280651797
1.094 137621.12756666666 0.25238565959130954
1.114 137361.55286266666 0.25242000823660005
1.1340000000000001 137111.14407066666 0.25242958602526666
1.154 136869.708092 0.2523834626779097
1.174 136636.90586266667 0.25250167118170924
1.194 136412.24697466666 0.2524533362672351
1.214 136195.602452 0.25252743611730194
1.234 135986.52669866668 0.2525583949505079
1.254 135785.04732933332 0.2525321272565623
1.274 135590.57864666666 0.2524810156683749
1.294 135402.87918133332 0.2524700528998768
1.314 135221.87035066666 0.25246366650065527
1.334 135047.35568933334 0.25258771849096495
1.3539999999999999 134878.83527466666 0.2527503980075461
1.3739999999999999 134716.29796933333 0.25281113561875773
1.394 134559.38556800003 0.25278027423662563
1.414 134408.12168933335 0.2527859161777719
1.434 134262.006088 0.2528489715123841
1.454 134121.01490666668 0.25287789760468543
1.474 133985.14627466665 0.25300073394108524
1.494 133854.06328133334 0.25301081996284325
1.514 133727.66082 0.25306270013692583
1.534 133605.59032666666 0.25302867755062947
1.554 133487.69702666666 0.2530743086411661
1.574 133374.13241333334 0.25305250202451934
1.5939999999999999 133264.568652 0.2529725985552588
1.6139999999999999 133158.74359466665 0.2529786381719961
1.634 133056.55105866666 0.25298846884180737
1.654 132958.05401066667 0.25295306795127387
1.674 132863.06071866665 0.2529764334775668
1.694 132771.27258533332 0.25295321853006714
1.714 132682.77644666668 0.25308013661424694
1.734 132597.31728000002 0.2530532418722935
1.754 132514.88247866667 0.25301499067853106
1.774 132435.29392933333 0.2530037799399099
1.794 132358.58912666666 0.2529875975555955
1.814 132284.51707733332 0.2530508621315487
1.834 132213.00848933333 0.2530297761375185
1.8539999999999999 132144.01806799998 0.2530009539021996
1.8739999999999999 132077.40507333336 0.2530012697340801
1.894 132013.15670666666 0.2530676147761976
1.914 131951.24816533335 0.2531303448050444
1.934 131891.28782666667 0.25312088826684853
1.954 131833.56109733332 0.25316055999031006
1.974 131777.82253733336 0.2531321007845344
1.994 131724.05702933334 0.2532015153222094
2.0140000000000002 131672.09547333332 0.2532144271969962
2.0340000000000003 131622.07407866666 0.2532572029437757
2.0540000000000003 131573.87026133336 0.2532296347177017
2.0740000000000003 131527.31949999998 0.2532485344429236
2.094 131482.405956 0.25324952682737245
2.114 131439.08766133332 0.25323368677877794
2.134 131397.257972 0.25326655769770046
2.154 131356.95111999998 0.25333072755963354
2.174 131318.005296 0.2532878476939827
2.194 131280.3185 0.2533423761093121
2.214 131244.00813600002 0.25328430980793937
2.234 131209.044536 0.25329375897691525
2.254 131175.31610666667 0.25326672071457246
2.274 131142.67884266668 0.25326997774979454
2.294 131111.14726533333 0.2532484214290357
2.314 131080.76690266666 0.2532941940709071
2.334 131051.36383733331 0.2533508002758365
2.354 131023.085888 0.25335257514575416
2.374 130995.82057733333 0.25334215145048566
2.394 130969.46486533333 0.2534091419651806
2.414 130944.07379733335 0.25343047396942053
2.434 130919.55891333333 0.25344190925095406
2.454 130895.99759866668 0.2534674750122113
2.4739999999999998 130873.19959333334 0.2535111226980483
2.4939999999999998 130851.07426133333 0.2534583994796163
2.514 130829.74299333333 0.2534283275467383
2.534 130809.17817066668 0.25348589185936676
2.554 130789.28317733333 0.25348544758636943
2.574 130770.11768533333 0.25347904135814714
2.594 130751.760924 0.2533887737161328
2.614 130734.02913333334 0.25338744559779264
2.634 130716.97492799998 0.25341795523906036
2.654 130700.50383733334 0.2534432769489529
2.674 130684.52456000002 0.2534629396363272
2.694 130669.000876 0.2533906125812632
2.714 130654.22604933335 0.25343455773247286
2.734 130639.95391466666 0.25349329798119585
2.754 130626.143868 0.25341445680213787
2.774 130612.93668133335 0.2533631196121264
2.794 130600.17113333334 0.2533771811050125
2.814 130587.85332266666 0.2534625409793998
2.834 130575.89376933334 0.2534429753891462
2.854 130564.47305733335 0.2534289544387504
2.874 130553.41347600002 0.2534485964249124
2.894 130542.76585866665 0.2534378181255103
2.914 130532.44664266668 0.25349867467408893
2.934 130522.49912133333 0.2535280994806648
2.954 130512.80381333335 0.2535244411902196
2.9739999999999998 130503.67104933335 0.25356288576461494
2.9939999999999998 130494.82473866668 0.2536411599984553
3.014 130486.11323066667 0.253694106171791
3.034 130477.84794533334 0.25368057181406656
3.054 130469.87478533333 0.2537633123483689
3.074 130462.24087066666 0.2536950270901
3.094 130454.84636666666 0.2536863867948891
3.114 130447.67853733333 0.2535974960748536
3.134 130440.81038666668 0.25354908444895524
3.154 130434.30590133333 0.25349977560579917
3.174 130427.83640666668 0.2534770961389121
3.194 130421.62112666668 0.2534072200771626
3.214 130415.77034799999 0.25337399060557714
3.234 130410.066072 0.253410885758097
3.254 130404.58032800001 0.2534200037688338
3.274 130399.39143866667 0.2534781458963148
3.294 130394.208856 0.2534070754281479
3.314 130389.33679599999 0.2534760023574699
3.334 130384.54588 0.25356669165256884
3.354 130379.97659066666 0.2535734475965359
3.374 130375.594224 0.25356929074025136
3.394 130371.36881066667 0.2534772257923429
3.414 130367.242512 0.25347945473993255
3.434 130363.21379333333 0.25344625535233267
3.454 130359.44978933333 0.2533958747995436
3.4739999999999998 130355.79705599998 0.2533855439912769
3.4939999999999998 130352.306692 0.2533764173793219
3.514 130348.91436933333 0.25339431213790015
3.534 130345.72418266666 0.2533736317795523
3.554 130342.661748 0.2533275337761356
3.574 130339.60339199999 0.2532275615162735
3.594 130336.74974 0.2532534725189345
3.614 130333.95260533332 0.2532883338708467
3.634 130331.27624 0.25330305344105675
3.654 130328.64488799998 0.2534040459931069
3.674 130326.18374666666 0.2534373497729908
3.694 130323.87159733333 0.253361195455886
3.714 130321.63074133333 0.25335338007761743
3.734 130319.47650133332 0.2534008840872678
3.754 130317.36453466667 0.253432493667415
3.774 130315.38344 0.253380464149043
3.794 130313.44974533333 0.2533425647983945
3.814 130311.58714266666 0.2532572215142635
3.834 130309.92238666667 0.25322870553365867
3.854 130308.21754266665 0.2531864546258072
3.874 130306.49405466666 0.2532016954436883
3.894 130304.99105066668 0.2533473075364243
3.914 130303.42604933333 0.2533649286881054
3.934 130301.92934133334 0.2534322953218194
3.954 130300.53321866668 0.25341261717644153
3.9739999999999998 130299.23970266667 0.25337277745989545
3.9939999999999998 130297.98447199998 0.2534759885358859
4.014 130296.82402533334 0.25352537802218816
4.034 130295.65692000001 0.2535770384143511
4.054 130294.53011066667 0.25358645218958825
4.074 130293.42079066666 0.25354026618073966
4.094 130292.416052 0.2535287416183072
4.114 130291.438388 0.25351679143980893
4.134 130290.51413466668 0.2534849837077032
4.154 130289.64032533334 0.25345627993012987
4.174 130288.79420666666 0.25352356158024475
4.194 130288.10147466665 0.2535294138689176
4.214 130287.30814933334 0.25350957184352757
4.234 130286.61816133332 0.25352573169489795
4.2540000000000004 130285.915272 0.25346680250672027
4.274 130285.24392933334 0.25352619993840936
4.2940000000000005 130284.69510266668 0.2535330477889643
4.314 130284.126556 0.25346576480215177
4.3340000000000005 130283.53845866668 0.2535115074455226
4.354 130283.03698133334 0.2534439983631834
4.3740000000000006 130282.54767733334 0.2534057887795664
4.394 130281.99953333332 0.25339345155955795
4.414000000000001 130281.48896266667 0.2534002892623031
4.434 130281.14803866667 0.2533931479484594
4.454000000000001 130280.72620666667 0.25335857791264804
4.474 130280.29543333332 0.25339002555834994
4.494000000000001 130279.87299066666 0.25340907564073084
4.514 130279.49161200001 0.25339687839462594
4.534000000000001 130279.227224 0.25335063877993125
4.554 130278.95752666667 0.2535830541839013
4.574000000000001 130278.73474933335 0.25365946312130583
4.594 130278.44873199999 0.2537070004335143
4.614000000000001 130278.25930933334 0.25377380444883907
4.634 130278.06308133334 0.25378040414826275
4.654000000000001 130277.75920666667 0.25375788768508717
4.674 130277.57871733332 0.2537955400825951
4.694000000000001 130277.39912666666 0.25379294651246526
4.714 130277.25849466668 0.2537116972529863
4.734 130277.099828 0.25375039185836556
4.7540000000000004 130276.90640533334 0.25366177763211
4.774 130276.807524 0.2537197061626651
4.7940000000000005 130276.61877733332 0.25371468283470416
4.814 130276.45240400001 0.25367148754721686
4.8340000000000005 130276.31359599999 0.2537403112536025
4.854 130276.32506666667 0.25369390881841775
4.8740000000000006 130276.13421866666 0.25365589984929804
4.894 130276.075644 0.2536676140983789
4.914000000000001 130275.94436266666 0.25359037718408206
4.934 130275.85967733333 0.25354730980194223
4.954000000000001 130275.78450400001 0.25355306419985724
4.974 130275.69082666667 0.2535794492673972
4.994000000000001 130275.70332933334 0.2535244670278728
5.014 130275.642836 0.25357854296334614
5.034000000000001 130275.689032 0.25349379014484946
5.054 130275.62434400001 0.2534933062278348
5.074000000000001 130275.67754666666 0.25353125424950623
5.094 130275.72774533334 0.253480971369054
5.114000000000001 130275.706328 0.2535402829273393
5.134 130275.73374 0.25349992425457574
5.154000000000001 130275.87739866666 0.2535115657909933
5.174 130275.94237599999 0.25352019489056404
5.194000000000001 130276.03453066666 0.25361485507075676
5.214 130276.11778133333 0.2536306239888138
5.234 130276.17739733335 0.2535972135419174
5.2540000000000004 130276.26372666666 0.2535818944423358
5.274 130276.22633199999 0.2534954002709381
5.2940000000000005 130276.32702 0.253504451011112
5.314 130276.220804 0.2534545451438509
5.3340000000000005 130276.38735333332 0.25346178683346066
5.354 130276.48025733334 0.253510877815268
5.3740000000000006 130276.49017599999 0.2534870688656744
5.394 130276.56479733334 0.25353310995535383
5.414000000000001 130276.536356 0.2535842494999727
5.434 130276.57442266666 0.25357078162152696
5.454000000000001 130276.68322666666 0.25360718114652325
5.474 130276.77154266667 0.25356306087267066
5.494000000000001 130276.87078266667 0.2535475965192567
5.514 130276.93960533335 0.2535466613628297
5.534000000000001 130277.071188 0.2535799592617019
5.554 130277.31781466666 0.2535979996019187
5.574000000000001 130277.44743066667 0.25356056341371086
5.594 130277.61354533333 0.25350091969004457
5.614000000000001 130277.66072666665 0.2535919983002514
5.634 130277.81191333331 0.2535904394420133
5.654000000000001 130277.906592 0.2535597684892778
5.674 130278.06198266667 0.2534734818542576
5.694000000000001 130278.16922799998 0.2533950074997338
5.714 130278.38742000001 0.253427797514763
5.734 130278.51366 0.25340288973819336
5.7540000000000004 130278.73175866666 0.25334850475529064
5.774 130278.84419733332 0.25337335749394146
5.7940000000000005 130278.98043200001 0.25340201261838746
5.814 130279.039532 0.25341044751064323
5.8340000000000005 130279.18642666665 0.2533635201181657
5.854 130279.29090800001 0.2533192653864116
5.8740000000000006 130279.49171999999 0.2533978454484031
5.894 130279.46255866665 0.2533508343307213
5.914000000000001 130279.59493866666 0.25340812279382213
5.934 130279.60850799999 0.25328834392358773
5.954000000000001 130279.6992 0.2532596424467758
5.974 130279.85091466666 0.25335246394424726
5.994000000000001 130279.83012 0.253403185536756
6.014 130280.05677733335 0.25336600036599916
6.034000000000001 130280.24342266668 0.25335543470989835
6.054 130280.45884266666 0.2533988592727505
6.074000000000001 130280.53557333333 0.25337416442667704
6.094 130280.71237333334 0.25333182151344624
6.114000000000001 130280.81175333333 0.2533374796911597
6.134 130280.976596 0.25328887992531657
6.154000000000001 130281.14070666667 0.2532733794944028
6.174 130281.28617466666 0.2532527890102451
6.194000000000001 130281.35762133334 0.25324612664111434
6.214 130281.44812133333 0.2532187336909819
6.234 130281.54861866668 0.2531854803945026
6.2540000000000004 130281.67429733335 0.2532281754548993
6.274 130281.72354400001 0.25320310044600575
6.2940000000000005 130281.76709333334 0.25323901673726934
6.314 130281.81395466666 0.25326314460062965
6.3340000000000005 130281.98946133333 0.25329657878236894
6.354 130282.13734 0.2533664530459441
6.3740000000000006 130282.30115066667 0.2534569926686453
6.394 130282.488712 0.25345744797826036
6.414000000000001 130282.686732 0.25359367556421425
6.434 130282.88782 0.25357870107683267
6.454000000000001 130283.14398533333 0.25350892992715623
6.474 130283.38567466666 0.2534450343133058
6.494000000000001 130283.571548 0.25342955694489694
6.514 130283.64135999998 0.2534679226482735
6.534000000000001 130283.79246533333 0.2534044702945966
6.554 130283.843384 0.25328032840831993
6.574000000000001 130283.844328 0.25335957138270404
6.594 130283.86004133333 0.2533474801858469
6.614000000000001 130283.92357733333 0.25334474395437007
6.634 130284.06173066667 0.2534034785074771
6.654000000000001 130284.21925066666 0.253420298228757
6.674 130284.32833466667 0.2534067030275386
6.694000000000001 130284.38242666666 0.25325925367009317
6.714 130284.48404800001 0.2531904064934013
6.734 130284.56651866667 0.25319939970210675
6.7540000000000004 130284.80793466666 0.25319957537385324
6.774 130284.96784933333 0.25314746071458305
6.7940000000000005 130285.167168 0.25327183609616194
6.814 130285.32326666667 0.25334020396067075
6.8340000000000005 130285.43004133334 0.25327167313877463
6.854 130285.453492 0.25335330417410246
6.8740000000000006 130285.51846266666 0.25336864639912826
6.894 130285.66792266667 0.25339665389548754
6.914000000000001 130285.692484 0.2533149008567038
6.934 130285.77488666667 0.2532956323994553
6.954000000000001 130285.86888266666 0.25332110598706165
6.974 130285.97949866668 0.2533666875759408
6.994000000000001 130286.093468 0.25334897276661705
7.014 130286.28524000001 0.25328307538482575
7.034000000000001 130286.39714933335 0.2531930699921602
7.054 130286.63547066669 0.2531234678958098
7.074000000000001 130286.65054666666 0.2531010728761104
7.094 130286.63253333332 0.25302754202854905
7.114000000000001 130286.66344266667 0.2530587090381654
7.134 130286.706128 0.25309208973531633
7.154000000000001 130286.79367866665 0.25302644786628026
7.174 130286.96337733333 0.2530620137445874
7.194000000000001 130287.11726133333 0.25309138212789967
7.214 130287.12617600002 0.25308970632057315
7.234 130287.119688 0.2530809925418119
7.2540000000000004 130287.20980666668 0.25306732129313625
7.274 130287.24155466667 0.25303111314770393
7.2940000000000005 130287.34783466667 0.2531136402239237
7.314 130287.40276133333 0.2531393202759227
7.3340000000000005 130287.39969866666 0.25316983796798714
7.354 130287.53472266666 0.25320225645040684
7.3740000000000006 130287.55411333335 0.2531907138423846
7.394 130287.53955333334 0.25313141634339165
7.414000000000001 130287.62429466666 0.25320027241124354
7.434 130287.72478133332 0.2531513577942912
7.454000000000001 130287.84553333334 0.25319044385926726
7.474 130287.93438666666 0.25328375360806044
7.494000000000001 130287.883172 0.2532348563551406
7.514 130287.98932133334 0.2532473166190616
7.534000000000001 130288.08463466665 0.25318743062226934
7.554 130288.102808 0.25322894551079106
7.574000000000001 130288.09923466666 0.2532543569730931
7.594 130288.182 0.25329699274884093
7.614000000000001 130288.40505733334 0.253265622009856
7.634 130288.42066666666 0.2533737183564695
7.654000000000001 130288.50165466666 0.2533637777945077
7.674 130288.49344266666 0.2532599462662728
7.694000000000001 130288.57484133335 0.25317619306468153
7.714 130288.64496933333 0.2530556477132523
7.734 130288.73860133335 0.2530799760604468
7.7540000000000004 130288.77569066666 0.25298570948259386
7.774 130288.87322266666 0.2530762812787977
7.7940000000000005 130289.05381733333 0.2530501730269156
7.814 130289.09145066666 0.2530244209764915
7.8340000000000005 130289.25188666667 0.2529865741558991
7.854 130289.30689466669 0.2529768454805824
7.8740000000000006 130289.442812 0.25300828097812494
7.894 130289.60432933335 0.253073333599569
7.914000000000001 130289.599908 0.2532054542766178
7.934 130289.57620133334 0.2532444638582803
7.954000000000001 130289.69359066666 0.2532444950304052
7.974 130289.84625599999 0.25318389975644834
7.994000000000001 130289.92924 0.25313262477078063
8.014 130289.95157599999 0.2531728698456053
8.034 130290.00748666667 0.25323114926369417
8.054 130290.10990133332 0.2532328219598123
8.074 130290.21501999999 0.2531858903944302
8.094 130290.32511733334 0.2531955194293547
8.114 130290.42477866667 0.2532117747685154
8.134 130290.439772 0.2532434893426446
8.154 130290.51945200001 0.25315824474547216
8.174 130290.61674000001 0.2531634671310032
8.194 130290.61200266666 0.2531929713601415
8.214 130290.707104 0.2531938559948551
8.234 130290.73083866667 0.25308818427846913
8.254 130290.79373466666 0.25309851353348095
8.274000000000001 130290.85772799999 0.25312813026741415
8.294 130290.88854533335 0.2531228782794618
8.314 130290.94094799999 0.25315512293971265
8.334 130291.01462533334 0.25318638724767306
8.354000000000001 130291.15306933335 0.2532751696433689
8.374 130291.25062933333 0.2533059609279764
8.394 130291.25085333335 0.2533833327696129
8.414 130291.31793733334 0.2533938678510526
8.434000000000001 130291.33293333334 0.25338848826040994
8.454 130291.44831066666 0.25340615393453825
8.474 130291.55188533335 0.2533780537332673
8.494 130291.60727066667 0.25325268404111767
8.514000000000001 130291.66552000001 0.2533095262198823
8.534 130291.759188 0.2533433011254117
8.554 130291.77480666667 0.25321057093306926
8.574 130291.87245866665 0.2532108797317628
8.594000000000001 130291.89772533334 0.25330588274342775
8.614 130291.982676 0.2533366341804055
8.634 130292.04775999999 0.25335783629199066
8.654 130292.15737333332 0.25328775980298746
8.674000000000001 130292.28938933334 0.2532067240128836
8.694 130292.31777333334 0.25325576504538827
8.714 130292.40170533335 0.2532443174100213
8.734 130292.54517333333 0.25328766900204175
8.754 130292.55898133334 0.2532620062703169
8.774000000000001 130292.57329333332 0.2532554691579168
8.794 130292.622184 0.2532506818586361
8.814 130292.56230400002 0.2533699980946274
8.834 130292.56206133333 0.2534212312620633
8.854000000000001 130292.687228 0.25344610118319816
8.874 130292.63284266667 0.25346849198325755
8.894 130292.60653599999 0.25346074504307997
8.914 130292.73966533333 0.25350465486809143
8.934000000000001 130292.84974 0.2535789169125575
8.954 130292.86944533334 0.25358162898745407
8.974 130292.85785066665 0.2535876541523213
8.994 130292.87294 0.25368044672717444
9.014000000000001 130292.91242799998 0.25365449449012867
9.034 130292.97127066666 0.2536873418485262
9.054 130293.02072 0.2535630827382394
9.074 130292.96838 0.2535186811912154
9.094000000000001 130293.07224800001 0.2534738195256963
9.114 130293.12378133333 0.253537339495825
9.134 130293.13000266667 0.25354979013751633
9.154 130293.18976133333 0.2536031282746863
9.174000000000001 130293.17006533331 0.2535975317380383
9.194 130293.20238266666 0.25360659651303424
9.214 130293.32682266666 0.2534928618031112
9.234 130293.42417866667 0.25345706363428777
9.254 130293.336744 0.2534350554804981
9.274000000000001 130293.444288 0.2534343984099714
9.294 130293.348904 0.2535046725377153
9.314 130293.360604 0.25357006983555896
9.334 130293.41902 0.25351673208391623
9.354000000000001 130293.466448 0.2534569296300244
9.374 130293.53497600001 0.25345313606815606
9.394 130293.61535866666 0.25341354982291064
9.414 130293.48293999999 0.25337956912685916
9.434000000000001 130293.62110266667 0.25333255059889087
9.454 130293.57995066667 0.25338747903977604
9.474 130293.56804933332 0.2533496362158773
9.494 130293.67638933334 0.2533094635323054
9.514000000000001 130293.75754266667 0.2532898765580531
9.534 130293.77995600001 0.2532557157778235
9.554 130293.73297066666 0.2532676549553881
9.574 130293.73860933332 0.25327261234221043
9.594000000000001 130293.73757466668 0.25325193052939815
9.614 130293.76673199999 0.25329530416138674
9.634 130293.841292 0.2533832123320845
9.654 130293.90722400001 0.2534552062318715
9.674000000000001 130293.90070666667 0.2534342373628215
9.694 130293.96682 0.2534538939983652
9.714 130294.00119600001 0.25363638009118783
9.734 130293.97335466667 0.2536239521100568
9.754 130293.89276399999 0.2536486795641926
9.774000000000001 130293.991884 0.2535940253903062
9.794 130293.98416800001 0.2536314441217389
9.814 130293.91674533332 0.25366581073137767
9.834 130293.81680533334 0.25373175093335354
9.854000000000001 130293.86392399999 0.25363167504602024
9.874 130293.88159199999 0.25361624121376775
9.894 130293.88115066665 0.25363345268311654
9.914 130293.933392 0.25363346595553915
9.934000000000001 130294.071568 0.2537035574450034
9.954 130294.09808133333 0.25365168267435256
9.974 130294.10969466667 0.25360111426324067
9.994 130294.04826933332 0.2535684924082944
10.014000000000001 130294.16275066667 0.25361581391416466
10.034 130294.14933466667 0.2535830195605973
10.054 130294.09659733335 0.2535070398707855
10.074 130294.101608 0.2535587179568709
10.094000000000001 130294.179204 0.2535409882088573
10.114 130294.3102 0.2535139272470155
10.134 130294.329212 0.253427154146547
10.154 130294.282324 0.25347543087161517
10.174000000000001 130294.31774 0.2534473224813538
10.194 130294.33002266666 0.25344584380880064
10.214 130294.28214133334 0.2535666481200824
10.234 130294.31593066666 0.2534691205713679
10.254 130294.289508 0.2533659211826598
10.274000000000001 130294.39601066668 0.25334789487294984
10.294 130294.34138933333 0.2532686648882327
10.314 130294.45102133334 0.2532939338438458
10.334 130294.54321599999 0.25341018279963523
10.354000000000001 130294.55313066667 0.25341880397088334
10.374 130294.51674266666 0.2533780891982034
10.394 130294.70795866667 0.2533607873606797
10.414 130294.642112 0.2533881407092755
10.434000000000001 130294.690196 0.2533333383913026
10.454 130294.74742666667 0.25340098142993334
10.474 130294.73493333333 0.25328950098611414
10.494 130294.70980666668 0.25325524541951994
10.514000000000001 130294.62375466668 0.2532824575526243
10.534 130294.70443466667 0.25327312832907606
10.554 130294.66272 0.2533056871046838
10.574 130294.62167066666 0.253301406227016
10.594000000000001 130294.75823866666 0.2532508655556508
10.614 130294.799992 0.25326580599003207
10.634 130294.738568 0.2532978733834439
10.654 130294.61151199999 0.2533960111507594
10.674000000000001 130294.5734 0.2534435987217304
10.694 130294.59999733331 0.253396630273906
10.714 130294.64374133333 0.2534153521721383
10.734 130294.60494533333 0.25340924384384916
10.754 130294.688972 0.2533466863992845
10.774000000000001 130294.66572666666 0.2533523493055366
10.794 130294.725996 0.253356236678677
10.814 130294.748872 0.2533175798425968
10.834 130294.84490666667 0.25328623256888244
10.854000000000001 130294.969912 0.2532816787137758
10.874 130295.02390266667 0.2532710540835835
10.894 130295.036696 0.25327535556654623
10.914 130295.00404533333 0.2532450819228421
10.934000000000001 130295.12130266667 0.2533264413200597
10.954 130295.14991466666 0.253313720959753
10.974 130295.18491333332 0.25328757792360057
10.994 130295.142868 0.25328447313210933
11.014000000000001 130295.17138800002 0.25321255481257227
11.034 130295.107904 0.2532284091220223
11.054 130295.13609866667 0.2531926527912532
11.074 130295.16264266669 0.253167413418504
11.094000000000001 130295.12819333331 0.2531836144203384
11.114 130295.07622266666 0.2532042343676763
11.134 130295.10775600001 0.2531791960153986
11.154 130295.031204 0.2532649578401558
11.174000000000001 130294.95393466666 0.25322399415823166
11.194 130295.09440533334 0.2533359412495616
11.214 130295.18803333334 0.25330539249357353
11.234 130295.16997199999 0.2532288656543121
11.254 130295.201332 0.2532094943908438
11.274000000000001 130295.09555333333 0.2532622278002871
11.294 130295.031572 0.25329099122901305
11.314 130295.144892 0.25329894847661527
11.334 130295.21623466666 0.2533400895357838
11.354000000000001 130295.17362933332 0.2533880849941452
11.374 130295.10726666666 0.25333645359501655
11.394 130295.00099599999 0.25329416029843116
11.414 130294.9933 0.253242479278456
11.434000000000001 130294.99455333335 0.25324853676069503
11.454 130294.95035333333 0.2532819012324942
11.474 130294.89758799999 0.2532836652783537
11.494 130294.94797066666 0.25338525538841095
11.514000000000001 130295.04090666666 0.2534019528098488
11.534 130295.06622266668 0.2533898664498899
11.554 130295.20925466667 0.2535248737772882
11.574 130295.23257333333 0.25348496733165715
11.594000000000001 130295.310616 0.2534956228732789
11.614 130295.30242533333 0.2534518438262478
11.634 130295.30951466666 0.2534177202462587
11.654 130295.301752 0.2533906809676833
11.674000000000001 130295.31646533334 0.2533889248527651
11.694 130295.36214133333 0.2533722189723242
11.714 130295.45728133334 0.25342793509263306
11.734 130295.41831333333 0.25337525104991176
11.754 130295.35926933333 0.25342705979898084
11.774000000000001 130295.44537866667 0.2533791636412708
11.794 130295.41516133331 0.2532670806520265
11.814 130295.36733866666 0.2532489516956482
11.834 130295.37841066667 0.2533827317313919
11.854000000000001 130295.31257466666 0.25339939629401276
11.874 130295.32645066667 0.25343069149590053
11.894 130295.29846666666 0.2533410543858764
11.914 130295.379624 0.25339770862325944
11.934000000000001 130295.38059733334 0.25337275429139194
11.954 130295.29737866668 0.2534335795568565
11.974 130295.29149466667 0.25332678619223686
11.994 130295.430348 0.25324005524615906
12.014000000000001 130295.311136 0.2531923149428857
12.034 130295.33162133333 0.2531532127663645
12.054 130295.34613733333 0.25317666748306356
12.074 130295.46032 0.25333561051232845
12.094000000000001 130295.56838533332 0.253387260694418
12.114 130295.66350133333 0.2533818152992191
12.134 130295.703048 0.25335571491237086
12.154 130295.749404 0.25333189060348577
12.174000000000001 130295.758612 0.2532844732214169
12.194 130295.59373866668 0.25335859177405234
12.214 130295.65929333333 0.253341403257859
12.234 130295.71670133334 0.2533551449310602
12.254 130295.64748666665 0.2533043250333941
12.274000000000001 130295.64771733334 0.25327379042712017
12.294 130295.68091333334 0.25327328751103156
12.314 130295.72989733334 0.2532631634979287
12.334 130295.70113466665 0.25327192032825097
12.354000000000001 130295.75152133332 0.2534272661795359
12.374 130295.71702000001 0.2534047620945402
12.394 130295.69386 0.2533348363873256
12.414 130295.70560400002 0.253433654922221
12.434000000000001 130295.70248266667 0.2534192158598004
12.454 130295.69279199999 0.2535730419312617
12.474 130295.80222266668 0.2535359339205201
12.494 130295.90870266667 0.2535435901101281
12.514000000000001 130295.86957333334 0.2536215059204171
12.534 130295.92594799999 0.2536450996486142
12.554 130295.90346266667 0.2536521496318018
12.574 130295.86949866667 0.2536123997079699
12.594000000000001 130295.90404666666 0.2536274104568048
12.614 130295.87090666668 0.25359689106705763
12.634 130295.811068 0.25360911181321666
12.654 130295.79418266666 0.2536028047236881
12.674000000000001 130295.794632 0.253519725058986
12.694 130295.91819466665 0.2535923633365542
12.714 130295.9462 0.2535969531073803
12.734 130295.94576133334 0.253566422048144
12.754 130295.97816266667 0.2534997759039256
12.774000000000001 130296.06441333334 0.2534929582207124
12.794 130296.10320666668 0.2535599996551595
12.814 130296.00722933334 0.25352865617555365
12.834 130296.01865066667 0.25356215769364443
12.854000000000001 130295.99519466667 0.25363723488207035
12.874 130296.02517733333 0.2536135337032438
12.894 130296.087192 0.253486375951318
12.914 130296.245028 0.25340641826751226
12.934000000000001 130296.167076 0.2533427000093205
12.954 130296.15720133335 0.2533829405371576
12.974 130296.13027066666 0.2533060076567036
12.994 130296.11569866666 0.25327801092079555
13.014000000000001 130296.05235733333 0.25326539077669236
13.034 130295.99322799999 0.2531671190543022
13.054 130295.92524933333 0.25312866069909346
13.074 130295.81808666667 0.2530720706433013
13.094000000000001 130295.91155333334 0.2531101898195867
13.114 130295.792 0.25325021566507333
13.134 130295.80456933333 0.2532346500613967
13.154 130295.946248 0.2532378139193304
13.174000000000001 130295.91875466667 0.2533375369718748
13.194 130295.94045066668 0.2534136042377128
13.214 130295.95867066666 0.25340861333845505
13.234 130295.858944 0.2534548513572248
13.254 130295.86316400001 0.2533999178167557
13.274000000000001 130295.92891333331 0.25343316188326565
13.294 130295.95975866666 0.25343743559456233
13.314 130295.92440133332 0.2534131731581076
13.334 130295.916944 0.25339661774715294
13.354000000000001 130295.898816 0.25330231276067905
13.374 130295.88892133333 0.25331383672693375
13.394 130295.939404 0.2533113660356991
13.414 130295.82009066666 0.2533329040596151
13.434000000000001 130295.76551333335 0.25323239802670033
13.454 130295.80596666667 0.2532696061779603
13.474 130295.81456266667 0.25320934415597623
13.494 130295.80972399999 0.2532766297123411
13.514000000000001 130295.83315600001 0.2532395807912432
13.534 130295.81180933333 0.2531577288149588
13.554 130295.79326800001 0.25312094609471725
13.574 130295.69062666668 0.2531589390984083
13.594000000000001 130295.73616666667 0.25320191475122467
13.614 130295.73716266666 0.25321291351637043
13.634 130295.57896533335 0.2532967856059764
13.654 130295.596932 0.25329704760758626
13.674000000000001 130295.68444133335 0.2532167313445956
13.694 130295.56655999999 0.25323680272832316
13.714 130295.55883600001 0.2531658362949475
13.734 130295.54373733333 0.2531841576610636
13.754 130295.609336 0.2531580151164548
13.774000000000001 130295.73652933334 0.2532480171326726
13.794 130295.752104 0.25326043389486214
13.814 130295.74922533333 0.2532654100405636
13.834 130295.82376533333 0.2532480328424488
13.854000000000001 130295.837868 0.2532450955352072
13.874 130295.96790533334 0.25331820730864885
13.894 130295.99031733333 0.25333488060514425
13.914 130296.020296 0.25326370648717406
13.934000000000001 130295.94459866668 0.2531937665107672
13.954 130296.00025466667 0.2531648363155757
13.974 130296.01247733334 0.25315769083746686
13.994 130296.05375599998 0.25308031260177516
14.014000000000001 130296.12574533332 0.2530078076934291
14.034 130296.17147866669 0.25303130537381335
14.054 130296.18438266667 0.25304760521531655
14.074 130296.11651333334 0.2530604243582744
14.094000000000001 130296.09288933333 0.25317020297264176
14.114 130296.29485333334 0.25315235333639113
14.134 130296.32433466667 0.25320818392414873
14.154 130296.37142000001 0.2531617109313292
14.174000000000001 130296.486504 0.25317948480755276
14.194 130296.47585866667 0.2532649978704913
14.214 130296.438868 0.2532433290523787
14.234 130296.448884 0.25322416634282224
14.254 130296.36729599998 0.2532745331105622
14.274000000000001 130296.38734266668 0.2533341164268922
14.294 130296.36013333334 0.25333708739407135
14.314 130296.30072266667 0.25327500287913607
14.334 130296.28660666669 0.25324461853230706
14.354000000000001 130296.37736933335 0.25328242267827605
14.374 130296.29898266666 0.2532524778006512
14.394 130296.26382266666 0.2531918094138654
14.414 130296.3162 0.25326598366295006
14.434000000000001 130296.40125733333 0.2532748970439703
14.454 130296.39983866666 0.25328118725256515
14.474 130296.413052 0.25326643809561233
14.494 130296.32864666666 0.2533140523048182
14.514000000000001 130296.34542266667 0.2532263401348781
14.534 130296.28055066668 0.25323590889987796
14.554 130296.29978666667 0.25317903280638243
14.574 130296.24580666667 0.25316037632354427
14.594000000000001 130296.22276933334 0.25324292611068483
14.614 130296.31268533334 0.25321513174856025
14.634 130296.37973333334 0.25314118029792415
14.654 130296.357736 0.25307576161324086
14.674000000000001 130296.27164533333 0.25315996557052683
14.694 130296.27025066667 0.25315024893625965
14.714 130296.165736 0.253181576277567
14.734 130296.121772 0.2532439840825751
14.754 130296.16438799999 0.253230784617793
14.774000000000001 130296.09157333334 0.2532126090050056
14.794 130296.10026266667 0.25324051516651314
14.814 130296.15655333333 0.2532777239738699
14.834 130296.064924 0.25333010433187547
14.854000000000001 130296.16653066667 0.25329922049497117
14.874 130296.09290399999 0.2532410311081759
14.894 130296.053456 0.25326692349576674
14.914 130296.08440266666 0.25322378833036485
14.934000000000001 130295.98103200001 0.25327702664959395
14.954 130295.97082533335 0.2532075121257541
14.974 130295.91675466667 0.2531785753613109
14.994 130295.891848 0.25330131320097754
15.014000000000001 130295.90151866665 0.25342600127664394
15.034 130296.00809866667 0.253386222776497
15.054 130296.02562 0.25336667667145607
15.074 130296.06394 0.25336610793663644
15.094000000000001 130296.097968 0.25334110431574547
15.114 130296.10273999999 0.2533380456595758
15.134 130296.07523733334 0.2533125820411063
15.154 130296.11907599999 0.2533492794378297
15.174000000000001 130296.07363066667 0.2532722848158286
15.194 130296.119312 0.2533341946958472
15.214 130296.04981866665 0.2533572410140305
15.234 130296.05935333334 0.25331143170564563
15.254 130296.090316 0.2533325105406865
15.274000000000001 130296.14922533334 0.25332234533796283
15.294 130296.04422266665 0.2533976877225883
15.314 130296.16083066666 0.2534638970899571
15.334 130296.10362133334 0.25355806979594525
15.354000000000001 130296.11636666668 0.2535059263009784
15.374 130296.08425733334 0.2535130236741007
15.394 130296.21047333331 0.25354642132091654
15.414 130296.32494533333 0.2535377078109515
15.434000000000001 130296.31542533333 0.2535548886974945
15.454 130296.34336000001 0.2534772958842639
15.474 130296.37009733333 0.2535575924625198
15.494 130296.29551599998 0.25355444189303966
15.514000000000001 130296.36749066667 0.25362050926727253
15.534 130296.39229066667 0.25362218284084276
15.554 130296.37341333333 0.2536394043665806
15.574 130296.35556933333 0.2536366603522901
15.594000000000001 130296.24153599999 0.25366586122638196
15.614 130296.15895866668 0.25357666293354314
15.634 130296.18026666666 0.25357475239040733
15.654 130296.16776266668 0.2536266757651606
15.674000000000001 130296.07785466668 0.2536781263568063
15.694 130296.01005466667 0.25364529482459997
15.714 130295.979612 0.2534755610743864
15.734 130296.02178533333 0.25348616509153016
15.754 130296.04222933334 0.2535095262631903
15.774000000000001 130296.066544 0.25349974955685645
15.794 130296.05142666667 0.2535203939435176
15.814 130296.09568533333 0.2535068595185129
15.834 130296.05658133334 0.25349667147364163
15.854000000000001 130296.03235200001 0.2535133399339932
15.874 130296.11430800002 0.2535408723512922
15.894 130296.04969866667 0.2535055521984239
15.914 130296.00741466667 0.2534962615256523
15.934000000000001 130295.98008133333 0.25344060147876774
15.954 130295.95380666666 0.25346139349064256
15.974 130295.95741066666 0.25341182987086275
15.994 130295.93165866667 0.2533825212640905
16.014 130295.993228 0.2534623799293089
16.034 130296.03366533332 0.2535292505182035
16.054 130296.006792 0.25356507284070223
16.073999999999998 130295.99222533332 0.2535019750692305
16.094 130295.99557333332 0.2533184814612784
16.114 130295.888216 0.2533174673889133
16.134 130295.83602133335 0.25327549621797923
16.154 130295.83123066666 0.2532374030964876
16.174 130295.87958933333 0.2532599239168066
16.194 130295.88492000001 0.2533099124706759
16.214 130295.827712 0.253373633779516
16.233999999999998 130295.851272 0.25336297669800034
16.253999999999998 130295.82958000002 0.25345702098111883
16.273999999999997 130295.84038666665 0.253448246842487
16.293999999999997 130295.83166666667 0.2534711319441484
16.314 130295.74417066667 0.2534370754200073
16.334 130295.70122266666 0.2534141353679665
16.354 130295.81367733332 0.25339522109169993
16.374 130295.79649866666 0.2533860189973389
16.394 130295.78456266667 0.25344016127283236
16.413999999999998 130295.625088 0.25345713598490716
16.433999999999997 130295.71616266665 0.2534540541304911
16.453999999999997 130295.77815200001 0.25343984081804133
16.474 130295.728516 0.25343294194698845
16.494 130295.70887733335 0.2533987036483887
16.514 130295.67293066665 0.2534018271921787
16.534 130295.68764266667 0.25337518457905
16.554 130295.68278666666 0.25330632833633066
16.573999999999998 130295.67721333333 0.25319980466136255
16.593999999999998 130295.694108 0.2531660442084264
16.613999999999997 130295.68860133334 0.25315987909062526
16.634 130295.67922666666 0.2531617832869364
16.654 130295.77984266667 0.2532375415479771
16.674 130295.73772666667 0.25322654326377275
16.694 130295.73711199999 0.25326664331085585
16.714 130295.74288133334 0.2533021885106587
16.733999999999998 130295.7383 0.25328912515735585
16.753999999999998 130295.81246666668 0.2532174115287736
16.773999999999997 130295.88473733334 0.253260529828024
16.793999999999997 130295.827908 0.2532391495259724
16.814 130295.77548000001 0.2532874853436303
16.834 130295.742864 0.2533406436417711
16.854 130295.80800133332 0.25336824465373403
16.874 130295.73547333333 0.25331342402322443
16.894 130295.73776933334 0.25324526633677424
16.913999999999998 130295.797768 0.25322137130266775
16.933999999999997 130295.76449199999 0.25322260125994295
16.953999999999997 130295.88504933332 0.25322614044235037
16.974 130296.072544 0.25319206332689187
16.994 130296.07063333334 0.2531301917755871
17.014 130296.11166133334 0.25316083129364403
17.034 130296.12017733333 0.2531719943025168
17.054 130296.138072 0.25315731210686854
17.073999999999998 130296.18107733334 0.25319011249637174
17.093999999999998 130296.13453866667 0.25313451623950456
17.113999999999997 130296.18410933335 0.2532283935275484
17.134 130296.23688533333 0.25321143102200866
17.154 130296.26131999999 0.2533011579072267
17.174 130296.189052 0.2532479805856615
17.194 130296.276752 0.25321222661277404
17.214 130296.24854 0.25318968446782647
17.233999999999998 130296.15895866667 0.2532513438776739
17.253999999999998 130296.22126933333 0.25333982389684884
17.273999999999997 130296.153124 0.2532942371907225
17.293999999999997 130296.14480400001 0.2532104134372663
17.314 130296.13490133334 0.2532182652675704
17.334 130296.19322133333 0.25324372346176954
17.354 130296.17220666668 0.25335444145578123
17.374 130296.28256933331 0.2534088662398607
17.394 130296.45371866669 0.253403503451619
17.413999999999998 130296.47251066667 0.2534515965672391
17.433999999999997 130296.41320266668 0.25331281457513316
17.453999999999997 130296.2658 0.2533159962452838
17.474 130296.271444 0.2533179245200376
17.494 130296.312424 0.2533965223568797
17.514 130296.27882533334 0.25340012210700247
17.534 130296.27774933334 0.2533305004325135
17.554 130296.22766266666 0.2534229586408042
17.573999999999998 130296.19811866667 0.25338958152160035
17.593999999999998 130296.01462666666 0.2534214156308898
17.613999999999997 130295.97001866667 0.2533892648265689
17.634 130295.90354933334 0.2534886188793733
17.654 130295.93229066665 0.25345402646237836
17.674 130295.95546266666 0.2535560964889835
17.694 130295.89908 0.25348016417637487
17.714 130295.86428533333 0.25344367934524725
17.733999999999998 130295.853508 0.2534682870410674
17.753999999999998 130295.79884666667 0.2535023038484405
17.773999999999997 130295.84283866666 0.2535218531823719
17.793999999999997 130295.79446266666 0.2536012481870446
17.814 130295.83947333333 0.25355105697459657
17.834 130295.85986133332 0.253530284999748
17.854 130295.82307066668 0.25348658286179343
17.874 130295.90025733333 0.25348225634573557
17.894 130295.90962133333 0.2534372990891084
17.913999999999998 130295.908992 0.2535205081884075
17.933999999999997 130296.03761866665 0.2535057958383515
17.953999999999997 130296.05852533333 0.25359017803560036
17.974 130296.05617600001 0.2536156179799836
17.994 130296.03701599999 0.25362256149541806
18.014 130296.134156 0.2535763174048803
18.034 130296.07786933333 0.25347124192426757
18.054 130295.99756399999 0.25344051924441113
18.073999999999998 130295.96036933333 0.2534380192714304
18.093999999999998 130296.10644266667 0.2534319742019068
18.113999999999997 130296.10402 0.2535225759898538
18.134 130296.15359866667 0.2535060899971137
18.154 130296.19508133331 0.2534734970594157
18.174 130296.20796133333 0.25349654673691446
18.194 130296.27969066666 0.2535130052591841
18.214 130296.208752 0.25344516596936745
18.233999999999998 130296.27719066666 0.2534704738736958
18.253999999999998 130296.34005466665 0.2534341922066247
18.273999999999997 130296.44980266667 0.2534928056397946
18.293999999999997 130296.40253600001 0.2535132534037229
18.314 130296.34095066666 0.25347181212126846
18.334 130296.29706400001 0.25340616837682567
18.354 130296.267008 0.2533833854002364
18.374 130296.35012799999 0.2533278420772219
18.394 130296.31263066665 0.25330213827108733
18.413999999999998 130296.35445866665 0.25329512310751917
18.433999999999997 130296.43866800002 0.2533465055756685
18.453999999999997 130296.45520933333 0.25344881765752897
18.474 130296.45833466668 0.2534342142755237
18.494 130296.23505733334 0.25336781092160426
18.514 130296.2239 0.2534305976203089
18.534 130296.27405866666 0.2534223578162571
18.554 130296.37861733334 0.25340198195125174
18.573999999999998 130296.38643333333 0.25336128483915477
18.593999999999998 130296.40893333334 0.25332657900749234
18.613999999999997 130296.34763599999 0.2533214359792014
18.634 130296.26007066667 0.25324918582106204
18.654 130296.25370266665 0.2531814633339287
18.674 130296.33667866667 0.2531721917181499
18.694 130296.34038933335 0.25319688931353945
18.714 130296.24927999999 0.2531916731738478
18.733999999999998 130296.27068400002 0.2532495422844235
18.753999999999998 130296.28734933333 0.2533045737526957
18.773999999999997 130296.37359466669 0.2533204128129571
18.793999999999997 130296.43224666666 0.2533413208024714
18.814 130296.39430133335 0.25340809158604916
18.834 130296.46460400001 0.2534732656014167
18.854 130296.54876800001 0.25345333707412804
18.874 130296.52538 0.2534093559251788
18.894 130296.583468 0.25345443989339766
18.913999999999998 130296.57946399998 0.2534959458017919
18.933999999999997 130296.63691600002 0.2534954859807307
18.953999999999997 130296.56869066667 0.25345719800797606
18.974 130296.64499599999 0.2535034629812799
18.994 130296.66645866667 0.25350648157916
19.014 130296.59312666666 0.2534144764683968
19.034 130296.52728266666 0.25339180384691473
19.054 130296.469652 0.25335442766938643
19.073999999999998 130296.48974933333 0.2532354467036877
19.093999999999998 130296.51034000001 0.2532084878147224
19.113999999999997 130296.44216533333 0.2532072751496056
19.134 130296.47991866665 0.2531933060496057
19.154 130296.57803333335 0.25329813479581487
19.174 130296.56101733333 0.2532721530527233
19.194 130296.47848666666 0.25331504424384593
19.214 130296.50251066666 0.2533056982470727
19.233999999999998 130296.53160933332 0.25336223197838464
19.253999999999998 130296.541016 0.25330909387900763
19.273999999999997 130296.46440933333 0.25335278770096414
19.293999999999997 130296.398284 0.2533460055664227
19.314 130296.31710533332 0.25338980817524087
19.334 130296.38182933335 0.2533155367294453
19.354 130296.353868 0.2533389851634246
19.374 130296.35534000001 0.2534021703550126
19.394 130296.35722533334 0.25338244976151714
19.413999999999998 130296.32802400002 0.25334670697552547
19.433999999999997 130296.27182533334 0.2532898427461092
19.453999999999997 130296.31796533332 0.25324841275723353
19.474 130296.36311733333 0.2532614445164886
19.494 130296.32210399999 0.2532669657253616
19.514 130296.3576 0.2532188517260686
19.534 130296.34440533334 0.25320238037707116
19.554 130296.32168933333 0.25323577590119917
19.573999999999998 130296.30936 0.25327625583577673
19.593999999999998 130296.26401333333 0.2532679399810459
19.613999999999997 130296.28787733332 0.25320972293399785
19.634 130296.326788 0.25325809282000206
19.654 130296.280932 0.2532356825785719
19.674 130296.39289333334 0.2532559084089263
19.694 130296.427596 0.25322541974982715
19.714 130296.38380666666 0.25321515738752204
19.733999999999998 130296.42909066666 0.2532528051977196
19.753999999999998 130296.41435733333 0.253164645583181
19.773999999999997 130296.358104 0.2531592445928452
19.793999999999997 130296.21581466668 0.2531271775395131
19.814 130296.13041733332 0.25316087844056046
19.834 130296.142112 0.2531721631447986
19.854 130296.07244666666 0.25313312587989784
19.874 130296.03797199999 0.2532026403217222
19.894 130296.055548 0.25318654789021844
19.913999999999998 130295.90976666668 0.25316783488992867
19.933999999999997 130295.94370533334 0.253114272389927
19.953999999999997 130295.965372 0.253048852021144
19.974 130296.00399866667 0.25302016644211045
19.994 130295.90498933333 0.25303038930475
20.014 130295.85338133332 0.253136314662017
20.034 130295.916876 0.25319925507882735
20.054 130295.88889199999 0.25340069281147537
20.073999999999998 130295.88190933333 0.25341683290669587
20.093999999999998 130295.78833066666 0.2534477453004501
20.113999999999997 130295.73540666667 0.2535051730268721
20.134 130295.70642799999 0.25354857247535645
20.154 130295.70495466668 0.25357370713021643
20.174 130295.62078533333 0.2535532108166557
20.194 130295.59245466668 0.2535757925642593
20.214 130295.53119600001 0.2535607299478545
20.233999999999998 130295.561848 0.25349631172712106
20.253999999999998 130295.61108133334 0.2535123422155162
20.273999999999997 130295.65008133333 0.2534405190830758
20.293999999999997 130295.75898533335 0.2534708314182563
20.314 130295.755328 0.25345578118192513
20.334 130295.79331466666 0.2535025374448894
20.354 130295.92963466667 0.2535163251440347
20.374 130295.78439866667 0.2535559802798736
20.394 130295.88845333333 0.25350768781305744
20.413999999999998 130295.87110266666 0.2535164160473101
20.433999999999997 130295.83198266666 0.2535385170356158
20.453999999999997 130295.80916533331 0.2534636606404691
20.474 130295.84535733334 0.2534231422776886
20.494 130295.926108 0.25349412496774115
20.514 130296.037996 0.2534049941209092
20.534 130295.999556 0.2533488516202976
20.554 130296.01708133334 0.25332721151719856
20.573999999999998 130296.04051733331 0.25339511513933693
20.593999999999998 130296.03504666666 0.2533804768199652
20.613999999999997 130296.16154266668 0.25337909171456735
20.634 130296.15891333335 0.2534088323802136
20.654 130296.165216 0.25331204043202843
20.674 130296.13912933331 0.2533765770127565
20.694 130296.13107333335 0.2534310506666983
20.714 130296.20482 0.25343872756585745
20.733999999999998 130296.11478533331 0.2534596199662606
20.753999999999998 130296.04669599999 0.25344904179785327
20.773999999999997 130296.03907466665 0.25341730722474926
20.793999999999997 130296.04332666667 0.25341380288789217
20.814 130296.05143866666 0.25343455332293513
20.834 130296.11735066667 0.25341419391928227
20.854 130296.150428 0.25342033256871016
20.874 130296.10448666666 0.25337230049323917
20.894 130296.14081333335 0.2534315927566726
20.913999999999998 130296.21640800001 0.25338286860310616
20.933999999999997 130296.21435866668 0.2532981138261455
20.953999999999997 130296.36299066665 0.2532506730722516
20.974 130296.44876266667 0.25331663659737014
20.994 130296.44356933332 0.25336132968069713
21.014 130296.41976533332 0.2533053886280333
21.034 130296.473292 0.2532386624051976
21.054 130296.45070399999 0.25324741136291934
21.073999999999998 130296.445244 0.25330745145058375
21.093999999999998 130296.46015066665 0.2533403890306778
21.113999999999997 130296.45661866666 0.2533537668294474
21.134 130296.50150933332 0.2533028864919021
21.154 130296.47300533333 0.25326777307536197
21.174 130296.41428133335 0.2531714061429362
21.194 130296.470876 0.2532573101260096
21.214 130296.43025466667 0.2532976207525248
21.233999999999998 130296.37989333333 0.25338719352283423
21.253999999999998 130296.24985999998 0.2533510420353445
21.273999999999997 130296.15328266667 0.25333765101154965
21.293999999999997 130296.17483466667 0.25332145728885047
21.314 130296.16619466666 0.25343402225830575
21.334 130296.16450666667 0.25338497525256304
21.354 130296.234848 0.2533757712998993
21.374 130296.19780666666 0.25344307403316013
21.394 130296.21651999999 0.2534984333758492
21.413999999999998 130296.26498800001 0.25346510308596637
21.433999999999997 130296.24779733334 0.25356151376878555
21.453999999999997 130296.26309733334 0.25353870428074265
21.474 130296.24448266666 0.2536074589890316
21.494 130296.21865066666 0.25354853535921457
21.514 130296.31328 0.2535621366504466
21.534 130296.32278533332 0.25357037593788917
21.554 130296.410424 0.25359545290346486
21.573999999999998 130296.46970266668 0.2535948635720204
21.593999999999998 130296.47196933333 0.2535023928544244
21.613999999999997 130296.39324266667 0.253484969441885
21.634 130296.383468 0.25339592445750286
21.654 130296.32694 0.2533255128813692
21.674 130296.30720666665 0.2532132497936159
21.694 130296.30398 0.25310258403060243
21.714 130296.31267333333 0.25320780529162384
21.733999999999998 130296.38987733333 0.25315033315769764
21.753999999999998 130296.49692933334 0.25310908107749763
21.773999999999997 130296.48542933332 0.2530970866866119
21.793999999999997 130296.43894133334 0.2530814245287725
21.814 130296.43339066667 0.2531187447927095
21.834 130296.40750133333 0.25316357229996655
21.854 130296.54710800001 0.2532255719926424
21.874 130296.42661466666 0.2532943982557614
21.894 130296.37906 0.253265991037373
21.913999999999998 130296.379544 0.2532871383141135
21.933999999999997 130296.33745733331 0.25320935112699533
21.953999999999997 130296.33920666666 0.2531520882760504
21.974 130296.34814266667 0.253132702012179
21.994 130296.29342933334 0.2531213926948323
22.014 130296.30146799999 0.2531691619829662
22.034 130296.28789733333 0.25321535913805016
22.054 130296.28175066665 0.25323073945852487
22.073999999999998 130296.25080399998 0.2532845024640913
22.093999999999998 130296.21831866667 0.25337470561260467
22.113999999999997 130296.30353466667 0.2532892273446805
22.134 130296.24933866668 0.2533801629021619
22.154 130296.25335866667 0.25335579042998446
22.174 130296.38016266668 0.25333434635944924
22.194 130296.29570933335 0.2533638179057514
22.214 130296.26186 0.2533475542676643
22.233999999999998 130296.27671066667 0.2533335240265115
22.253999999999998 130296.32813866666 0.2533540769384983
22.273999999999997 130296.26407066669 0.2533460607961972
22.293999999999997 130296.19490666667 0.2533809264482798
22.314 130296.194768 0.2534221250028052
22.334 130296.191304 0.25344123832797655
22.354 130296.102748 0.25351596293499074
22.374 130296.09572533333 0.2534603788187724
22.394 130295.94337866665 0.2535335921695967
22.413999999999998 130295.90088399999 0.25358208676376953
22.433999999999997 130295.75447333332 0.25362899188687565
22.453999999999997 130295.64271466667 0.2535420209067892
22.474 130295.56949066666 0.2535077941150824
22.494 130295.65213733334 0.2535290090143373
22.514 130295.68254533331 0.25353741243378203
22.534 130295.774704 0.25350763539663823
22.554 130295.77140266667 0.25351079453644
22.573999999999998 130295.791996 0.2535565656168994
22.593999999999998 130295.82529066666 0.25360417113378864
22.613999999999997 130295.98436 0.253739986015506
22.634 130296.06592666666 0.25370065726384794
22.654 130296.08127466668 0.25362125656085444
22.674 130296.092164 0.25361286689077417
22.694 130296.03272933334 0.25360514653964483
22.714 130295.97957866667 0.2535596838127875
22.733999999999998 130296.03287333332 0.2535120530358881
22.753999999999998 130296.01420933334 0.2534824836453482
22.773999999999997 130295.99857866668 0.25345227240328183
22.793999999999997 130295.98295066666 0.2534658782199697
22.814 130296.04324133333 0.2534480704959086
22.834 130296.05765199999 0.2534410155527304
22.854 130296.07845333332 0.25341719050565414
22.874 130296.15422266666 0.2534155389490681
22.894 130296.134952 0.2534327326867521
22.913999999999998 130296.16277333334 0.25341400908592643
22.933999999999997 130296.24403866669 0.2534287555890373
22.953999999999997 130296.24989466666 0.2533879787965903
22.974 130296.20477866667 0.2534374453228588
22.994 130296.232912 0.25341902160592766
23.014 130296.25240533333 0.2534539970335422
23.034 130296.31414666666 0.253464601140355
23.054 130296.27824533333 0.2534804995664151
23.073999999999998 130296.3913 0.2534360284848334
23.093999999999998 130296.34152799999 0.25345134124786844
23.113999999999997 130296.44041466666 0.2534365006055361
23.134 130296.45489600001 0.25336259508568193
23.154 130296.49499466666 0.25338730168180934
23.174 130296.50392933334 0.25333531613899624
23.194 130296.45692933333 0.2532884421799915
23.214 130296.53287199998 0.25326980478502437
23.233999999999998 130296.532744 0.2532412926919526
23.253999999999998 130296.562256 0.2532907300693896
23.273999999999997 130296.58343466668 0.2532718090488494
23.293999999999997 130296.33040133334 0.25328529336671823
23.314 130296.33052799999 0.25325879019712666
23.334 130296.37638533334 0.2532817785158739
23.354 130296.41206133334 0.2533268743016857
23.374 130296.41359866667 0.2533126742856296
23.394 130296.47297866666 0.25323236518602893
23.413999999999998 130296.48210933334 0.25325051525646564
23.433999999999997 130296.46842933334 0.25323514205143516
23.453999999999997 130296.45000666668 0.2532133920989527
23.474 130296.42066133334 0.2531739615015219
23.494 130296.460928 0.2531902403141785
23.514 130296.44719866666 0.25324507783508576
23.534 130296.42494933333 0.25327268064451575
23.554 130296.3518 0.25321073357869733
23.573999999999998 130296.34056933332 0.25316218690121367
23.593999999999998 130296.32599466667 0.2532252922968637
23.613999999999997 130296.36025866667 0.25317289131787635
23.634 130296.32925066666 0.25323611487201936
23.654 130296.190956 0.2531877671458359
23.674 130296.145784 0.2531534817166993
23.694 130296.171468 0.2531250259773056
23.714 130296.05750266666 0.2531460817176297
23.733999999999998 130296.08808266668 0.25317665898358604
23.753999999999998 130296.09373866668 0.2532314655803213
23.773999999999997 130296.12555066668 0.25326158471796034
23.793999999999997 130296.034656 0.2532226967286204
23.814 130296.066732 0.2532741306233999
23.834 130295.97296 0.25324177292441696
23.854 130295.96937733334 0.2532919330995723
23.874 130296.09202799998 0.253410584583611
23.894 130296.08570933333 0.2534028646758877
23.913999999999998 130296.08420399998 0.25333640161044263
23.933999999999997 130296.04817066668 0.253258574420874
23.953999999999997 130296.138576 0.25326940334363496
23.974 130295.96843733333 0.25322002509014785
23.994 130295.94700533332 0.2532732632005506
24.014 130296.02477199999 0.25342914076491974
24.034 130296.06123866665 0.25339699129611554
24.054 130296.04397466667 0.25328823086669094
24.073999999999998 130295.98444933334 0.2532656407809323
24.093999999999998 130296.02325333332 0.2533303675972891
24.113999999999997 130296.03305733332 0.2533826536094685
24.134 130295.989244 0.2534009010632431
24.154 130295.93008666666 0.25340255426919395
24.174 130295.95308933334 0.25352905246068286
24.194 130295.8885 0.2535334423834974
24.214 130295.85506 0.2535498517812614
24.233999999999998 130295.823892 0.2534256422968891
24.253999999999998 130295.84896133334 0.2534340047764609
24.273999999999997 130295.890916 0.2534402923083332
24.293999999999997 130295.95207999999 0.253392244465406
24.314 130296.09468933335 0.2533638007670537
24.334 130296.23626533334 0.2534049895527509
24.354 130296.29632133334 0.2533385062555269
24.374 130296.18977733332 0.2533893160438858
24.394 130296.17328799999 0.2532862145858592
24.413999999999998 130296.13219866666 0.2532410181338127
24.433999999999997 130296.12717866666 0.2532531259840154
24.453999999999997 130296.11954133332 0.253203084102165
24.474 130296.09926399999 0.2531191662037315
24.494 130296.02122800001 0.2531459316170067
24.514 130296.09816933333 0.25310209258451816
24.534 130296.15132666667 0.2531658539380147
24.554 130296.17804266667 0.25319764027655584
24.573999999999998 130296.251612 0.25328599374805005
24.593999999999998 130296.23653066666 0.2532858015855879
24.613999999999997 130296.409648 0.25327620934568823
24.634 130296.47861333334 0.25326429805864314
24.654 130296.395876 0.25325829323882965
24.674 130296.36086266665 0.2532925492442004
24.694 130296.28663733334 0.2533288479199314
24.714 130296.28865333332 0.25334175635585066
24.733999999999998 130296.40197866666 0.2532992165227858
24.753999999999998 130296.46625866667 0.25331276110158424
24.773999999999997 130296.51527733334 0.2533656653976479
24.793999999999997 130296.58413333334 0.2534024432663945
24.814 130296.62348933335 0.2534029309857719
24.834 130296.56445333334 0.25338271608842394
24.854 130296.50022266668 0.2534645800806361
24.874 130296.45201600001 0.25336860087536506
24.894 130296.43731466666 0.25332790577737774
24.913999999999998 130296.52857466668 0.2533175395424962
24.933999999999997 130296.45233733335 0.2533465631572429
24.953999999999997 130296.48168933333 0.2532884504671701
24.974 130296.416432 0.2532346729094057
24.994 130296.40746799999 0.2532640545594245
25.014 130296.35037466665 0.2532737804083526
25.034 130296.38876 0.25328509273011324
25.054 130296.39837866666 0.25328993650268616
25.073999999999998 130296.32090666669 0.25333972601916477
25.093999999999998 130296.26627333333 0.253348741988366
25.113999999999997 130296.21963333333 0.2533787673328435
25.134 130296.13320533335 0.2533346911871631
25.154 130296.14638000002 0.25332358432264385
25.174 130296.23604000002 0.2532661766563034
25.194 130296.23267199998 0.2532737966377268
25.214 130296.24629200001 0.2532311179159053
25.233999999999998 130296.23856533333 0.2532626329072367
25.253999999999998 130296.35388399998 0.25319889365851683
25.273999999999997 130296.39858133334 0.25322817540358994
25.293999999999997 130296.36751866667 0.25331714597284644
25.314 130296.32449066668 0.2533104013247651
25.334 130296.27852533334 0.2533075552584048
25.354 130296.35731200001 0.25334361195747296
25.374 130296.46308399999 0.25335872879700083
25.394 130296.44677733333 0.2532651940590642
25.413999999999998 130296.43234266667 0.2532050184721146
25.433999999999997 130296.43455466667 0.2532207793270542
25.453999999999997 130296.40264 0.2532958903845937
25.474 130296.522392 0.2532752725474703
25.494 130296.502512 0.2533759639066883
25.514 130296.496544 0.25337359828157835
25.534 130296.46756133332 0.25337309341829584
25.554 130296.44493733333 0.253342361510763
25.573999999999998 130296.48346933333 0.2533354382348401
25.593999999999998 130296.42558266665 0.2533922176025498
25.613999999999997 130296.41786 0.2534512064603145
25.634 130296.49890133334 0.25344725949526076
25.654 130296.52429200002 0.2534542006631899
25.674 130296.5953 0.2534107292619385
25.694 130296.617176 0.253390142921894
25.714 130296.62886666667 0.2533648110964501
25.733999999999998 130296.61813066667 0.25334967771769
25.753999999999998 130296.618612 0.2533648615142893
25.773999999999997 130296.684312 0.2532842667669609
25.793999999999997 130296.70320533334 0.25329405425720025
25.814 130296.70924266666 0.25327529155444345
25.834 130296.750792 0.2532723119387359
25.854 130296.66960933333 0.25336377934251175
25.874 130296.594392 0.253406653787126
25.894 130296.60586666665 0.25347197336006544
25.913999999999998 130296.62118133332 0.2533920027287754
25.933999999999997 130296.51124933334 0.2533132124137147
25.953999999999997 130296.47384266666 0.2533701288279635
25.974 130296.35412133334 0.2533462109929851
25.994 130296.35017066667 0.2532498078640841
26.014 130296.375708 0.2532771213429872
26.034 130296.321232 0.25330439597505117
26.054 130296.35820666667 0.2532931832877074
26.073999999999998 130296.38708 0.25317692582937085
26.093999999999998 130296.44565866666 0.253207513314724
26.113999999999997 130296.44625733333 0.25323262883420466
26.134 130296.54144933334 0.25323121071500526
26.154 130296.53844533334 0.253256839626799
26.174 130296.53796266667 0.2532279660241813
26.194 130296.55317066665 0.25321490140019476
26.214 130296.55545066667 0.2532222977875736
26.233999999999998 130296.52395333332 0.2532142392914447
26.253999999999998 130296.44356666665 0.25320072407250444
26.273999999999997 130296.503828 0.25320078019107495
26.293999999999997 130296.437516 0.2532087509589991
26.314 130296.49256533335 0.25320956193698113
26.334 130296.43637333333 0.25324206183065573
26.354 130296.422884 0.25322476179819225
26.374 130296.448228 0.2532529946492129
26.394 130296.45415333332 0.25323124183781287
26.413999999999998 130296.42057066668 0.2532238144972139
26.433999999999997 130296.38594933334 0.2532045978040945
26.453999999999997 130296.41235333335 0.2531950294822999
26.474 130296.38547066669 0.2532656960067863
26.494 130296.34173599999 0.2533232708265038
26.514 130296.36212133334 0.25325816906395815
26.534 130296.38241333333 0.2532701696428748
26.554 130296.36501066666 0.2532355610336747
26.573999999999998 130296.199324 0.2532739011941902
26.593999999999998 130296.293508 0.25333618158109183
26.613999999999997 130296.452444 0.2534004935160594
26.634 130296.40914933334 0.25336094306597273
26.654 130296.45191999999 0.2533306317020642
26.674 130296.48608533334 0.25322350015826034
26.694 130296.514852 0.25322672932127527
26.714 130296.476476 0.2532214092212186
26.733999999999998 130296.40724266667 0.2532248450711478
26.753999999999998 130296.426412 0.25328620404973695
26.773999999999997 130296.507272 0.2533607788780324
26.793999999999997 130296.54602800001 0.2533229607933637
26.814 130296.55850533332 0.2532610604677928
26.834 130296.559592 0.2532396270375836
26.854 130296.603332 0.2532876656151366
26.874 130296.54915199999 0.2532425811970268
26.894 130296.55743866666 0.2532485705133977
26.913999999999998 130296.52167999999 0.2532228065704668
26.933999999999997 130296.55913733333 0.25325148122737134
26.953999999999997 130296.49759066667 0.25328393346126643
26.974 130296.45978666667 0.2533143562722183
26.994 130296.48677866666 0.2533142113095428
27.014 130296.51022533333 0.2533616547066295
27.034 130296.60407333332 0.25338448949562975
27.054 130296.55544 0.25342965365203846
27.073999999999998 130296.55910533333 0.25340531777029196
27.093999999999998 130296.570964 0.25338310097845174
27.113999999999997 130296.65379066666 0.2534160790148568
27.134 130296.66660533333 0.2534545838392519
27.154 130296.63891066666 0.2534479844888317
27.174 130296.57580933333 0.25349235190619607
27.194 130296.619656 0.2534345446892161
27.214 130296.61577733333 0.25340940325309624
27.233999999999998 130296.63393466666 0.25343360895576167
27.253999999999998 130296.58770533334 0.2534776446261884
27.273999999999997 130296.60789733334 0.2535604575361797
27.293999999999997 130296.63983733335 0.253543640790306
27.314 130296.59864000001 0.2535133864311074
27.334 130296.68259066668 0.25348956226278413
27.354 130296.67359466667 0.25344945688129183
27.374 130296.66128666668 0.25355208128379064
27.394 130296.72117466666 0.25360653601559013
27.413999999999998 130296.77129733333 0.2535235978537545
27.433999999999997 130296.750356 0.2534089901878359
27.453999999999997 130296.75002133334 0.25338837415072624
27.474 130296.708324 0.2533529677060812
27.494 130296.77568533334 0.2533016963908741
27.514 130296.72999333331 0.25333911126996633
27.534 130296.64192 0.253252525302216
27.554 130296.72842533333 0.2532253139674686
27.573999999999998 130296.72224 0.25325343413274354
27.593999999999998 130296.67322 0.25328407598345176
27.613999999999997 130296.67693066665 0.25333959955142044
27.634 130296.71087066669 0.25342014836943266
27.654 130296.73584666665 0.2534360064675059
27.674 130296.64610933332 0.2534107382501637
27.694 130296.625432 0.2534267609037674
27.714 130296.66503333335 0.25342282702665425
27.733999999999998 130296.73373333333 0.2533526622229896
27.753999999999998 130296.76842933333 0.25327254727312415
27.773999999999997 130296.68684133334 0.2533807822949084
27.793999999999997 130296.73504 0.25331256457169926
27.814 130296.59223733335 0.25327352298767475
27.834 130296.56215333333 0.2533171263648858
27.854 130296.56992666668 0.2533382910918178
27.874 130296.62578533334 0.2533428934560829
27.894 130296.67234000002 0.25333997617711024
27.913999999999998 130296.829976 0.25326059821257496
27.933999999999997 130296.74772133333 0.2532828164549988
27.953999999999997 130296.690012 0.25329753338224253
27.974 130296.75807200001 0.25327327553905377
27.994 130296.74246933333 0.25318417886243066
28.014 130296.71818 0.25312676780025994
28.034 130296.65023600002 0.2531750491500856
28.054 130296.66256133333 0.25326160097675277
28.073999999999998 130296.59786133333 0.25327052273694994
28.093999999999998 130296.54891866667 0.25329699821522006
28.113999999999997 130296.529432 0.25323623133953665
28.134 130296.50894 0.25327352430607686
28.154 130296.49698133333 0.2532955769215746
28.174 130296.51259333333 0.2531139367127606
28.194 130296.53225733334 0.25321105136244787
28.214 130296.537492 0.2533252761918021
28.233999999999998 130296.40356533334 0.2532363962662954
28.253999999999998 130296.40149066666 0.25325116281613774
28.273999999999997 130296.36437600001 0.2532978131844991
28.293999999999997 130296.278276 0.25319390177123147
28.314 130296.38649066666 0.2531002069121273
28.334 130296.358536 0.2531684223766619
28.354 130296.334344 0.2532414480695236
28.374 130296.287368 0.2533238259148361
28.394 130296.22733466668 0.2533195608487424
28.413999999999998 130296.33502266667 0.25331068690303093
28.433999999999997 130296.36738666665 0.25331368389070114
28.453999999999997 130296.37755866666 0.2533710782788088
28.474 130296.384048 0.2533101865544855
28.494 130296.32802933332 0.2533492516411682
28.514 130296.33097333334 0.25340088905298974
28.534 130296.27063866667 0.25342728315335045
28.554 130296.31662266667 0.25344307069288186
28.573999999999998 130296.328212 0.2534589493468953
28.593999999999998 130296.315076 0.25352853291717636
28.613999999999997 130296.28091733332 0.25353548628913
28.634 130296.32859466666 0.2534951133052878
28.654 130296.43912266669 0.25352240004837895
28.674 130296.50865066668 0.2534765483062037
28.694 130296.57933733333 0.253421057871192
28.714 130296.62351466666 0.25339181554554135
28.733999999999998 130296.61120666667 0.25343001110313373
28.753999999999998 130296.64301466665 0.2534406007624587
28.773999999999997 130296.82013733333 0.25338472434023884
28.793999999999997 130296.76720266667 0.25343495601284927
28.814 130296.74400400001 0.25341058255613114
28.834 130296.706512 0.25336694562749407
28.854 130296.703236 0.25336025574889726
28.874 130296.73632133333 0.25334108089773527
28.894 130296.79626133334 0.25333931783685043
28.913999999999998 130296.738292 0.253331413938869
28.933999999999997 130296.7086573333 0.25327560483338224
28.953999999999997 130296.69439466666 0.2532574739228262
28.974 130296.84611733333 0.253224941031303
28.994 130296.81615866667 0.2532099740865412
29.014 130296.78908533332 0.2532136789487737
29.034 130296.80652 0.2532491358501753
29.054 130296.72160799999 0.2532348665513551
29.073999999999998 130296.69136 0.25325800236469087
29.093999999999998 130296.73120133334 0.2532638582282362
29.113999999999997 130296.76603999999 0.2533531037974033
29.134 130296.891488 0.25335990184101576
29.154 130296.804552 0.25330909206058166
29.174 130296.83831066667 0.25333786851420154
29.194 130296.72388133334 0.25328413553567813
29.214 130296.67967733333 0.25326841501489117
29.233999999999998 130296.73898933333 0.25326977743164925
29.253999999999998 130296.89735733334 0.2532455473375611
29.273999999999997 130296.84264266667 0.25337183905677363
29.293999999999997 130296.88908800001 0.25340098488241747
29.314 130296.92528933333 0.2533339337071392
29.334 130296.87599466665 0.2532917259322201
29.354 130296.85139466665 0.2533140597214433
29.374 130296.91594400001 0.2533329350720008
29.394 130296.83470533333 0.2533250067033971
29.413999999999998 130296.817676 0.2534464675370194
29.433999999999997 130296.89678400001 0.25335106496689547
29.453999999999997 130296.83692933334 0.25331467816892655
29.474 130296.80184666667 0.253271852837639
29.494 130296.787048 0.25321990009475903
29.514 130296.861084 0.2532334019449491
29.534 130296.797964 0.2532464035594272
29.554 130296.854668 0.25327721442232964
29.573999999999998 130296.824064 0.25326661283967133
29.593999999999998 130296.82470933333 0.2532901008794812
29.613999999999997 130296.80239866665 0.2533281022399133
29.634 130296.76032533334 0.2533934177176468
29.654 130296.62163600001 0.25352912265483435
29.674 130296.65195866665 0.25352108805742746
29.694 130296.73904399999 0.2535120091557174
29.714 130296.713728 0.25353887910171397
29.733999999999998 130296.76096933335 0.2535952943186054
29.753999999999998 130296.82363066665 0.253519507224045
29.773999999999997 130296.80290266665 0.25353778583439324
29.793999999999997 130296.801396 0.25360601244764897
29.814 130296.79746666667 0.2535957503348002
29.834 130296.84724266668 0.25363368996457203
29.854 130296.83318 0.2536492355825649
29.874 130296.76746533334 0.2535207827342148
29.894 130296.71754 0.25361533564357647
29.913999999999998 130296.70158533334 0.2536444108639417
29.933999999999997 130296.61943333334 0.2535702402700505
29.953999999999997 130296.58703466666 0.25363907317732004
29.974 130296.49042666667 0.2535634326605106
29.994 130296.50378666667 0.2535787463728137
30.014 130296.43755999999 0.25365928223028167
30.034 130296.41979466667 0.25364859069827583
30.054 130296.45276266665 0.2537429966668156
30.073999999999998 130296.43408533334 0.25366377475644963
30.093999999999998 130296.45351466667 0.253690358690265
30.113999999999997 130296.47128533333 0.2537035327171442
30.134 130296.316696 0.25365407973249254
30.154 130296.32973333335 0.25362882272416826
30.174 130296.24993066666 0.25362704741151654
