0.0 557107949868 0.17248861598737336
0.02 551102657392 0.17311564781857142
0.04 545331710746 0.17361954049957318
0.06 539784556644 0.1740635842068449
0.08 534451648268 0.174421402369253
0.1 529324007458 0.1747809423722795
0.12 524392955354 0.17506635180119998
0.14 519649994864 0.1753736255342894
0.16 515087512868 0.1756131868714153
0.18 510697722220 0.17586710463295677
0.2 506473645844 0.1760765740367593
0.22 502408326124 0.1762106850793611
0.24 498495311832 0.17637058691175433
0.26 494728105728 0.1765025984063812
0.28 491101072198 0.1766628460148898
0.3 487608633144 0.17673196536314645
0.32 484245283076 0.17678410133936265
0.34 481006067126 0.17682612037409937
0.36 477885731954 0.1768980711248515
0.38 474879759752 0.1769200081566023
0.4 471983423888 0.17695133852003406
0.42 469192836962 0.17699647274370012
0.44 466503490684 0.17710673912896704
0.46 463911783446 0.17712903903614752
0.48 461413691326 0.1771521944980926
0.5 459005727974 0.17720098290818548
0.52 456684567776 0.1772263328693357
0.54 454446503982 0.17728788134077123
0.56 452288327372 0.17733204397360902
0.58 450207226590 0.1773393629736212
0.6 448200314300 0.17738689856055828
0.62 446264826594 0.1774021964015303
0.64 444398296996 0.17744558722941967
0.66 442597419816 0.1774607788585166
0.68 440860059720 0.17747064159641252
0.7 439184040604 0.17748623136423905
0.72 437566765218 0.1775322389994325
0.74 436006405640 0.1775667829875234
0.76 434500757444 0.17755491936407336
0.78 433047894330 0.1776036440672224
0.8 431645945126 0.1776123392655833
0.82 430292742322 0.17760570835333025
0.84 428986484452 0.17760723003895082
0.86 427725576488 0.17758398818202545
0.88 426508243576 0.17762690881220466
0.9 425333156592 0.17761690459526008
0.92 424198828156 0.17763197622375126
0.94 423103643128 0.17768971755939428
0.96 422046047676 0.1777060912593651
0.98 421024636542 0.17775679119107213
1.0 420038329820 0.17775651198077563
1.02 419085705994 0.177791717413454
1.04 418165870030 0.17781567679900967
1.06 417277311976 0.17783595892003465
1.08 416418990982 0.17789523890603443
1.1 415590286182 0.17792416358583457
1.12 414789603388 0.17795084944333006
1.14 414015949362 0.17791365548692648
1.16 413268734582 0.17790098014338485
1.18 412546602544 0.1779112973286687
1.2 411849090966 0.17795074360450133
1.22 411175037038 0.17799222063939588
1.24 410523512228 0.17803598882442867
1.26 409894188402 0.17807651117851334
1.28 409286012452 0.17811465258180056
1.3 408698177884 0.17812146710761043
1.32 408129907580 0.1781292640168171
1.34 407580692198 0.1781817925115704
1.36 407049798360 0.17818560230859926
1.38 406536768474 0.17817686039220224
1.4 406040833956 0.17817044982419578
1.42 405561427172 0.17816137821383354
1.44 405097759418 0.17819286089125314
1.46 404649701208 0.1782247805166583
1.48 404216605878 0.17823779732408757
1.5 403797772400 0.17828026667146876
1.52 403392501844 0.17828806914678025
1.54 403000737198 0.17833036839716046
1.56 402622060942 0.17833897115412684
1.58 402255622272 0.17836392576071575
1.6 401901403908 0.1783738695329719
1.62 401559046644 0.17845405664194833
1.64 401227499956 0.17847116668460433
1.66 400906821036 0.17848549884875317
1.68 400596812406 0.1785298893463691
1.7 400296887698 0.178546268569783
1.72 400006613920 0.17860052052700204
1.74 399726100712 0.17860799258986904
1.76 399454440172 0.17860651997944915
1.78 399191717412 0.1785912133841855
1.8 398937797896 0.17856997014637813
1.82 398692016788 0.1785554602478388
1.84 398454162054 0.17859062695468192
1.86 398223695124 0.1785605854526991
1.88 398000803196 0.17855895700861465
1.9 397785184478 0.17853436645704446
1.92 397576614110 0.17857123324362947
1.94 397374563194 0.17855355346068685
1.96 397178785746 0.17857822989117414
1.98 396989527690 0.17857122008887458
2.0 396806300498 0.17860031384673958
2.02 396628875074 0.17860665109882629
2.04 396457074866 0.17864313781869368
2.06 396290852404 0.17864285867955193
2.08 396129968180 0.1786195736537684
2.1 395974224744 0.17862558403765505
2.12 395823441446 0.17866071281759904
2.14 395677306974 0.1786964571397449
2.16 395535979356 0.17872186459689515
2.18 395398859178 0.17873034240219274
2.2 395265949100 0.1787199097122793
2.22 395137423304 0.1786976116318538
2.24 395013010590 0.1787279391076716
2.26 394892236480 0.17874084524739953
2.28 394775197430 0.17873951451325854
2.3 394661856934 0.1787633889595924
2.32 394552351376 0.17874117333626244
2.34 394445898738 0.1787035888807963
2.36 394343070416 0.1787097042209262
2.38 394243437972 0.17873625897184073
2.4 394146898584 0.17875113956974958
2.42 394053051548 0.1787897396219182
2.44 393962461802 0.1788078414420499
2.46 393874753044 0.17879779010308336
2.48 393789613402 0.17883659836478918
2.5 393706909504 0.1788822916091254
2.52 393626640030 0.1788874922431602
2.54 393549243498 0.178871950747983
2.56 393474039408 0.1788879807842876
2.58 393401080706 0.1788438844791393
2.6 393330308750 0.17885224754186688
2.62 393262079950 0.17883686580601996
2.64 393195686038 0.17883397229065812
2.66 393131206462 0.17877525731546687
2.68 393068613916 0.178741067883802
2.7 393008245026 0.17878948710120868
2.72 392949684380 0.17884275345930448
2.74 392892680506 0.17883723656225575
2.76 392837229620 0.178865485612462
2.78 392783819724 0.1788730258106601
2.8 392731785934 0.17889573503994355
2.82 392681436506 0.17893067051716496
2.84 392632607478 0.1789269478836335
2.86 392585137088 0.17895028534392113
2.88 392539091792 0.1789310708173529
2.9 392494421094 0.17890480752491741
2.92 392451090262 0.17895405208950999
2.94 392408996310 0.17896905771026936
2.96 392368062858 0.1789699747561064
2.98 392328208910 0.17895832658235844
3.0 392289757526 0.17892552617996157
3.02 392252684138 0.17893977416423296
3.04 392216424498 0.1789417125992368
3.06 392181384458 0.17893436518357045
3.08 392147232606 0.17898256471625032
3.1 392114172966 0.17899957772187003
3.12 392082018442 0.17901717201536554
3.14 392050598942 0.1790438046967575
3.16 392020012456 0.17906581153563714
3.18 391990477366 0.17902400374148286
3.2 391961891262 0.17899867536891773
3.22 391934109276 0.17900095915368264
3.24 391906917610 0.17902513530206549
3.26 391880765394 0.17904503692595247
3.28 391855572500 0.17904125173420452
3.3 391831022672 0.17901186911819258
3.32 391807145986 0.17906087250384434
3.34 391783905508 0.17906708673396782
3.36 391760868000 0.17900536016172663
3.38 391738776222 0.17898931993956643
3.4 391717202514 0.17904162700409107
3.42 391696356218 0.1790581223713324
3.44 391676180054 0.17907641938087548
3.46 391656533796 0.17908725933703218
3.48 391637205582 0.1790646591411642
3.5 391618557160 0.179069331817634
3.52 391600485450 0.1790506561727221
3.54 391583020208 0.17905673306352515
3.56 391565744316 0.17907718204894552
3.58 391549048776 0.17908835340439105
3.6 391532895742 0.17909750728768106
3.62 391517210722 0.1791243004787554
3.64 391502095440 0.1791310793179856
3.66 391487219790 0.1791624263268564
3.68 391472952766 0.17916984588783724
3.7 391458918626 0.17914750824127942
3.72 391445096624 0.17911081396601977
3.74 391431601014 0.1791436694507353
3.76 391418849606 0.17915839321000523
3.78 391406098694 0.1791681489558064
3.8 391393925004 0.1791555540641413
3.82 391382173654 0.17914088121889918
3.84 391370442106 0.17913200537751342
3.86 391359161408 0.17914653030000913
3.88 391348322164 0.1791726637593904
3.9 391337819294 0.1791866376462687
3.92 391327297182 0.1792109034659484
3.94 391317115558 0.1792176500631913
3.96 391307274638 0.17922865848009395
3.98 391297565010 0.1791591705634317
4.0 391288048848 0.17918835427016583
4.02 391278810696 0.17914713344974223
4.04 391269709874 0.1791352778647038
4.06 391261194564 0.17914672295789197
4.08 391252678146 0.17915861356324253
4.1 391244537012 0.1791702904323617
4.12 391236340454 0.1791840778318698
4.14 391228246280 0.17917901066110126
4.16 391220542568 0.1791509289181844
4.18 391212923356 0.17912329027568505
4.2 391205699474 0.17915046263878517
4.22 391198594756 0.17912733596014563
4.24 391191645986 0.1791307099654184
4.26 391185008836 0.17915326357603872
4.28 391178388880 0.17913592205919265
4.3 391172009320 0.17916933177060934
4.32 391165679594 0.1791357717874347
4.34 391159587576 0.17911143987359418
4.36 391153729978 0.1790928469688634
4.38 391147845726 0.179086728666897
4.4 391142273174 0.17908227043760985
4.42 391136913912 0.17909959791598876
4.44 391131663824 0.17909945939927527
4.46 391126359866 0.17910276570007289
4.48 391121284058 0.17907794300250793
4.5 391116372354 0.17909731350207067
4.52 391111367844 0.17914014583708485
4.54 391106976438 0.17915178355683656
4.56 391102395568 0.17912208487681558
4.58 391098241880 0.17911494330622468
4.6 391094148058 0.17912390815225432
4.62 391089715338 0.1790943088964809
4.64 391085360584 0.17905135805475209
4.66 391081177950 0.1790787716393734
4.68 391077067746 0.17902513039015924
4.7 391073161942 0.17909004525619532
4.72 391069168634 0.1791177495928653
4.74 391065484388 0.17911233369370488
4.76 391062092534 0.1790940866029757
4.78 391058648228 0.17905163401516322
4.8 391055354550 0.17907387055269341
4.82 391052064210 0.17904113071866937
4.84 391048673598 0.1790306664382051
4.86 391045370458 0.17903590334778335
4.88 391042252680 0.17907277531599636
4.9 391039241090 0.17910991998158093
4.92 391036504064 0.17906576354141687
4.94 391033459540 0.17907448461564052
4.96 391030420298 0.17909464943366038
4.98 391027710688 0.1791175407892526
5.0 391024785586 0.1791356673756888
5.02 391022087730 0.17914550638091048
5.04 391019536312 0.17911920723818514
5.06 391016990002 0.17911798073995586
5.08 391014400482 0.17913137719319733
5.1 391011745464 0.17907925746977785
5.12 391009471162 0.1790328534803895
5.14 391007421778 0.17901575238043468
5.16 391004913642 0.17903505217100452
5.18 391002806078 0.17900653857469978
5.2 391000606630 0.17895478202750226
5.22 390998447928 0.17893622592692535
5.24 390996516014 0.1789436647271353
5.26 390994681666 0.17890068533480688
5.28 390992829846 0.1789398211847779
5.3 390990945376 0.17893671209846423
5.32 390988980326 0.17898329442598793
5.34 390987229582 0.1789984989380732
5.36 390985308862 0.17904796194308048
5.38 390983444804 0.1790475702385257
5.4 390981924362 0.17905331361461058
5.42 390980151902 0.17901807586450907
5.44 390978518640 0.17903608468356286
5.46 390976790808 0.17907998086535176
5.48 390974916434 0.17909579368200884
5.5 390973462938 0.17913452460081952
5.52 390972199770 0.17914128560507228
5.54 390970768478 0.17907694718879316
5.56 390969080828 0.17903864198554467
5.58 390967764562 0.17902529818555937
5.6 390966416776 0.17907869134869697
5.62 390964917344 0.1790766476302839
5.64 390963557096 0.17911577634897896
5.66 390962124466 0.17916126764923235
5.68 390960671850 0.17917794366010853
5.7 390959379004 0.17913872750652052
5.72 390957918754 0.17914611543769998
5.74 390956653742 0.17912266805381077
5.76 390955498218 0.17913390262166692
5.78 390954115624 0.17912488460499232
5.8 390952971764 0.17907337989443847
5.82 390951767838 0.17903802165054492
5.84 390950703328 0.17902219482837534
5.86 390949564638 0.17901825483415673
5.88 390948534150 0.17904028060628896
5.9 390947464748 0.17910529352262322
5.92 390946593146 0.1790997921987213
5.94 390945486388 0.1791087808868511
5.96 390944223074 0.17909124050326297
5.98 390943293488 0.17912579204796147
6.0 390942373656 0.17910919383148227
6.02 390941459218 0.17912796097422168
6.04 390940528806 0.17917867104947283
6.06 390939833764 0.17919050703095252
6.08 390938964094 0.1792030426533926
6.1 390938077960 0.17921288223356674
6.12 390937068660 0.17920461077414218
6.14 390936308908 0.17922644002332971
6.16 390935679808 0.17922063243855763
6.18 390934744066 0.17918713083628135
6.2 390933940676 0.17913765174964563
6.22 390932852510 0.17913542696332732
6.24 390932019408 0.17914957366646556
6.26 390931401316 0.17910961193544225
6.28 390930230816 0.17913467287994222
6.3 390929592820 0.17914150177822197
6.32 390928639664 0.17915207642748526
6.34 390927922360 0.17919099691801935
6.36 390927324088 0.179189793507486
6.38 390926546798 0.1791694471040804
6.4 390925976094 0.17915616414630486
6.42 390925235132 0.17915560503756336
6.44 390924740330 0.1791296151399443
6.46 390924353620 0.17914859226629204
6.48 390923767312 0.17917921090978556
6.5 390923343440 0.17913016326317693
6.52 390922577560 0.17911329286541167
6.54 390921984316 0.17909370825849352
6.56 390921374602 0.17910222651811442
6.58 390920907996 0.1791035437969643
6.6 390920229934 0.17909413767321525
6.62 390919970700 0.17909438143380096
6.64 390919578006 0.17915932149862956
6.66 390918993900 0.17915457113081276
6.68 390918546608 0.17913446731729393
6.7 390918080394 0.17916749072056465
6.72 390917673540 0.17917115856043916
6.74 390917179232 0.17919266826417307
6.76 390916719088 0.17920366406527077
6.78 390916201410 0.17914852015674784
6.8 390915826744 0.1791667386793453
6.82 390915714612 0.17914161584313326
6.84 390915320846 0.17916429314693938
6.86 390914773682 0.17911940744867735
6.88 390914238944 0.17915623750939919
6.9 390913795344 0.17915235155336515
6.92 390913393452 0.17915339659582208
6.94 390913121648 0.17914802537906238
6.96 390912851130 0.1791318461969933
6.98 390912530682 0.17913368521571793
7.0 390912283676 0.17910439379879647
7.02 390912018362 0.17908441389714921
7.04 390911599328 0.17909345966601525
7.06 390911217308 0.1791189709820283
7.08 390910843052 0.17914400042704312
7.1 390910359622 0.17911843876734707
7.12 390910054382 0.17914514824219216
7.14 390909866460 0.17913516191965684
7.16 390909626062 0.17913928876297938
7.18 390909366802 0.17912886653921428
7.2 390909143752 0.17915336798383996
7.22 390908792946 0.1791867099596174
7.24 390908484944 0.17919923887165937
7.26 390908302414 0.17923712536692057
7.28 390907971778 0.1792789633478089
7.3 390907793646 0.17925043478515634
7.32 390907765512 0.17923490409924167
7.34 390907386762 0.17922509156689126
7.36 390907178052 0.17924912021740774
7.38 390906746374 0.179274085848582
7.4 390906335658 0.1792912984217443
7.42 390905862048 0.1792931661511472
7.44 390905408256 0.17931512712274814
7.46 390904970920 0.1793034060584165
7.48 390904646590 0.17926129852140263
7.5 390904264918 0.17926477522419998
7.52 390903987490 0.1792725363785456
7.54 390903715490 0.17930860454060155
7.56 390903563436 0.17925809456568378
7.58 390902955738 0.1792375381821736
7.6 390902755200 0.1792677191607649
7.62 390902489462 0.1792165056699359
7.64 390902621034 0.17922501032836285
7.66 390902266910 0.1792078219406114
7.68 390902036330 0.1792139174308056
7.7 390901819154 0.1792019197790735
7.72 390901641638 0.17919091030249384
7.74 390901348398 0.1791386248625969
7.76 390901102472 0.17912587247740083
7.78 390901338630 0.179104653140276
7.8 390901046010 0.17910352628417864
7.82 390900779950 0.17908406138532273
7.84 390900518878 0.17904537565072726
7.86 390900485534 0.17897992795297848
7.88 390900317772 0.179002854146642
7.9 390900143052 0.17905626467229394
7.92 390899983778 0.17903043630414106
7.94 390899959910 0.1790526134667367
7.96 390899603252 0.1790322257986952
7.98 390899665784 0.179068911964706
8.0 390899506374 0.1791087705431324
8.02 390899187488 0.17907172134318478
8.04 390899026364 0.17908083792027055
8.06 390898836378 0.17906835086371747
8.08 390898727536 0.1790939754590233
8.1 390898612102 0.17917193304809775
8.12 390898567140 0.179192557575359
8.14 390898193464 0.17919991551791759
8.16 390898178914 0.17916357542361167
8.18 390898281494 0.17918336554019695
8.2 390898126964 0.17921739652458007
8.22 390898168204 0.17920484116066848
8.24 390898048568 0.1791784722491315
8.26 390898009876 0.17916809165460143
8.28 390898004784 0.17919487763955483
8.3 390897831564 0.17918878877045644
8.32 390897568186 0.17921400337315185
8.34 390897402274 0.17920821884286212
8.36 390897530760 0.17921114246431905
8.38 390897303738 0.1792175015575761
8.4 390897239034 0.17921386082144394
8.42 390896930502 0.17924475317575544
8.44 390896858370 0.1792105279791932
8.46 390896865296 0.17912912870278652
8.48 390896888570 0.17907487711767378
8.5 390896823006 0.17907801091211545
8.52 390896714038 0.17909431559302447
8.54 390896750026 0.17909489718147054
8.56 390896655708 0.17907409537659946
8.58 390896502816 0.1790743602313931
8.6 390896188700 0.17909175962903862
8.62 390895835694 0.1790708950829698
8.64 390895684914 0.17908999147855664
8.66 390895442724 0.1791284577225542
8.68 390895084550 0.17916367260880037
8.7 390895105000 0.17919043538090526
8.72 390895065138 0.1791069739217127
8.74 390894874042 0.1790925958159124
8.76 390894660436 0.17911433641712726
8.78 390894640850 0.1791085251460791
8.8 390894407242 0.17909716714219845
8.82 390894587282 0.17909410666439385
8.84 390894535060 0.17911597965148762
8.86 390894300374 0.17911177814906765
8.88 390894427518 0.17913924296388753
8.9 390894318524 0.1790966741919171
8.92 390894069726 0.17906954161154412
8.94 390893998870 0.179031575822459
8.96 390893776452 0.17901299033460644
8.98 390893679996 0.17901641160117993
9.0 390893734164 0.17901417100706124
9.02 390893748744 0.1789928533880856
9.04 390893453618 0.17900221671207284
9.06 390893304238 0.1790457491542961
9.08 390893348400 0.17903624415263225
9.1 390893077238 0.1790342857229861
9.12 390892945014 0.17900016563937132
9.14 390892901314 0.17900282766788417
9.16 390892828304 0.17899392923856783
9.18 390892900844 0.1790533442822606
9.2 390892872432 0.17905039695075306
9.22 390892503924 0.17906027326238277
9.24 390892486102 0.1790665680635317
9.26 390892505248 0.17908598788226887
9.28 390892656684 0.17908450137187468
9.3 390892622546 0.1790708648446272
9.32 390892396732 0.1790993249426102
9.34 390892551748 0.17909864679536106
9.36 390892767750 0.17906118470699348
9.38 390892663916 0.17901460439360797
9.4 390892679418 0.1790109431478058
9.42 390892729836 0.179010538253216
9.44 390892532346 0.17904656404185237
9.46 390892417682 0.17909606573860481
9.48 390892355160 0.17911443894656853
9.5 390892562588 0.1791244845408664
9.52 390892520864 0.1791059013503397
9.54 390892301958 0.1791323707372522
9.56 390892277768 0.179134133460384
9.58 390892432830 0.1791683300795742
9.6 390892221684 0.17916584161366478
9.62 390892434162 0.17914708855073683
9.64 390892712154 0.17915851170305955
9.66 390892708826 0.1791616190246964
9.68 390892642550 0.17914724051778003
9.7 390892636046 0.1791225494618479
9.72 390892681754 0.17910427926258565
9.74 390892578102 0.17908109048563584
9.76 390892415706 0.17909903697786983
9.78 390892337214 0.17913191490266006
9.8 390892474274 0.1791088311015992
9.82 390892346144 0.17908494726692836
9.84 390892336192 0.17907736074154176
9.86 390892246178 0.1790862166137352
9.88 390892353530 0.17913793981897821
9.9 390892117350 0.17915029318018189
9.92 390891894526 0.17917327367712232
9.94 390891797414 0.17918044338190992
9.96 390891838926 0.17917239323862724
9.98 390891753986 0.17915295932434622
10.0 390891784056 0.17911485710087807
10.02 390891802060 0.1791632250755098
10.04 390891983042 0.17918548012629257
10.06 390891797974 0.1791650746156801
10.08 390891787130 0.17913698508244366
10.1 390891717906 0.1791295974236215
10.12 390891783288 0.1791592672033002
10.14 390891671874 0.17915018529439208
10.16 390891632390 0.17909733710078424
10.18 390891723916 0.17910516331329715
10.2 390891910354 0.1790914186637854
10.22 390891647868 0.17908944426844517
10.24 390891354294 0.17904855721420385
10.26 390891298488 0.17911483987257554
10.28 390891364646 0.17915304687777664
10.3 390891319090 0.179143708741825
10.32 390891529730 0.1791106312032896
10.34 390891548036 0.17912308611058514
10.36 390891497490 0.17909985706005704
10.38 390891491618 0.17906719699614465
10.4 390891351746 0.17904973465210394
10.42 390891316562 0.17905531495424418
10.44 390891145476 0.17904600047794883
10.46 390891100806 0.1790543413049731
10.48 390891082306 0.1790456056589361
10.5 390890854450 0.1790437974275177
10.52 390890853960 0.17903953333212919
10.54 390890852674 0.17899668892415166
10.56 390890894462 0.1790474399636361
10.58 390890704780 0.17906991724420457
10.6 390890762786 0.17909371393037665
10.62 390890702236 0.1791129229153067
10.64 390890640398 0.1791228712458388
10.66 390890562400 0.17915580568183775
10.68 390890339540 0.1791516216279455
10.7 390890360686 0.17911512769158436
10.72 390890448994 0.1791121959063547
10.74 390890438708 0.17912076847980435
10.76 390890393592 0.1791290813295917
10.78 390890403020 0.17912362330728324
10.8 390890565458 0.1790785944416689
10.82 390890250368 0.179106845982164
10.84 390890200020 0.17913516691603135
10.86 390890060890 0.17912338059229413
10.88 390890127830 0.17915698911722105
10.9 390890116486 0.179172310089241
10.92 390890037358 0.17916243515587782
10.94 390890128542 0.1791700464623323
10.96 390889967354 0.1791679564835368
10.98 390890133800 0.17918129810789427
11.0 390890349664 0.17919923704409327
11.02 390890318268 0.17920511962091906
11.04 390890077826 0.17924634182185192
11.06 390889937558 0.1791976125828864
11.08 390890083436 0.17923943090783298
11.1 390890099584 0.17920146120629502
11.12 390890239124 0.179175039607208
11.14 390890351670 0.17919918146367636
11.16 390890187438 0.179212790391128
11.18 390890317040 0.17920971648273457
11.2 390890258142 0.17922014814240048
11.22 390890149550 0.17926186269540964
11.24 390890234236 0.1792538297264477
11.26 390890531738 0.17920543954514864
11.28 390890429044 0.17919756882404633
11.3 390890407532 0.17916819709916318
11.32 390889919582 0.17914197280472338
11.34 390889890868 0.17920151079324115
11.36 390889896202 0.17917434183393874
11.38 390889852914 0.17916392567077127
11.4 390889744558 0.17912250222980255
11.42 390890024062 0.1790827411803927
11.44 390889972718 0.1790404803158705
11.46 390890062964 0.1790546041207155
11.48 390890113672 0.17905968675972003
11.5 390889910016 0.17903745288120426
11.52 390889915800 0.17904383403532165
11.54 390889959536 0.17907752677057415
11.56 390890042558 0.17909422125293153
11.58 390890108940 0.17909868773455617
11.6 390890039224 0.17913581943992285
11.62 390890020104 0.17912835669108368
11.64 390889849688 0.17913228028741285
11.66 390889848658 0.17909905642985546
11.68 390889545972 0.1790996929543568
11.7 390889512256 0.17910414881556513
11.72 390889504728 0.17907451770468027
11.74 390889306832 0.17908437064996746
11.76 390889201776 0.1790738704166863
11.78 390889313362 0.17901615679120136
11.8 390889248676 0.1790433397149847
11.82 390889349358 0.17905863759930968
11.84 390889455998 0.1790532529047046
11.86 390889285856 0.17907431438696322
11.88 390889388918 0.179100456008668
11.9 390889507202 0.17913662728901758
11.92 390889610692 0.1791121882750007
11.94 390889471072 0.1791472916121939
11.96 390889388078 0.1791276761029955
11.98 390889488244 0.179111824464105
12.0 390889252080 0.17911904116113386
12.02 390889166386 0.1791395673335492
12.04 390889071846 0.17913957110342088
12.06 390888991148 0.179173997812952
12.08 390888763596 0.17913200423410283
12.1 390888683878 0.17911616143889572
12.12 390888673760 0.1791134178226086
12.14 390888543644 0.17912630307973187
12.16 390888491066 0.17915846850989828
12.18 390888333972 0.17916198588415022
12.2 390888478928 0.17914604782922633
12.22 390888539610 0.179129658111948
12.24 390888664668 0.1791042666581012
12.26 390888574562 0.17908258148882492
12.28 390888649726 0.17908292733820597
12.3 390888714246 0.1790847487929305
12.32 390889162736 0.17909819721551157
12.34 390889161346 0.17913559832962056
12.36 390889125676 0.17910033216765386
12.38 390889020212 0.17906659147932436
12.4 390888743710 0.17905789279849504
12.42 390888736432 0.17902810513416179
12.44 390888714436 0.17901469882097004
12.46 390888680624 0.17904345976501929
12.48 390888772180 0.1790699200685188
12.5 390888946924 0.17907554748737226
12.52 390888920518 0.179087120877593
12.54 390888773986 0.1791134836422569
12.56 390889039424 0.17914833175640507
12.58 390889018458 0.17916034286948115
12.6 390889048220 0.17920792869823388
12.62 390889066560 0.17917233782938943
12.64 390889303660 0.17914092441095175
12.66 390889391430 0.1791096560821534
12.68 390889413988 0.17908241053158935
12.7 390889647350 0.17906490921753432
12.72 390889854208 0.1790563557609944
12.74 390889866390 0.17903496563084592
12.76 390889837456 0.17900114305792703
12.78 390889897952 0.17900706574823624
12.8 390889951342 0.1789977987768006
12.82 390889850558 0.1789897039718165
12.84 390889973044 0.17901099449920554
12.86 390889863950 0.17899803833592065
12.88 390889851504 0.17904470442489312
12.9 390889816386 0.17907026605897708
12.92 390889630248 0.1790747897347547
12.94 390889619296 0.17913599698528193
12.96 390889493960 0.17909820953655506
12.98 390889446400 0.17912738615486276
13.0 390889365004 0.17914564081859188
13.02 390889446842 0.17913383478430467
13.04 390889358970 0.17914197696029094
13.06 390889574810 0.17910683205225061
13.08 390889487058 0.17913558991903922
13.1 390889600308 0.17920307266625407
13.12 390889564912 0.1792147056395251
13.14 390889754644 0.1792063600746644
13.16 390889683338 0.17920323986908301
13.18 390889671508 0.1792089318450776
13.2 390889821934 0.17918062900622958
13.22 390889665330 0.17914743065701733
13.24 390889650920 0.17912512386282656
13.26 390889710948 0.17914272623219024
13.28 390889894186 0.17912088402285695
13.3 390889871836 0.17917200704325395
13.32 390889820348 0.17915688576042574
13.34 390889808086 0.1791668706119898
13.36 390889540816 0.17914961344865274
13.38 390889620118 0.17914818377936986
13.4 390889407492 0.1791750610344249
13.42 390889358822 0.1791914078421263
13.44 390889076708 0.17917202231728216
13.46 390889072514 0.17918071697157922
13.48 390889130934 0.17915982837447375
13.5 390889190380 0.17912422094809638
13.52 390889022472 0.17914031656745244
13.54 390889120726 0.17915788878663721
13.56 390888902788 0.17914629299124268
13.58 390889003354 0.17912046754830813
13.6 390889213452 0.17911488578575502
13.62 390888951114 0.17912308320570242
13.64 390889052414 0.17910599889300344
13.66 390888962376 0.17914511565248592
13.68 390888952766 0.17915330609809535
13.7 390888906864 0.1791804542834512
13.72 390888848264 0.17918172569822882
13.74 390888991840 0.17918969543979232
13.76 390889122240 0.17918239988299897
13.78 390889134214 0.1791866716604795
13.8 390888974574 0.17919942813413967
13.82 390889010136 0.17919548768582888
13.84 390888708878 0.17917983935258996
13.86 390888746340 0.17919341855887908
13.88 390888632336 0.17920200477182502
13.9 390888960468 0.17918244939855446
13.92 390888889694 0.17918118402417535
13.94 390889026560 0.17916191188045877
13.96 390888723782 0.1791715897651372
13.98 390888591050 0.1792037080031069
14.0 390888566254 0.17919620233926795
14.02 390888522724 0.17921674856106726
14.04 390888588418 0.17920685976913148
14.06 390888474684 0.17921470291207608
14.08 390888467228 0.17921054546211582
14.1 390888582364 0.17923047347077695
14.12 390888653266 0.17921104986929456
14.14 390888547200 0.17918889843007643
14.16 390888528760 0.17914729641728339
14.18 390888660104 0.1791156811842526
14.2 390888772750 0.17910477428241606
14.22 390888776086 0.17914345380765961
14.24 390888864216 0.1791577506950225
14.26 390888846746 0.17917173314374812
14.28 390888779042 0.17917456871842785
14.3 390888708478 0.17913455533430733
14.32 390888560018 0.17912554716981138
14.34 390888475576 0.17911973709436643
14.36 390888382340 0.17911993154916783
14.38 390888603110 0.17911918453607137
14.4 390888773122 0.1791275420111769
14.42 390888617988 0.1791438660219476
14.44 390888928978 0.1791545892732894
14.46 390888991420 0.17916167539400896
14.48 390888920908 0.17919831957022267
14.5 390888871640 0.1792108582414536
14.52 390888734820 0.17918910722363465
14.54 390888279222 0.1791839427699824
14.56 390888502900 0.17918359942266832
14.58 390888683460 0.17920018775691166
14.6 390888737304 0.17919081405669093
14.62 390888771584 0.17921575689256056
14.64 390888773430 0.17923679138568793
14.66 390888760030 0.17925777503198542
14.68 390888757814 0.179245767352459
14.7 390888647560 0.17922325167511224
14.72 390888653124 0.17920463666886383
14.74 390888428134 0.17921358284807243
14.76 390888337630 0.17915917342039003
14.78 390888390812 0.17918161965533314
14.8 390888552386 0.17920920686485864
14.82 390888482688 0.1791993641628301
14.84 390888382558 0.1792151870062577
14.86 390888443492 0.17923167851647212
14.88 390888365516 0.17925710485164165
14.9 390888259210 0.1792886286569378
14.92 390888275874 0.1792968828663583
14.94 390888442946 0.17928301300268198
14.96 390888579764 0.17924705489452566
14.98 390888443820 0.17924151177766173
15.0 390888444690 0.17927369823015069
15.02 390888552768 0.17927522513985936
15.04 390888555434 0.1792345551894633
15.06 390888494186 0.17925300980737552
15.08 390888568348 0.1791986046378869
15.1 390888652360 0.1791413932780571
15.12 390888678130 0.179144401770378
15.14 390888590822 0.17917109091762293
15.16 390888454210 0.17914451033389747
15.18 390888320252 0.17913104434588864
15.2 390888449764 0.17914352759079344
15.22 390888543226 0.17912445972521857
15.24 390888553114 0.1790660232743941
15.26 390888652866 0.17907904061745006
15.28 390888589548 0.17909084372849704
15.3 390888580818 0.17909186154313203
15.32 390888528046 0.17909676630098348
15.34 390888549586 0.1791143618524309
15.36 390888715780 0.17912026061583083
15.38 390888697892 0.17909350001254407
15.4 390888459258 0.17912514523306758
15.42 390888275434 0.17906771653008866
15.44 390888194644 0.17910583186041806
15.46 390888316344 0.17910758886400768
15.48 390888433098 0.1791235040768624
15.5 390888463956 0.17913891236074525
15.52 390888523188 0.17916948597016444
15.54 390888356236 0.1791862243192604
15.56 390888485866 0.17917483152266594
15.58 390888401210 0.17919186026979964
15.6 390888559576 0.17918589907384036
15.62 390888621470 0.17922905359547273
15.64 390888839972 0.17917415673130774
15.66 390888941434 0.17915082220376913
15.68 390889006192 0.17917371877115623
15.7 390888813406 0.17916958399698402
15.72 390888919946 0.17919249268370463
15.74 390889111822 0.17917277394029577
15.76 390889181536 0.17916357347591175
15.78 390889152620 0.17916531449588532
15.8 390889077038 0.17911668171782746
15.82 390889275144 0.17911177455772526
15.84 390889290188 0.17915552577344784
15.86 390889149690 0.17914609314370913
15.88 390889388210 0.17918762810590455
15.9 390889493924 0.17922063427328425
15.92 390889499144 0.17923202468138064
15.94 390889058852 0.17921484520880276
15.96 390889141350 0.1791706141772752
15.98 390889046018 0.17920097411996042
16.0 390889288970 0.1791333652977013
16.02 390889519010 0.17913694893448734
16.04 390889508684 0.17915730166015967
16.06 390889551804 0.17914657032474615
16.08 390889245634 0.17915772334805632
16.1 390889405036 0.17919284243212358
16.12 390889249566 0.1791671523530508
16.14 390889032048 0.17916739702055232
16.16 390889064970 0.17919648726459886
16.18 390889035092 0.17926726285515696
16.2 390889115498 0.17924377086104695
16.22 390889054598 0.17922824361932943
16.24 390888994514 0.17921427534397932
16.26 390888962964 0.17921004142861738
16.28 390888920032 0.17918929848371135
16.3 390888679280 0.17918676208433004
16.32 390888716988 0.17914265840161384
16.34 390888869410 0.17914208063331044
16.36 390888817150 0.17916488865139651
16.38 390888790268 0.17911744132917187
16.4 390888970690 0.17911471797439088
16.42 390889003298 0.1791069793334243
16.44 390889248418 0.17908977016687933
16.46 390889043454 0.179115809435139
16.48 390889136562 0.1791261707156368
16.5 390889044296 0.1791190384999993
16.52 390889165280 0.1791318548721242
16.54 390889384078 0.17910870310504595
16.56 390889398166 0.1790900778421053
16.58 390889555794 0.17909015838220738
16.6 390889590192 0.17904902677893086
16.62 390889451124 0.17900367220408314
16.64 390889379624 0.1789637175335687
16.66 390889212978 0.17892269117410922
16.68 390889278532 0.17892319227420617
16.7 390889366078 0.1788857715463791
16.72 390889358738 0.17893285306773296
16.74 390889315264 0.1789512276867724
16.76 390889357138 0.17896705132105475
16.78 390889517986 0.17896097827890506
16.8 390889511234 0.17894278489530402
16.82 390889291486 0.17899647506893765
16.84 390889066076 0.17900636281549537
16.86 390888895406 0.17902028931281616
16.88 390888934616 0.1790594260511305
16.9 390889224802 0.17904956584803816
16.92 390889367520 0.17902990564829585
16.94 390889270970 0.17905046340163738
16.96 390889292398 0.1790399008878981
16.98 390889500884 0.17904263529802944
17.0 390889632886 0.17901191130817018
17.02 390889636816 0.17898306091701718
17.04 390889608066 0.17896796907502677
17.06 390889467190 0.17899868856732712
17.08 390889511464 0.17899928120053388
17.1 390889336582 0.17900960747114117
17.12 390889382528 0.17898421854773572
17.14 390889416688 0.1789790894310478
17.16 390889514886 0.17901369639860373
17.18 390889553934 0.17898812142925757
17.2 390889591080 0.17900146366483585
17.22 390889588742 0.17898333827926532
17.24 390889808180 0.17896935498761907
17.26 390889793266 0.179026607712836
17.28 390889673884 0.17906524313329616
17.3 390889662176 0.1790868372035672
17.32 390889605272 0.17906198338353782
17.34 390889645118 0.17908896999234497
17.36 390889631146 0.17908350095291745
17.38 390889534440 0.17906737573790146
17.4 390889447062 0.17912094789593558
17.42 390889553040 0.17912126662600808
17.44 390889489390 0.1791065431801886
17.46 390889479842 0.17909365985807854
17.48 390889516352 0.17906665849289866
17.5 390889428236 0.17904989410080724
17.52 390889328260 0.179014076710982
17.54 390889406482 0.17897838502436014
17.56 390889404038 0.17898537876936815
17.58 390889401930 0.17897928691072235
17.6 390889378768 0.1789780371154199
17.62 390889444220 0.17896228494892116
17.64 390889525168 0.17896981180360438
17.66 390889522516 0.17901699043196534
17.68 390889640860 0.1790393519162889
17.7 390889672286 0.17902194775366373
17.72 390889699630 0.17904724680241302
17.74 390889728438 0.17905434878331428
17.76 390889389522 0.17902692341553514
17.78 390889338186 0.17905637169218258
17.8 390889217862 0.17904392258842244
17.82 390889250904 0.17906298300280019
17.84 390889290928 0.1791153083215768
17.86 390889303452 0.1790961051720741
17.88 390889187152 0.179089398906234
17.9 390889038080 0.17905439264050854
17.92 390888947378 0.1790478550837976
17.94 390889073150 0.17900525409513865
17.96 390888985468 0.17904049093891433
17.98 390888993150 0.17905030779830045
18.0 390888909994 0.17905710784991172
18.02 390888980826 0.1790449403241806
18.04 390889046808 0.1789797531880194
18.06 390888822692 0.17900861400564239
18.08 390888746782 0.17901924051323675
18.1 390888811994 0.17902615738152222
18.12 390888808520 0.17901324133728774
18.14 390888496950 0.179017530734397
18.16 390888421548 0.17904106895449384
18.18 390888355876 0.1790383032416555
18.2 390888368794 0.17905969822904563
18.22 390888682024 0.17905799880563564
18.24 390888718252 0.17904517740683057
18.26 390888861638 0.17907404423629447
18.28 390889008160 0.1791101238936187
18.3 390888986352 0.17909410234510761
18.32 390889002624 0.17910084848437816
18.34 390889027218 0.17908790393127197
18.36 390888966246 0.1791305817996957
18.38 390888886814 0.17913515140973024
18.4 390888901850 0.17916015571053728
18.42 390888943550 0.1791432453695673
18.44 390889010034 0.17911798401078907
18.46 390888865096 0.17917144523073317
18.48 390888849728 0.17912884546091373
18.5 390888986782 0.17914989213883403
18.52 390889168732 0.1791171498932477
18.54 390889127408 0.17913336994640203
18.56 390889141914 0.17912771143674253
18.58 390889174494 0.17909726230037554
18.6 390889183020 0.17912517324195398
18.62 390889190154 0.1791466101978729
18.64 390889024506 0.17914830672792253
18.66 390888990824 0.17913041279091538
18.68 390888994964 0.17911480951238937
18.7 390888834010 0.17912329742257993
18.72 390888952114 0.17914949228507254
18.74 390889047526 0.17916872198218325
18.76 390889263408 0.17916719264161482
18.78 390889329720 0.17916537719038067
18.8 390889236758 0.17922063118871814
18.82 390889203686 0.17917990612027934
18.84 390889300004 0.1791904377768539
18.86 390889375056 0.17919884164567285
18.88 390889415794 0.17918725801007684
18.9 390889363046 0.17921653694075806
18.92 390889449388 0.17918737819007122
18.94 390889470174 0.17920207467802057
18.96 390889705220 0.17920279607168013
18.98 390889533666 0.17919642545162914
19.0 390889561128 0.1791747981562486
19.02 390889618282 0.17913005717425745
19.04 390889749044 0.1791179215045929
19.06 390889695004 0.1791582088056851
19.08 390889840964 0.17912501727213348
19.1 390890093170 0.17914190233245084
19.12 390889814224 0.1791311423633752
19.14 390889646624 0.1791503518218278
19.16 390889594482 0.17910435923637055
19.18 390889623170 0.17906855269536906
19.2 390889620854 0.1790320872831609
19.22 390889434346 0.17903025581070597
19.24 390889354346 0.17898362951036834
19.26 390889512270 0.17900610271179584
19.28 390889507114 0.17901223484185344
19.3 390889694354 0.17903892690268455
19.32 390889903558 0.17904500771429271
19.34 390889869200 0.17907756139530084
19.36 390890025292 0.17909003458860004
19.38 390890123142 0.1790903797295348
19.4 390890166024 0.1790866396566635
19.42 390890223084 0.17913142116240444
19.44 390890397394 0.179146960174154
19.46 390890263520 0.17914292180199984
19.48 390890246748 0.1791726921263159
19.5 390889989894 0.17918943479715313
19.52 390889849732 0.17913235047451917
19.54 390889704336 0.17911893445732913
19.56 390889600990 0.17906427480491466
19.58 390889605334 0.17909667672579294
19.6 390889720012 0.17912415473945711
19.62 390889762002 0.17914000721974138
19.64 390889783988 0.17914107683089958
19.66 390889647824 0.1790679586565295
19.68 390889890652 0.17906376962370527
19.7 390889774454 0.17902831097356342
19.72 390889726040 0.17905909096828718
19.74 390889578584 0.17902900158223287
19.76 390889442170 0.17899991778786672
19.78 390889483546 0.1790046822701097
19.8 390889531680 0.17900738764041554
19.82 390889512270 0.17898933825484176
19.84 390889519256 0.1789834058929745
19.86 390889481134 0.17899218391219088
19.88 390889583306 0.17902066155477656
19.9 390889580274 0.17905443111130248
19.92 390889376608 0.17906562154413563
19.94 390889645704 0.17903974760412913
19.96 390889787190 0.17903727622491877
19.98 390889712520 0.17905503593449384
20.0 390889646122 0.17902908266931053
20.02 390889602578 0.17903719340221658
20.04 390889929544 0.17905935962052819
20.06 390890088658 0.17908227217636155
20.08 390889955688 0.17904675184991237
20.1 390890179596 0.17908053361881623
20.12 390890065036 0.17904828475918133
20.14 390889866390 0.17906153142416475
20.16 390889877082 0.1790686320334926
20.18 390889777494 0.17911161559881644
20.2 390889838628 0.1791182236801655
20.22 390889905602 0.1791157497178869
20.24 390889920356 0.17913241008975508
20.26 390889799790 0.17917092803763227
20.28 390889959256 0.17920281513978545
20.3 390890151452 0.17915669329321926
20.32 390889994166 0.17914749103695962
20.34 390890297618 0.17909636651745311
20.36 390890436102 0.17912274543682935
20.38 390890305820 0.1790993304857022
20.4 390890236674 0.1791115341119512
20.42 390890321690 0.17909048095761174
20.44 390890281732 0.17909505819942656
20.46 390890215658 0.17908367533619438
20.48 390890125460 0.17906369828836458
20.5 390890065722 0.1790850480904891
20.52 390890004494 0.17909505122995503
20.54 390889803014 0.1791091387945608
20.56 390889733436 0.17908513140148066
20.58 390889963740 0.1790929641849223
20.6 390889813552 0.17906836868526013
20.62 390889888192 0.17910191183565077
20.64 390889795526 0.17914511557552076
20.66 390889932240 0.17911213188707484
20.68 390889881082 0.17912444433311658
20.7 390889818712 0.17911033677283822
20.72 390889629032 0.1790843764042303
20.74 390889462818 0.17907084379136215
20.76 390889339024 0.17903376347209857
20.78 390889256222 0.17913641492423216
20.8 390889370290 0.1791299692015168
20.82 390889032428 0.17912702491410143
20.84 390889047712 0.1791181415667026
20.86 390889110644 0.1790852221838667
20.88 390889337656 0.17905799801000158
20.9 390889307760 0.17906460034265576
20.92 390889276956 0.1790204255498389
20.94 390889539112 0.1790308472076406
20.96 390889574046 0.17900315319899424
20.98 390889505722 0.17901707726914207
21.0 390889540488 0.17896556029272462
21.02 390889474332 0.17897081226910017
21.04 390889259596 0.17897062957722693
21.06 390889087562 0.17899816144332348
21.08 390889270702 0.178993713150454
21.1 390889295948 0.17903079175090877
21.12 390889417548 0.17906433776312705
21.14 390889652912 0.17908573069206682
21.16 390889692824 0.17908876470700524
21.18 390889687168 0.17914298293540976
21.2 390889775138 0.17915123523183765
21.22 390889788832 0.1791915408492179
21.24 390889676422 0.17919573966526237
21.26 390889689312 0.1791705428773865
21.28 390889600428 0.1791716168724326
21.3 390889791308 0.17914670994462922
21.32 390889886680 0.1791398363373799
21.34 390889718522 0.17910452132869975
21.36 390889623844 0.17913103464108357
21.38 390889523000 0.17913768902045069
21.4 390889001564 0.17908365213466676
21.42 390889056212 0.1790674599006378
21.44 390888974254 0.17909548782773582
21.46 390888952016 0.1790916661487132
21.48 390888924398 0.1790470575163481
21.5 390889026716 0.17903667051851058
21.52 390889154302 0.17907515317730363
21.54 390889056612 0.17911392935737014
21.56 390888992558 0.1791076116738637
21.58 390889093748 0.17912169928693622
21.6 390889071582 0.179125633719033
21.62 390889260152 0.1791173757253166
21.64 390889033924 0.17912078241172036
21.66 390888849736 0.1791143389645127
21.68 390888871880 0.17912190127917557
21.7 390888980388 0.17911960453256887
21.72 390889028044 0.17914168266770802
21.74 390888946886 0.17911523290148385
21.76 390889114390 0.17911811146325243
21.78 390889199694 0.17915321411937227
21.8 390888981500 0.17915042851181312
21.82 390889073220 0.1791020025311778
21.84 390889120218 0.17907017316350948
21.86 390889321800 0.17909005883612836
21.88 390889285066 0.17905769434191016
21.9 390889292760 0.17905375295054557
21.92 390889419498 0.17908251923727075
21.94 390889507884 0.1790806263594896
21.96 390889239998 0.1790301984307397
21.98 390889369402 0.17898925184663186
22.0 390889418942 0.17900409842242548
22.02 390889247476 0.17899279369588414
22.04 390889258074 0.1790104683102304
22.06 390888967644 0.17907082597903665
22.08 390888821520 0.17905894516710394
22.1 390888766928 0.17908660066383167
22.12 390888968948 0.17908743434758811
22.14 390889097378 0.17912262203446927
22.16 390889075726 0.1791033550092643
22.18 390889039668 0.17906166406025215
22.2 390888810712 0.17909866007436226
22.22 390889136600 0.1790669544836914
22.24 390888955690 0.17899445926491647
22.26 390888954200 0.1790091241151546
22.28 390889093184 0.17902020180807812
22.3 390888866498 0.17902903106730655
22.32 390888951360 0.1790410253695133
22.34 390889022120 0.17901405096311473
22.36 390888925976 0.1789963531051344
22.38 390888809256 0.1789919397149966
22.4 390888708994 0.17904419245399153
22.42 390888913162 0.17907842306196312
22.44 390888983578 0.17905066185357707
22.46 390889052418 0.17903923728608928
22.48 390889083454 0.1789784838044143
22.5 390889162060 0.17894596207811606
22.52 390889178002 0.17898365149961892
22.54 390889201680 0.17901235350486927
22.56 390889211088 0.17904404416352668
22.58 390889083790 0.1790359604473683
22.6 390889215152 0.17908185415177394
22.62 390889171736 0.17910042483541827
22.64 390889024974 0.17910404400237734
22.66 390888819852 0.17913270952508034
22.68 390888755850 0.17919879495037
22.7 390888890612 0.17916719572963347
22.72 390888818508 0.17919776095767406
22.74 390888719878 0.17918490301294646
22.76 390888849144 0.17914432775194095
22.78 390888917330 0.1791573604684882
22.8 390889091134 0.17917115242612683
22.82 390889005620 0.17919722525461085
22.84 390888898306 0.17915776187307492
22.86 390888830396 0.17916397437729015
22.88 390888978352 0.17916165696303538
22.9 390888936778 0.17917162933393224
22.92 390888864222 0.17916838298651278
22.94 390888639018 0.17923941232480883
22.96 390888538602 0.17921724150103363
22.98 390888503810 0.1792206444860831
23.0 390888543770 0.17918633153473404
23.02 390888629076 0.17919253943681668
23.04 390888769750 0.17923428057237745
23.06 390888832594 0.17923210002478926
23.08 390888898716 0.17924794670221614
23.1 390889316808 0.17922965728307494
23.12 390889370778 0.1792132543527685
23.14 390889752534 0.1792327705787432
23.16 390889735070 0.17925330352515598
23.18 390889679724 0.17926309495331627
23.2 390889599484 0.17922452062462574
23.22 390889655062 0.1792109326435091
23.24 390889578764 0.1792389305981156
23.26 390889426884 0.1792275421069811
23.28 390889287370 0.17921152843698587
23.3 390889599030 0.17921476528967828
23.32 390889483060 0.17919542857794468
23.34 390889437364 0.179209821103064
23.36 390889525688 0.17921931838093116
23.38 390889739924 0.17918891481151883
23.4 390889811924 0.17922160299720913
23.42 390889988718 0.1792066045822879
23.44 390889847716 0.17919107780655433
23.46 390889813642 0.1792114896289299
23.48 390889497004 0.1791719996467398
23.5 390889539238 0.17920344951240452
23.52 390889426696 0.1792385140631315
23.54 390889540418 0.1792568060844304
23.56 390889363702 0.1792330000404445
23.58 390889200732 0.1792019155526244
23.6 390889193658 0.1791642140052283
23.62 390889162704 0.17917047690452984
23.64 390889499226 0.17918093266819382
23.66 390889883958 0.17916331983113493
23.68 390889671290 0.17917567679795424
23.7 390889667496 0.17916550483680596
23.72 390889752568 0.17920162205634813
23.74 390889836128 0.17919760742815552
23.76 390889589866 0.17920438328785807
23.78 390889724250 0.1792083329728279
23.8 390889754062 0.1791620013800248
23.82 390889676388 0.17921788293226967
23.84 390889540556 0.1792009841326085
23.86 390889730336 0.1791818810901998
23.88 390889909564 0.17918542981770064
23.9 390889999784 0.1791744793725787
23.92 390889884526 0.17914170982961894
23.94 390890018122 0.17912882511794032
23.96 390889774612 0.17909902507981368
23.98 390889591090 0.17916492854642804
24.0 390889846498 0.1792135639595937
24.02 390889806146 0.17919037508589425
24.04 390889890458 0.17915142766809491
24.06 390889797040 0.17916573024572277
24.08 390889844560 0.17917799352064873
24.1 390889787226 0.17915834714262485
24.12 390889816108 0.1791752453632392
24.14 390889534064 0.17916865345730582
24.16 390889548396 0.17913944459286768
24.18 390889434994 0.17914122174849942
24.2 390889506478 0.17917777328501805
24.22 390889574060 0.17917167824545246
24.24 390889584216 0.1791826778747811
24.26 390889625714 0.17914544806803118
24.28 390889622694 0.17914975040453812
24.3 390889768376 0.179141750299227
24.32 390889974220 0.17915948012800043
24.34 390890049732 0.17918295194358383
24.36 390890018676 0.17919106298549958
24.38 390890136792 0.17918211517631036
24.4 390890118958 0.17914587584820274
24.42 390889992652 0.17911746884924468
24.44 390889878510 0.17914167465899095
24.46 390889849722 0.1791324593752397
24.48 390889797864 0.17915241285710978
24.5 390890042614 0.1791573882274697
24.52 390890135470 0.17909155939411484
24.54 390890158022 0.1791015018446943
24.56 390890174346 0.17909808636178226
24.58 390890228798 0.17905789914731832
24.6 390890060914 0.17907694883885986
24.62 390890046660 0.17908495930693355
24.64 390889831014 0.17911652227836378
24.66 390889744466 0.17907131026829887
24.68 390890115540 0.17903002525656525
24.7 390890007796 0.17907232757355246
24.72 390890055388 0.17905670689025283
24.74 390890119508 0.17905343566820076
24.76 390889935932 0.17908756534589457
24.78 390890052926 0.1790755137655962
24.8 390889883358 0.17907305820325803
24.82 390889840292 0.17907909102509145
24.84 390889800992 0.17909706523767865
24.86 390889847030 0.17912148771938352
24.88 390889908968 0.17911943456563562
24.9 390889755024 0.17914057541922124
24.92 390889872852 0.1791126946690802
24.94 390889881220 0.17908867473689014
24.96 390889760620 0.17903969159680827
24.98 390889553830 0.17903635182041922
25.0 390889590808 0.1790450360315936
25.02 390889239996 0.17899620389352597
25.04 390889239284 0.17901912461998404
25.06 390889363436 0.17901215189781075
25.08 390889351710 0.17903036794602542
25.1 390889283446 0.17905486615818472
25.12 390889023256 0.17903354382056796
25.14 390888928232 0.17905762923724666
25.16 390888812802 0.17903126683109036
25.18 390888837984 0.17903226261306573
25.2 390888781608 0.17903837054212007
25.22 390888790928 0.17900108739537368
25.24 390888771192 0.17903004760015914
25.26 390888854598 0.17908051933518485
25.28 390889084546 0.17911905560513375
25.3 390889209152 0.17911222487133038
25.32 390889404752 0.17909621524799285
25.34 390889588268 0.17909742304234755
25.36 390889358210 0.17908885989078271
25.38 390889184500 0.1791083765828954
25.4 390889412348 0.17911711485952103
25.42 390889370314 0.17912643834576525
25.44 390889420408 0.17910252265750537
25.46 390889441130 0.17914174546578898
25.48 390889606056 0.1791187373813567
25.5 390889619546 0.17911112946474772
25.52 390889566166 0.1790986091297465
25.54 390889465230 0.17909059727594284
25.56 390889621120 0.17910279089986297
25.58 390889662424 0.17909847939983475
25.6 390889415126 0.17910765942156137
25.62 390889359150 0.17909268288047892
25.64 390889335722 0.17906238513327827
25.66 390889402786 0.17905453296611534
25.68 390889438302 0.17903048553130438
25.7 390889361526 0.17901062978746662
25.72 390889318892 0.17901510054500847
25.74 390889296994 0.17904698728296503
25.76 390889246324 0.1790395944961585
25.78 390889174680 0.17904941439901842
25.8 390889165220 0.17904168263058498
25.82 390889200018 0.17905664395463985
25.84 390889237612 0.17913851002503955
25.86 390889210412 0.17912141223741027
25.88 390889376258 0.17911225071079645
25.9 390889393852 0.17909880964939984
25.92 390889328426 0.17909603226320345
25.94 390889095132 0.17906663677447265
25.96 390888975942 0.17908628929967133
25.98 390889088386 0.17906860318240578
26.0 390889057936 0.1790878028404281
26.02 390889030808 0.1790957877925685
26.04 390888915000 0.179048120117193
26.06 390888845902 0.17908929523309194
26.08 390888888494 0.179066098233211
26.1 390888870372 0.17908655382678904
26.12 390888899986 0.1791065192693604
26.14 390889027976 0.17910748673645072
26.16 390889114246 0.1791174536691161
26.18 390888887198 0.17910926050388076
26.2 390889175876 0.17912762004825455
26.22 390889037106 0.17916864027220172
26.24 390889209148 0.17915035667247814
26.26 390889085992 0.1791172849292108
26.28 390889065420 0.17914573097640218
26.3 390889126040 0.17915288780904137
26.32 390889132202 0.1791114460128093
26.34 390888985568 0.17915422280353477
26.36 390888896818 0.1791915970226182
26.38 390888743614 0.17921858322811338
26.4 390888553292 0.17919117905609463
26.42 390888530140 0.17918162092840312
26.44 390888803318 0.1791382557270676
26.46 390888919752 0.17911709452859442
26.48 390888936710 0.17914153264326083
26.5 390888829126 0.17910831253494205
26.52 390888820480 0.17911715275449333
26.54 390888759044 0.17909361755947212
26.56 390888611468 0.17910026258545186
26.58 390888651148 0.17911059715579503
26.6 390888592434 0.17906524604768187
26.62 390888490458 0.1790367613851735
26.64 390888579628 0.17906591424900287
26.66 390888651472 0.17906411267729155
26.68 390888542266 0.17907614782083472
26.7 390888755382 0.17908579765955834
26.72 390888553548 0.17907321214196448
26.74 390888308580 0.17908193612561027
26.76 390888109482 0.17911394296360275
26.78 390888247754 0.17908064085706066
26.8 390888048314 0.1791018545048474
26.82 390888116852 0.17911829662305623
26.84 390888008254 0.17913363473150865
26.86 390887988988 0.17914237462531976
26.88 390888158808 0.17912284817037166
26.9 390888131592 0.1791484967371625
26.92 390888242552 0.17913010846788835
26.94 390888030546 0.17913232410728153
26.96 390888090304 0.17914862877265952
26.98 390888097732 0.17915881541103462
27.0 390888290912 0.17916534884702706
27.02 390888136164 0.1791605322578517
27.04 390888214072 0.1791690600993947
27.06 390888297110 0.17918950815821413
27.08 390888103714 0.17918208407620492
27.1 390888173622 0.17918172339305274
27.12 390888340970 0.1791890684762963
27.14 390888387688 0.17916598506008452
27.16 390888672732 0.1791811056973633
27.18 390888844636 0.17920887425845394
27.2 390888925312 0.1792308568271987
27.22 390888832582 0.17919592011565139
27.24 390888668362 0.17916527559588322
27.26 390888771532 0.17916385275413926
27.28 390888899116 0.1791786838419678
27.3 390889030070 0.17918965707397597
27.32 390889159754 0.17919407025793052
27.34 390889134174 0.1791726800879421
27.36 390888897364 0.17920993102891572
27.38 390889017726 0.17918836683819817
27.4 390889085896 0.17919758032104516
27.42 390889159280 0.1791685076699278
27.44 390889254500 0.17919201215642494
27.46 390889291298 0.17921186030141958
27.48 390889350628 0.17921769108878122
27.5 390889496532 0.17925594096687197
27.52 390889481422 0.179258640950587
27.54 390889287336 0.1792397032880756
27.56 390889377450 0.17922048910114824
27.58 390889414440 0.17924356290014565
27.6 390889409222 0.17923937144479796
27.62 390889487466 0.17922600676217879
27.64 390889605388 0.17921626661342765
27.66 390889704396 0.1791854065221369
27.68 390889784896 0.17916124539225092
27.7 390889849432 0.1791803446125364
27.72 390889788250 0.1792128854013174
27.74 390889762346 0.17920151347187618
27.76 390889959334 0.1791737847206445
27.78 390890006630 0.179164196970785
27.8 390890132490 0.179148838974305
27.82 390890071362 0.17913729937114806
27.84 390890115002 0.1791612250727997
27.86 390890303958 0.17915220682268168
27.88 390890296890 0.1791892437134228
27.9 390890171420 0.1791818924626852
27.92 390890113356 0.17916846225702104
27.94 390890186572 0.17914610689818644
27.96 390889916822 0.17911128482608119
27.98 390890032832 0.17912480575368864
28.0 390889833960 0.179144648654332
28.02 390889757984 0.17912832804951598
28.04 390889638714 0.17912494198060586
28.06 390889504404 0.17910603947265746
28.08 390889250362 0.17908609387181762
28.1 390889384918 0.17905718140514615
28.12 390889558268 0.17908300583846937
28.14 390889461510 0.17910657601917856
28.16 390889605048 0.1791051829473791
28.18 390889576908 0.17903982554759504
28.2 390889383236 0.17907138199520783
28.22 390889350474 0.17904856377462247
28.24 390889068480 0.1790187253669979
28.26 390888905410 0.17902797521097769
28.28 390888881208 0.17907790369343501
28.3 390889085838 0.17909828891165708
28.32 390889027604 0.17907755953012708
28.34 390888894152 0.17911878951408994
28.36 390888818334 0.17912320926359773
28.38 390888895584 0.17908621728444662
28.4 390889227272 0.1790480177776151
28.42 390889290198 0.17906539235358745
28.44 390889243240 0.1790627906712871
28.46 390889131254 0.17909260794421955
28.48 390889085588 0.17908850918306443
28.5 390889183562 0.17907935227142852
28.52 390889074420 0.17907986243428692
28.54 390889206458 0.17906612323349808
28.56 390889191302 0.179091890069155
28.58 390889303176 0.17910601407679946
28.6 390889167172 0.1791386964544409
28.62 390889099954 0.1790695977501187
28.64 390889285342 0.1790790976496791
28.66 390889199010 0.1790424377453057
28.68 390889148570 0.17903843498681188
28.7 390889232652 0.17908088261993163
28.72 390889147506 0.1790404126436217
28.74 390889306560 0.17904091196411903
28.76 390889163592 0.1790789640190308
28.78 390889274364 0.17909123283786654
28.8 390889379538 0.17912246297113202
28.82 390889414738 0.17911041876372422
28.84 390889459808 0.17911252200541988
28.86 390889218754 0.1791448133183888
28.88 390889228886 0.17912972061506072
28.9 390889000492 0.17914507303123853
28.92 390888947092 0.17912527769127087
28.94 390889137490 0.17910704291531437
28.96 390888965258 0.17910236594538093
28.98 390889057264 0.1790991565697376
29.0 390889185010 0.17911169955864228
29.02 390889168696 0.17912548690744837
29.04 390889073786 0.179122785241549
29.06 390888947406 0.17912962396867566
29.08 390889073258 0.17912273647841803
29.1 390889032116 0.17913776468006298
29.12 390888784738 0.17912200093963251
29.14 390888875242 0.1791160323354889
29.16 390888915070 0.1790994510666911
29.18 390888749158 0.17909244331381974
29.2 390888868348 0.179131716735664
29.22 390889114392 0.17917575642962066
29.24 390889299512 0.1791427590291187
29.26 390889060602 0.179153902460325
29.28 390888984342 0.17919914075723203
29.3 390888994658 0.17918863009226005
29.32 390888872008 0.17918612492284802
29.34 390888969824 0.1791579825101213
29.36 390888977646 0.1791822204858055
29.38 390889098474 0.1791516056562981
29.4 390889185110 0.1791421413321203
29.42 390889194590 0.179130860274437
29.44 390889281090 0.17910107822418
29.46 390888962032 0.17911087496438519
29.48 390889041542 0.17911976746661243
29.5 390888991676 0.17910881874874718
29.52 390889099398 0.17909355327258814
29.54 390889041488 0.1790786435619537
29.56 390888952562 0.1790726928569796
29.58 390888952254 0.17905516569984917
29.6 390889040144 0.1790886529120729
29.62 390888996480 0.17906979128092185
29.64 390888716950 0.17910386389060326
29.66 390888805604 0.17912114974601553
29.68 390888671742 0.1791396898748349
29.7 390888522596 0.17916432931418294
29.72 390888810548 0.17911586003116964
29.74 390888644584 0.1791183434150335
29.76 390888808272 0.17904188346990482
29.78 390888828468 0.17905005807717783
29.8 390888932008 0.17903971346658795
29.82 390888958016 0.17905542178631056
29.84 390889074394 0.17910954608765944
29.86 390889004118 0.17907343440070206
29.88 390888801172 0.17900121485182469
29.9 390888795048 0.17901844474261286
29.92 390888904142 0.17903266858447947
29.94 390888992722 0.17903789504199888
29.96 390888886830 0.17902274666925277
