0.0 168001927556 0.6768859160255041
0.02 164660085900 0.6762861952063924
0.04 161460080044 0.6759351957892535
0.06 158396027416 0.6755890665347329
0.08 155463660600 0.6751974058680832
0.1 152656276408 0.674705165756363
0.12 149969950548 0.6740755422348036
0.14 147398847904 0.6736465168342793
0.16 144937251848 0.6731771999140097
0.18 142583277988 0.672568038365288
0.2 140330376272 0.6721446996779501
0.22 138177129988 0.6716390115292346
0.24 136117884660 0.6712098950142125
0.26 134148952556 0.6706639357124905
0.28 132265556036 0.6701540592416906
0.3 130466246200 0.6694940725566136
0.32 128747111564 0.668904020939813
0.34 127104273080 0.6684379997201635
0.36 125534767380 0.6678898100925303
0.38 124035173168 0.6673392580173422
0.4 122603585224 0.66690240066637
0.42 121237215896 0.6664277726654255
0.44 119933328268 0.6658531648923668
0.46 118689328512 0.6652753941957248
0.48 117502137860 0.6648747352276904
0.5 116370275052 0.6644258928470252
0.52 115290553180 0.6638828911570701
0.54 114262091968 0.6634075613049564
0.56 113281807032 0.6630240995474566
0.58 112348925784 0.6624557335400069
0.6 111461097356 0.6619113745146963
0.62 110615781752 0.6615648118455637
0.64 109812161348 0.6611440168071486
0.66 109047849604 0.6605957126902727
0.68 108322121464 0.6601661400132494
0.7 107632106492 0.659667888372725
0.72 106976546712 0.6593627868364594
0.74 106354144472 0.6589205830837908
0.76 105764188284 0.6585320345695775
0.78 105204883204 0.6580280087544621
0.8 104675298812 0.6577277832809245
0.82 104173386048 0.6574290664684064
0.84 103699680756 0.6569432697715345
0.86 103251121960 0.6565947821201875
0.88 102827946512 0.6561650707838956
0.9 102428908520 0.6557724566099012
0.92 102052551792 0.6553491944637556
0.94 101698883768 0.654926578449507
0.96 101364468692 0.654606379228794
0.98 101050958472 0.6543182272328902
1.0 100756213416 0.6539538558119296
1.02 100479791124 0.6536594854764342
1.04 100221536448 0.653302690449516
1.06 99979893764 0.6529774604940479
1.08 99754843776 0.6527806228415254
1.1 99545223884 0.6522698882713331
1.12 99349911912 0.6519169115364495
1.14 99170056716 0.6515687875756481
1.16 99002396864 0.6512703036365118
1.18 98847835552 0.6510204818600254
1.2 98704710844 0.6508999494681149
1.22 98574622832 0.6505304212072219
1.24 98455273476 0.6500802473698883
1.26 98346826744 0.6497936301896861
1.28 98248527380 0.6495284112380063
1.3 98158961808 0.6493043972490234
1.32 98079590132 0.6490156706134067
1.34 98010431988 0.6487870182259979
1.36 97948757704 0.6486510507939575
1.38 97895801380 0.6483926292061689
1.4 97849843912 0.6484353210560346
1.42 97811779956 0.6482047340265694
1.44 97779288204 0.6480304658603877
1.46 97754053416 0.6477712104739618
1.48 97735511192 0.6476206970092517
1.5 97722788928 0.6472469926435285
1.52 97716707284 0.6471712487600098
1.54 97714218640 0.646912203407799
1.56 97717896232 0.6467234833394742
1.58 97726847648 0.6464625056537694
1.6 97740224856 0.6463575174805853
1.62 97758034896 0.646077497480965
1.64 97779918548 0.6459167827707544
1.66 97805708780 0.6457072363681987
1.68 97834681780 0.6454153555769055
1.7 97868312880 0.6452052097080715
1.72 97904565584 0.6449798760727765
1.74 97943971200 0.6449665449814704
1.76 97987262740 0.6448558183961732
1.78 98033442668 0.6448005152706009
1.8 98081591168 0.644748314972591
1.82 98132302736 0.644521418766643
1.84 98185114280 0.6443788770966697
1.86 98239519144 0.6442090760603862
1.88 98297152740 0.6441087787196351
1.9 98357352920 0.6440378721920739
1.92 98418534704 0.6438344923912818
1.94 98480884944 0.6436371716326843
1.96 98545042016 0.6435560053523016
1.98 98610629912 0.6435023496413397
2.0 98676979968 0.6435011611187793
2.02 98745072392 0.6433951449492279
2.04 98814120972 0.6433657327649687
2.06 98884315984 0.6433021213095715
2.08 98955103996 0.6432493561849608
2.1 99027065436 0.6431219455604177
2.12 99099657472 0.6430589597328802
2.14 99172700612 0.6429045030572408
2.16 99246294252 0.6428019818375534
2.18 99321158920 0.6424763669489233
2.2 99395689244 0.6424071657508784
2.22 99470809088 0.6422267688457217
2.24 99546580848 0.6421114891220057
2.26 99622818360 0.6421514600733822
2.28 99698796224 0.6419623176873398
2.3 99775286588 0.6418503960860391
2.32 99851872572 0.6417543532790022
2.34 99928474636 0.6417296109532185
2.36 100004661728 0.6416676435976837
2.38 100081195936 0.6415769870476553
2.4 100158015764 0.6415378271292256
2.42 100233864964 0.6414121324176629
2.44 100311016300 0.6413070084340291
2.46 100387036536 0.6412147282394722
2.48 100463290580 0.6411916484308156
2.5 100539072844 0.6411142372855045
2.52 100614498660 0.6409824775906264
2.54 100690281960 0.6409462320298545
2.56 100766147112 0.6408777385535334
2.58 100840162032 0.6408456810899537
2.6 100914853068 0.6407372635189718
2.62 100988123332 0.6407506189104001
2.64 101062768060 0.6407655242826891
2.66 101136644212 0.6406324414142349
2.68 101210231716 0.640627372073689
2.7 101282742812 0.6405441436325104
2.72 101354518752 0.6405539499298574
2.74 101425737612 0.6403964074515188
2.76 101496555648 0.640327166369655
2.78 101568034576 0.6403357889440546
2.8 101638444680 0.6403318170986941
2.82 101707884248 0.6401567467589493
2.84 101776294448 0.6400754994481556
2.86 101844662412 0.6399562102665098
2.88 101913099952 0.6399617857612216
2.9 101981462508 0.6397666359608688
2.92 102048222452 0.63956434990174
2.94 102114086152 0.6394891494560534
2.96 102179892860 0.6395073951338284
2.98 102245629044 0.6393658537214996
3.0 102310771404 0.639249263953334
3.02 102375577084 0.6393552071293853
3.04 102439804464 0.6392283466209682
3.06 102502498544 0.6390785611289592
3.08 102565696744 0.639048124095946
3.1 102626878816 0.6389415635873233
3.12 102688922428 0.6388096085337072
3.14 102749899756 0.6386725752783882
3.16 102810543900 0.6387310259023669
3.18 102869720004 0.6386149731420522
3.2 102928223012 0.6386341583784578
3.22 102986116032 0.6385521860884875
3.24 103043911348 0.6384141965059884
3.26 103100840232 0.6384524812737631
3.28 103156596080 0.6383132941133763
3.3 103212445376 0.63824473067827
3.32 103268196788 0.6380826207377381
3.34 103321924276 0.6379343345921467
3.36 103376102384 0.6379849619137394
3.38 103429392656 0.6380385140901419
3.4 103482415932 0.6380920009476055
3.42 103534828244 0.637994235442604
3.44 103586942448 0.6379220563501643
3.46 103637168568 0.6378797091237323
3.48 103687952840 0.6377725254882094
3.5 103737718516 0.6377313572931683
3.52 103788119188 0.6377189603732569
3.54 103837176092 0.637757813413694
3.56 103884821176 0.6376304860354364
3.58 103932525912 0.637702551070989
3.6 103979692288 0.6379012394092299
3.62 104026340848 0.6378824144205268
3.64 104072787992 0.6379729467459241
3.66 104118177160 0.6379117346569336
3.68 104162933364 0.6377837885439106
3.7 104207064972 0.6376811414607492
3.72 104250892708 0.637551255027443
3.74 104294195788 0.6376484270213996
3.76 104338030308 0.6376799177611854
3.78 104380663784 0.6376110050900852
3.8 104422809540 0.6377176865409514
3.82 104463534944 0.6376412825050296
3.84 104504401424 0.6375456778077663
3.86 104544835492 0.6374586399539788
3.88 104584696408 0.6373024305565177
3.9 104623617116 0.6371690677010844
3.92 104662750040 0.6370189045301069
3.94 104700592668 0.6369460230342585
3.96 104738966404 0.6370371269353763
3.98 104776218336 0.636960805117056
4.0 104812432264 0.6370177156856991
4.02 104849934804 0.6369430374828056
4.04 104886011792 0.6369297440316242
4.06 104921617452 0.6368464475321928
4.08 104956116380 0.6367219971939277
4.1 104990756352 0.6366645296664656
4.12 105025172920 0.6365467603973783
4.14 105059544216 0.6366384180991432
4.16 105092692040 0.6364629865694974
4.18 105124870652 0.6364025318022426
4.2 105157558764 0.6365172000290513
4.22 105190263280 0.6365422423223783
4.24 105222230580 0.6364504222706834
4.26 105253178164 0.6365649172441361
4.28 105284385404 0.6365186241967059
4.3 105315568908 0.6363682444801532
4.32 105345228636 0.6363369405775486
4.34 105375747460 0.636325288428404
4.36 105406023812 0.6362710233319148
4.38 105434737008 0.6362210898642854
4.4 105463413472 0.6362000754842725
4.42 105491538292 0.6361189279133865
4.44 105519824152 0.6360794429819151
4.46 105547372800 0.6362917499077475
4.48 105574471188 0.6363804459367008
4.5 105601223048 0.6363868157185127
4.52 105628165424 0.6362979292982995
4.54 105655056552 0.6361690218771175
4.56 105681157404 0.6362450119828922
4.58 105706061732 0.6361599171750624
4.6 105731327836 0.6360913902339247
4.62 105756079940 0.6361111754831803
4.64 105780420592 0.6362016297246971
4.66 105804160668 0.6361437872098
4.68 105827956068 0.6360688034947647
4.7 105851843200 0.6360500559734759
4.72 105875290332 0.6360894111786168
4.74 105899182368 0.6360430635457387
4.76 105921785632 0.636095341561927
4.78 105944717728 0.636162501356869
4.8 105966598664 0.6361647123711165
4.82 105988576580 0.6361233685658997
4.84 106010367988 0.6361933080442699
4.86 106031318516 0.6362402009676745
4.88 106053303888 0.6361599918572358
4.9 106073580956 0.6360945772438604
4.92 106094564320 0.6360709949228835
4.94 106114719008 0.6360492591253518
4.96 106135620000 0.6359462730474674
4.98 106154903864 0.6359650040076817
5.0 106174432176 0.6359152723324384
5.02 106192943836 0.6359919235679261
5.04 106211529372 0.6358708030377211
5.06 106230271424 0.6357917617613982
5.08 106248450156 0.6357785450602165
5.1 106266730796 0.6357559416109553
5.12 106285297028 0.6356567597144658
5.14 106302940000 0.6356558825719069
5.16 106320292752 0.6356795439616834
5.18 106338472456 0.635768379733204
5.2 106355605424 0.6356698597667736
5.22 106373045808 0.635660892364506
5.24 106390196252 0.6357775848066256
5.26 106406817376 0.6357389903289803
5.28 106424005892 0.6357143236749347
5.3 106439213436 0.6357680148743114
5.32 106455265792 0.6356520007152876
5.34 106471019528 0.6356939230916033
5.36 106486768672 0.6356255538399214
5.38 106502189800 0.6355357387147923
5.4 106517495300 0.6354906273596582
5.42 106531977088 0.6354724077954232
5.44 106546254260 0.6355460676028749
5.46 106559648752 0.6355915980341371
5.48 106574426664 0.6355169072822491
5.5 106588399568 0.6356481915232037
5.52 106601878392 0.6355624829390732
5.54 106616030032 0.635527152882689
5.56 106628937448 0.6356322688673397
5.58 106642876312 0.635645498210892
5.6 106655990328 0.6357343883896339
5.62 106668969328 0.6357899973415313
5.64 106681688268 0.6356430510511338
5.66 106694533912 0.6357333176090009
5.68 106706970132 0.635753956400339
5.7 106719523408 0.6356120327038344
5.72 106732329860 0.6355721259993923
5.74 106744174344 0.6355724477430315
5.76 106755519524 0.6356101491756041
5.78 106767330380 0.6356992924122465
5.8 106779064428 0.6357372355031583
5.82 106790734432 0.6355838787850048
5.84 106801670820 0.6355720044861477
5.86 106813274944 0.63552842387358
5.88 106824364436 0.6355762061258818
5.9 106835288280 0.6355360569222738
5.92 106846071044 0.6355912501725132
5.94 106856784200 0.6356683959697623
5.96 106866982952 0.635681409063386
5.98 106877430960 0.6357699685455518
6.0 106887782968 0.6358226042392425
6.02 106898446924 0.6358604352186379
6.04 106907905420 0.6357526241751814
6.06 106917110516 0.6357988921659528
6.08 106927475756 0.635791018028144
6.1 106936436528 0.6357846142464629
6.12 106947039172 0.6358121182816765
6.14 106956379720 0.6359279943011156
6.16 106965918420 0.6356911681029978
6.18 106975192476 0.6356930565171204
6.2 106984411392 0.6357848553557974
6.22 106993121872 0.6358316911132839
6.24 107001799840 0.6357378820446369
6.26 107011063864 0.6355956192211633
6.28 107019423648 0.6354389723202314
6.3 107027849140 0.635295906927262
6.32 107036388824 0.6353065160075572
6.34 107044881024 0.6352508177211698
6.36 107052910876 0.6354035650069336
6.38 107061600524 0.6352622188530359
6.4 107068954308 0.6353827162325973
6.42 107076638672 0.6353207971982399
6.44 107084571388 0.6353512154836486
6.46 107092155836 0.6352482716376009
6.48 107099577844 0.6353131365664522
6.5 107107296356 0.6352457402377196
6.52 107114779500 0.6352298968211607
6.54 107122153200 0.6352235288653584
6.56 107129197116 0.6353422734803786
6.58 107137212840 0.6353166014840976
6.6 107144830352 0.6353411353748736
6.62 107151824220 0.6351023134127658
6.64 107158226116 0.6351204062356657
6.66 107165622736 0.6351424755774979
6.68 107173574584 0.6351352423702129
6.7 107180923904 0.6351656436708728
6.72 107188114196 0.6351698871752498
6.74 107194258672 0.6350493538391007
6.76 107201030596 0.6351015259080813
6.78 107207154436 0.6350599600703888
6.8 107213044784 0.6352050250768406
6.82 107218575356 0.6353315445031056
6.84 107224686812 0.6352692358061485
6.86 107230299536 0.635358409072087
6.88 107236418416 0.6353502051278956
6.9 107242018660 0.6354632866176315
6.92 107247871172 0.6356210386391203
6.94 107253692836 0.6354074087917453
6.96 107259637368 0.6354382329683819
6.98 107265081904 0.6353042079239798
7.0 107270278196 0.6353728892910722
7.02 107275923096 0.6352485556080838
7.04 107281993028 0.6353457928520443
7.06 107287506996 0.6351987248198956
7.08 107292122632 0.6352828293176185
7.1 107297844820 0.6351957499374974
7.12 107302509756 0.635179896585621
7.14 107308185304 0.6351144946616767
7.16 107312631052 0.6350737630119405
7.18 107317537784 0.635196424959785
7.2 107322701472 0.6353046280396994
7.22 107327503396 0.6351971352065892
7.24 107332396464 0.635208750670413
7.26 107336898464 0.635148883177372
7.28 107341195108 0.6351007982155878
7.3 107345824624 0.635086406430112
7.32 107349864692 0.6350915102344001
7.34 107354117856 0.63513449432874
7.36 107358690884 0.6349467857780362
7.38 107363743804 0.635027314037666
7.4 107368298408 0.6350456216852262
7.42 107371830640 0.6350004678672113
7.44 107377241644 0.6349139709222598
7.46 107380995860 0.634841932714386
7.48 107384748592 0.634839400700917
7.5 107388361424 0.634993883947865
7.52 107391827312 0.6350846169280492
7.54 107395161184 0.6349160749908909
7.56 107399256616 0.6349484997567635
7.58 107403263868 0.6349000652062413
7.6 107406509108 0.6348737746217306
7.62 107410747572 0.6346370155637833
7.64 107414446708 0.6346399597848625
7.66 107417755692 0.6347035426144947
7.68 107421267608 0.6348627546112499
7.7 107424566204 0.634899840038718
7.72 107428217396 0.6349298988040698
7.74 107431952448 0.6349712623273108
7.76 107435360020 0.6348379519379276
7.78 107438794664 0.6348038466582776
7.8 107442150148 0.6347710861832103
7.82 107444813792 0.6348690336993208
7.84 107448683736 0.6348182559230908
7.86 107452038384 0.6348217336648845
7.88 107455732240 0.6348644577558232
7.9 107459687216 0.6348804233884259
7.92 107463647440 0.6347377529225959
7.94 107466099068 0.6346655691082084
7.96 107469039056 0.6346928565919865
7.98 107472259252 0.6347033293388684
8.0 107475804148 0.6347286391859602
8.02 107478802708 0.6347130445784541
8.04 107481191280 0.6347733163173923
8.06 107483298552 0.6348533354921118
8.08 107485474508 0.6347987143256053
8.1 107488348688 0.6347330184601327
8.12 107490643520 0.6347396187777584
8.14 107493376688 0.6347030146290289
8.16 107495972216 0.6348267593537869
8.18 107498666444 0.6347000868223878
8.2 107500910152 0.6347376917807972
8.22 107503252648 0.6349064227541816
8.24 107506388880 0.6349511345008341
8.26 107508772188 0.6349146663778711
8.28 107511258568 0.6346830150296235
8.3 107514294380 0.6346993758026662
8.32 107516971024 0.6346896919743215
8.34 107519781728 0.6346994418431091
8.36 107522571384 0.6347271376559048
8.38 107525664824 0.6347961247618846
8.4 107527933512 0.6347302411871054
8.42 107530368776 0.6346971449830026
8.44 107532504984 0.6345921106222278
8.46 107535225452 0.6345759181110261
8.48 107537303892 0.6345407538912758
8.5 107539039260 0.6345484469481474
8.52 107541031376 0.6345020094721985
8.54 107543225140 0.6345300287152725
8.56 107545183060 0.6344307634631939
8.58 107548123784 0.6346186871942334
8.6 107550822996 0.6346275471681393
8.62 107553081256 0.6346079911428367
8.64 107554856868 0.6346286195545474
8.66 107556264688 0.6347654039890437
8.68 107557801112 0.6348662412648178
8.7 107560642572 0.6348109076311017
8.72 107563171780 0.6346330855882761
8.74 107565377920 0.6346291606061008
8.76 107567487468 0.6347979593255596
8.78 107569713760 0.6348921110403591
8.8 107571160564 0.6348528338622714
8.82 107573238476 0.6348544074026379
8.84 107574921744 0.6348432394915423
8.86 107577144368 0.6347727620543266
8.88 107579082020 0.6347254685796507
8.9 107581232732 0.6345992867247938
8.92 107583319800 0.6346347882419909
8.94 107585206836 0.6346079451233874
8.96 107587468728 0.634646924349881
8.98 107589802768 0.6345334718013752
9.0 107592241772 0.6346592164613838
9.02 107593477916 0.6347419125496163
9.04 107595628412 0.6346914007160475
9.06 107597151576 0.634677659564417
9.08 107598636848 0.6345488668663403
9.1 107600198316 0.6344712139367179
9.12 107601980692 0.6345617342018295
9.14 107602924044 0.6345278471470502
9.16 107604306644 0.6344508994952988
9.18 107606958300 0.6345751703657754
9.2 107607878120 0.6344880262461836
9.22 107608176096 0.6344328853945955
9.24 107608975184 0.6345293303116174
9.26 107611526304 0.6346350820810246
9.28 107613492552 0.6347295739504697
9.3 107614297752 0.6346754075676924
9.32 107615498336 0.6345950848518294
9.34 107615970080 0.6346354813106789
9.36 107617775492 0.6346246767802081
9.38 107618687888 0.6347446657371977
9.4 107619673736 0.6347034468459912
9.42 107620859180 0.6347701927501218
9.44 107621566636 0.6348267242941641
9.46 107622165848 0.6346286794007556
9.48 107623252656 0.6346633734443998
9.5 107624526180 0.6346711223426795
9.52 107625613580 0.6346489888081525
9.54 107627425652 0.6345871569774579
9.56 107629074756 0.6344622705635192
9.58 107631104224 0.6345772882718914
9.6 107631148764 0.6345693099589473
9.62 107631880548 0.6345006363260084
9.64 107633646512 0.6343222120553194
9.66 107635115712 0.6343902973849693
9.68 107636281520 0.634376994187975
9.7 107637628656 0.6344582056456861
9.72 107639417672 0.6344433711761521
9.74 107641042296 0.6342639687929156
9.76 107641816320 0.6344092949819657
9.78 107642342452 0.6344114194374719
9.8 107643067316 0.6344641056929525
9.82 107644619292 0.6345547754656642
9.84 107645543812 0.634531210789814
9.86 107647187844 0.6345756183980569
9.88 107648513188 0.6345737011849748
9.9 107650249540 0.6345245442964225
9.92 107650891280 0.6344966466748867
9.94 107651863380 0.6345631891603083
9.96 107652879612 0.6345294817342139
9.98 107653162616 0.6345089495620482
10.0 107654680476 0.6345993779854031
10.02 107655921612 0.6345300772583349
10.04 107657875764 0.6344298536870218
10.06 107658902104 0.6345440534353675
10.08 107659678604 0.6344530333568064
10.1 107660250852 0.634529774599423
10.12 107660823020 0.6345706056104666
10.14 107662003896 0.6346028521051794
10.16 107662770620 0.63467455023748
10.18 107662978524 0.6347029990346063
10.2 107664110880 0.6346551923331213
10.22 107665342372 0.6347227973573715
10.24 107666702688 0.6346334596272819
10.26 107667487604 0.634586004793887
10.28 107668042576 0.634566285860068
10.3 107668647708 0.634640317730508
10.32 107669927736 0.6345015778542595
10.34 107670248764 0.6345764781040051
10.36 107670461896 0.6346254076848961
10.38 107671515840 0.6346130003797851
10.4 107671726128 0.6347101241069735
10.42 107672685628 0.6347352039940194
10.44 107673804172 0.6348035121513692
10.46 107673830936 0.6347525704802849
10.48 107673482004 0.6346993419235677
10.5 107673980876 0.6346002134427742
10.52 107674731052 0.6347148569275227
10.54 107675526468 0.634536995675354
10.56 107676313916 0.6346166419081942
10.58 107676920092 0.6346569450387702
10.6 107677761220 0.6346530810174356
10.62 107678554596 0.6346149757707147
10.64 107678735304 0.6346065438739672
10.66 107678840948 0.6346276381076006
10.68 107679170412 0.6346499505931296
10.7 107679464204 0.6345742178777637
10.72 107680008088 0.6344916970974847
10.74 107680506736 0.6344627215458221
10.76 107680625584 0.6345167772289318
10.78 107681133728 0.6346061983634763
10.8 107682374732 0.6344625521151634
10.82 107683338336 0.6344243464206929
10.84 107684125060 0.6344938741736628
10.86 107683959476 0.6345590753690142
10.88 107684468916 0.634512564656482
10.9 107684401080 0.634660337803973
10.92 107685634060 0.634610191927965
10.94 107687071036 0.6346993644854144
10.96 107687708864 0.6347741605479581
10.98 107688293724 0.634778693271923
11.0 107689402896 0.6347282370700374
11.02 107689523992 0.6346171697742212
11.04 107690081840 0.6346093347221864
11.06 107690173312 0.6346257356204461
11.08 107690879040 0.6346357736958766
11.1 107691504144 0.6345685742953042
11.12 107692075188 0.6345901848150445
11.14 107692877336 0.6344594521972062
11.16 107693766756 0.6344109440430801
11.18 107694121848 0.6343271901131253
11.2 107693738132 0.6342871783651238
11.22 107694208044 0.6343648188901414
11.24 107694084760 0.6343666993035609
11.26 107695400968 0.634365525563919
11.28 107695837036 0.6344866429359604
11.3 107696045720 0.6345699163862442
11.32 107696096992 0.6346651722966296
11.34 107696671428 0.6346863348553811
11.36 107698005172 0.6348164249348717
11.38 107698055660 0.6347732878985238
11.4 107698513344 0.6346775326146784
11.42 107698562324 0.6346286882527332
11.44 107699380692 0.6345582369651229
11.46 107699846468 0.6346136527985238
11.48 107700317772 0.6346123459548507
11.5 107700838928 0.6345727366402271
11.52 107701151960 0.6345596864433216
11.54 107701427280 0.6347374471206373
11.56 107702218028 0.6349795626186228
11.58 107702308348 0.6351303060112493
11.6 107702778028 0.6350908081306298
11.62 107703337836 0.6350883487483541
11.64 107703416456 0.6350023435332397
11.66 107703045816 0.6351331863118517
11.68 107703858236 0.6351777404222341
11.7 107703577144 0.6351844920168428
11.72 107703324456 0.6350832517507153
11.74 107702984304 0.6350393596478628
11.76 107703085632 0.6350992574858834
11.78 107702594728 0.6349934284165891
11.8 107703257080 0.6349068330138181
11.82 107703393268 0.6348126250240563
11.84 107704355588 0.6348618189686754
11.86 107704390484 0.6349144310117342
11.88 107705075220 0.634839314434561
11.9 107704671628 0.6347816268917184
11.92 107705336864 0.6349079468923413
11.94 107705585856 0.634815369715886
11.96 107706244756 0.6349016918512091
11.98 107707181112 0.634848784824645
12.0 107708234428 0.6347818953561492
12.02 107708200340 0.6347263702678533
12.04 107708490496 0.6345550796172827
12.06 107709211020 0.6345642055174623
12.08 107711001828 0.6346577495277036
12.1 107710812448 0.6346637056910385
12.12 107710897628 0.6344847714750621
12.14 107711148784 0.6343539372645208
12.16 107710414192 0.6343798249751048
12.18 107710522916 0.6342408125682752
12.2 107711016192 0.6342840069118124
12.22 107710941412 0.6342266191287188
12.24 107711432328 0.6341592023297757
12.26 107711530544 0.6340965223743605
12.28 107711861288 0.6342860907158585
12.3 107712507956 0.6341744884110088
12.32 107713023956 0.6341383634438588
12.34 107714019208 0.634267484330556
12.36 107714951900 0.6342438448228949
12.38 107714632028 0.6343573522039867
12.4 107714332216 0.6345244941016929
12.42 107714709944 0.6345993241147623
12.44 107714672500 0.6347638776163921
12.46 107715154244 0.6348044594967602
12.48 107716028704 0.634855752719626
12.5 107716245232 0.6346741437858394
12.52 107715722412 0.6347381608208402
12.54 107716974104 0.6348719427310278
12.56 107717002384 0.6348385273441036
12.58 107717562648 0.6349191080934039
12.6 107717281128 0.6349145494072628
12.62 107716731888 0.6348518512527765
12.64 107717026200 0.6351478912038463
12.66 107716913384 0.6351580632958894
12.68 107716890036 0.6352031501125075
12.7 107717344440 0.6350854479388478
12.72 107717375688 0.6351233109379832
12.74 107717758072 0.635204123209901
12.76 107716775760 0.6352784246903216
12.78 107715803976 0.6352813356958594
12.8 107715458676 0.6352507792937229
12.82 107715288984 0.6351326918369269
12.84 107715366400 0.635377216757999
12.86 107716316496 0.6354214985118439
12.88 107716244620 0.6355724236904311
12.9 107717288788 0.635568055580156
12.92 107718011792 0.635547334557342
12.94 107718390236 0.6354644519677803
12.96 107719466136 0.63551465324404
12.98 107719258280 0.6355195153740893
13.0 107719502116 0.6354912879521699
13.02 107719638120 0.6355039923673165
13.04 107720272992 0.6354227642345847
13.06 107719611516 0.6353174781451755
13.08 107719519748 0.6352353120889919
13.1 107719666928 0.635186529004069
13.12 107719579588 0.6352333467847684
13.14 107719598088 0.6352057119884938
13.16 107719202148 0.63510262804301
13.18 107719169596 0.6350311539394906
13.2 107719380504 0.6348894008749468
13.22 107720517804 0.6347622247781787
13.24 107721263620 0.6347334041016927
13.26 107721386632 0.6345983595451048
13.28 107721955436 0.6344471719490086
13.3 107721813244 0.6345453392826151
13.32 107721645904 0.6346174183011342
13.34 107722183028 0.6344817704176778
13.36 107722800052 0.6344050758052685
13.38 107722911976 0.6345695990352317
13.4 107722684352 0.6345412821207215
13.42 107722558204 0.634487325266673
13.44 107722440372 0.6345000629715958
13.46 107723698756 0.6346795541607452
13.48 107723884488 0.6345765764708156
13.5 107724004364 0.6346363827042459
13.52 107723761040 0.6347382191329075
13.54 107724558072 0.6348326153852557
13.56 107725094856 0.6346163035240586
13.58 107725214208 0.6345371469584595
13.6 107725552548 0.6346128942657925
13.62 107725563816 0.6344619524140046
13.64 107725855104 0.6344481369374568
13.66 107726270168 0.6344983028526707
13.68 107725975328 0.6345754022177483
13.7 107726386720 0.6344951996088015
13.72 107726162392 0.6344233467380977
13.74 107726337028 0.6345444246096015
13.76 107727398096 0.6346198084612075
13.78 107727613652 0.6347107394067627
13.8 107727712180 0.6346644328068064
13.82 107728314364 0.6348131908856773
13.84 107727409188 0.635024420153826
13.86 107727809164 0.6350060878308175
13.88 107728080572 0.634966940373978
13.9 107728000264 0.6348698396653105
13.92 107727783764 0.6349696316913631
13.94 107728297208 0.635040391610233
13.96 107728284456 0.6351328030293124
13.98 107728148500 0.6352133962424802
14.0 107727713812 0.6351292170209243
14.02 107727936056 0.6351727303877935
14.04 107728291336 0.6352604786398431
14.06 107728324112 0.6352620291771021
14.08 107729289220 0.6352065338819568
14.1 107729226580 0.6353040746904096
14.12 107729167544 0.6352547440295867
14.14 107728758324 0.6351245885749837
14.16 107728373548 0.6350525757900775
14.18 107728484912 0.6350996694874929
14.2 107728390752 0.6351118366325831
14.22 107729373308 0.6351954721936164
14.24 107728956020 0.6351040158211123
14.26 107728310744 0.6351004179964386
14.28 107728867060 0.6350449706152648
14.3 107729473216 0.6351864607935226
14.32 107729861004 0.6350538406705194
14.34 107729977932 0.6349437311331306
14.36 107729820044 0.6348866329507799
14.38 107730213760 0.6348407001396429
14.4 107729855280 0.6349759103196984
14.42 107729847148 0.6350657439909538
14.44 107729935204 0.6351116152561362
14.46 107729945952 0.6352760776206672
14.48 107730154156 0.6352986152551383
14.5 107730598624 0.635335600576679
14.52 107730684580 0.6352174902969078
14.54 107730428548 0.6351912292020895
14.56 107730248892 0.6352234155843294
14.58 107731545312 0.6353683443252753
14.6 107731378400 0.6352927520293521
14.62 107731345384 0.6350819026735317
14.64 107730936260 0.6350977085032856
14.66 107731334156 0.6352394233822117
14.68 107731551568 0.635196432843906
14.7 107731484300 0.6350185909469677
14.72 107731673240 0.6351173806788966
14.74 107731820300 0.6350766115357181
14.76 107731956508 0.6350215407460629
14.78 107731474548 0.635096733419184
14.8 107731694940 0.6352179719065324
14.82 107731625908 0.6351499699963078
14.84 107731292728 0.63503420118988
14.86 107731330728 0.6350124391366678
14.88 107730973360 0.6350968278622354
14.9 107730658364 0.6350886338495128
14.92 107731602332 0.6350687957751159
14.94 107732345384 0.6351616051961116
14.96 107732289084 0.6350796687404995
14.98 107732095368 0.6350048168793243
15.0 107732287204 0.6350161348137844
15.02 107732812704 0.6349402273700357
15.04 107732285248 0.6348762618758894
15.06 107732499632 0.6348567397438204
15.08 107732511584 0.6348729659799816
15.1 107732474856 0.634986256904398
15.12 107732263752 0.63494143720721
15.14 107732748516 0.6348075865648771
15.16 107732482660 0.6346960003846893
15.18 107733459896 0.6347852392858715
15.2 107733744472 0.6347088726291107
15.22 107733858624 0.6346965247068486
15.24 107733420216 0.6346827977633834
15.26 107733625608 0.6347653384678753
15.28 107733613944 0.6347608173820188
15.3 107733876664 0.6348666546830548
15.32 107733700832 0.6347206907477408
15.34 107733302660 0.6347450428973318
15.36 107733436916 0.6348523640710388
15.38 107733144100 0.6348653845491348
15.4 107732384440 0.634933446599856
15.42 107732611668 0.6349252645427895
15.44 107731738508 0.634926329641545
15.46 107731462568 0.6349513621992504
15.48 107731569820 0.6350522127417165
15.5 107731328692 0.6352522627737162
15.52 107731536308 0.6350726076246894
15.54 107731659280 0.6351824580691604
15.56 107731816000 0.6350714573505759
15.58 107732870456 0.6350602806086193
15.6 107732721780 0.6349546970824987
15.62 107733281584 0.6351213880276617
15.64 107733098832 0.6351730934331064
15.66 107733192284 0.6351022996595447
15.68 107733464252 0.6349984896841141
15.7 107733271252 0.6349308900901653
15.72 107732694308 0.6347729156663557
15.74 107732431808 0.6348169552159251
15.76 107732239528 0.6348638746461666
15.78 107732468272 0.634902420638655
15.8 107732513220 0.6348557614220721
15.82 107733091220 0.6348446305711852
15.84 107732781100 0.6347396422138298
15.86 107733449092 0.6347203888134785
15.88 107733939644 0.6347462286950567
15.9 107733880568 0.6347283099723348
15.92 107733505956 0.6348467925670278
15.94 107733877652 0.6349303349509914
15.96 107734034684 0.6350137732636614
15.98 107733654396 0.6349983146287741
16.0 107734164792 0.6349667120706839
16.02 107733740224 0.6350807397678271
16.04 107732739064 0.6352470340886576
16.06 107731705948 0.635270037323711
16.08 107732093008 0.6352194930540302
16.1 107732317464 0.6353433057872794
16.12 107732129152 0.6353987976191808
16.14 107732391164 0.6354313413215059
16.16 107732550816 0.6354626215283328
16.18 107731910148 0.6354993014854557
16.2 107731192796 0.6354292396140352
16.22 107732404900 0.6352312405622005
16.24 107732641560 0.6351602451549476
16.26 107732790384 0.6352431737943383
16.28 107733107488 0.6353066938430301
16.3 107733475148 0.6352779881214232
16.32 107733628156 0.6352870311118125
16.34 107733954440 0.6352740822478486
16.36 107734750196 0.6352491803886299
16.38 107734121712 0.6352134782910468
16.4 107734780008 0.6351161955353162
16.42 107735271132 0.6349759216679594
16.44 107734481344 0.6349985607345676
16.46 107735000784 0.6350633236031705
16.48 107734859488 0.6349225000644169
16.5 107734847928 0.6349895399309645
16.52 107735489688 0.6348499756067442
16.54 107736085296 0.6347417458322392
16.56 107736429544 0.6346727402263834
16.58 107736000492 0.6346608714008524
16.6 107735978524 0.6346880766269445
16.62 107736574704 0.6346204830263407
16.64 107737047260 0.6346304573844482
16.66 107736893012 0.6345841416125446
16.68 107736789344 0.634630354587338
16.7 107737162448 0.6347577909965425
16.72 107737032920 0.6348368657271124
16.74 107737347388 0.634823140974522
16.76 107737312432 0.6348257710819608
16.78 107737155024 0.6347494523248413
16.8 107737222532 0.634684153249091
16.82 107737307492 0.6347115731245889
16.84 107737114324 0.6347467451092603
16.86 107737746804 0.6346929186475433
16.88 107738247928 0.634623425833212
16.9 107738458892 0.6348040628222751
16.92 107738766240 0.6345706395703534
16.94 107739124048 0.6344915246844578
16.96 107739151452 0.6344985157982346
16.98 107738266548 0.6346460023595015
17.0 107737926764 0.6347398334485952
17.02 107738418396 0.6347367682992431
17.04 107738080416 0.6346703344520486
17.06 107737674292 0.6346133030905774
17.08 107738080680 0.6346121505546591
17.1 107737920988 0.6345389197461436
17.12 107738786128 0.6345046753722733
17.14 107739181956 0.6345065839571336
17.16 107738458820 0.6344471761324235
17.18 107737940468 0.6344054617352989
17.2 107738138568 0.6344376984491433
17.22 107737634608 0.6345735018137285
17.24 107737664812 0.6345758177659298
17.26 107736856720 0.6345558335843084
17.28 107736892580 0.634599803534556
17.3 107736634124 0.6344963801836041
17.32 107736474260 0.6344215583457187
17.34 107736268276 0.6345386986974987
17.36 107736253756 0.6345745477909669
17.38 107736539700 0.6345559682933477
17.4 107736494348 0.6346141848087284
17.42 107736633788 0.6346521819586778
17.44 107735943560 0.6346709515725157
17.46 107736402392 0.6345333553348877
17.48 107736573604 0.6345868955484604
17.5 107736572508 0.6347184553534259
17.52 107736126452 0.6347696284862498
17.54 107736728076 0.6348907536724727
17.56 107737166784 0.6348145889035262
17.58 107736504352 0.63476779959075
17.6 107736611444 0.634766947938143
17.62 107735999412 0.6345711506813847
17.64 107736519964 0.6346022535818382
17.66 107735838152 0.6345758069775791
17.68 107736171836 0.6344706618615349
17.7 107736085776 0.6346435910411519
17.72 107735837392 0.6346863756891203
17.74 107735049812 0.6345466220932359
17.76 107734595164 0.6345948772179058
17.78 107734805016 0.6346007467169481
17.8 107734727428 0.6345831514120854
17.82 107734862280 0.6346066031132304
17.84 107735316288 0.6345739527588157
17.86 107735524552 0.6345519005942293
17.88 107735587844 0.6345348831354904
17.9 107735269364 0.6344703543629249
17.92 107734607140 0.6345019134303741
17.94 107734399480 0.634529651226212
17.96 107734215472 0.6346237570805807
17.98 107734829688 0.6346839948835925
18.0 107734350228 0.634867634055039
18.02 107735216772 0.634821716584952
18.04 107735466260 0.6349113290403843
18.06 107736045876 0.6347812974632724
18.08 107737015680 0.6345832161016758
18.1 107736861668 0.6345514917989967
18.12 107736552892 0.6346217245981858
18.14 107737694140 0.6347574737490987
18.16 107737901800 0.6346213874531339
18.18 107738493080 0.6346689042211046
18.2 107738627680 0.6346872740628691
18.22 107738819356 0.6347606799498441
18.24 107738737056 0.6348116557143639
18.26 107739125184 0.6347720404671608
18.28 107738846588 0.6349015204248422
18.3 107738690800 0.6348715070200042
18.32 107738961324 0.6348107995190517
18.34 107738613672 0.6349213564604964
18.36 107738610032 0.6348313782222161
18.38 107737786092 0.634840858007587
18.4 107736867668 0.634909017603973
18.42 107736644860 0.6347156331499361
18.44 107736864416 0.6347133427986625
18.46 107737118244 0.6347941746052668
18.48 107736920952 0.6347329739277758
18.5 107735899020 0.6346633159041472
18.52 107736158572 0.6348244316433213
18.54 107736471860 0.6349045428248442
18.56 107736244216 0.6348838287353528
18.58 107736637748 0.6347864513715493
18.6 107736957636 0.6348417601580396
18.62 107736332256 0.6349129678267972
18.64 107736057644 0.6350195007111435
18.66 107735804600 0.634990191042091
18.68 107735708340 0.6350725209395311
18.7 107735565500 0.6351655836799835
18.72 107736322580 0.6350421909236761
18.74 107737326432 0.6350496669561139
18.76 107737978428 0.6351815253842811
18.78 107738210668 0.635111925664549
18.8 107737322096 0.6351405005779879
18.82 107736901020 0.6351173930458406
18.84 107737059124 0.6351984741605203
18.86 107737363400 0.6351777277797105
18.88 107736606596 0.6352529748357029
18.9 107736653912 0.6352114390830078
18.92 107737490752 0.6352415518035441
18.94 107737275788 0.6351315083633154
18.96 107737173868 0.6351620789386137
18.98 107736608412 0.6350818816202259
19.0 107735985568 0.6350602689884379
19.02 107735558528 0.6349737997527033
19.04 107736488080 0.6348852785744279
19.06 107736856140 0.6348611941227269
19.08 107737506952 0.6348370582969961
19.1 107738161768 0.634775344233701
19.12 107737468320 0.6347923573102994
19.14 107737670572 0.634939669747073
19.16 107737690192 0.6348630483693795
19.18 107737146732 0.6349253807606359
19.2 107737274224 0.6347934126038111
19.22 107737864840 0.6350370597425014
19.24 107737445656 0.6350590050567215
19.26 107736809288 0.6350753169060656
19.28 107737753700 0.6350206756115165
19.3 107737534636 0.6349433980609787
19.32 107737444972 0.6349677356765018
19.34 107737206868 0.6349944357719932
19.36 107737253736 0.6348598761551014
19.38 107737127408 0.6349464688659552
19.4 107737009072 0.6348925277958932
19.42 107736203296 0.6348609046693661
19.44 107736418056 0.6348363904497948
19.46 107737509648 0.6348366947018418
19.48 107737648108 0.6347994690865931
19.5 107737082588 0.6345927130117763
19.52 107737115936 0.6345661498476846
19.54 107736643660 0.6344996915442731
19.56 107736470196 0.6344878138025772
19.58 107736378616 0.6346056098470587
19.6 107736095376 0.6345644150946235
19.62 107736438696 0.6344522356374241
19.64 107736338152 0.634610845822914
19.66 107735742932 0.6346885065528369
19.68 107735343252 0.6346829731618419
19.7 107734942192 0.63466887868545
19.72 107734970944 0.6346401602475986
19.74 107734358248 0.6346102941780866
19.76 107734676992 0.6345536775889651
19.78 107735306756 0.6344748536898994
19.8 107734970720 0.6344622633857815
19.82 107734478624 0.6342840228975287
19.84 107734241176 0.634421690808555
19.86 107733057604 0.6344087395783472
19.88 107734101588 0.6345203543395497
19.9 107733416132 0.6344578732891046
19.92 107734289820 0.634428048487361
19.94 107733710980 0.634357746575895
19.96 107733838700 0.6344750712105265
19.98 107733903284 0.6342362931272685
20.0 107733822752 0.6342036995298811
20.02 107733598400 0.6343579545289232
20.04 107734107624 0.6343660593905214
20.06 107734524200 0.6344157446396022
20.08 107734289932 0.6344173753607114
20.1 107734002256 0.6343381200917882
20.12 107733876000 0.6342006470995132
20.14 107733439536 0.6341156272009594
20.16 107732638392 0.6340899170242319
20.18 107732881192 0.6341484785184892
20.2 107733164376 0.6342455652378063
20.22 107733607468 0.6343040053216528
20.24 107733616200 0.6342953420362489
20.26 107733358320 0.6342819805587605
20.28 107732768128 0.6343839872091709
20.3 107732819844 0.634436923315666
20.32 107732408492 0.6344304826992667
20.34 107731718364 0.6346492176784326
20.36 107732227392 0.6347428729252627
20.38 107732212044 0.6347951606381257
20.4 107732583600 0.6349077124238904
20.42 107732665600 0.6348363639202553
20.44 107733551608 0.6348589973665636
20.46 107733707000 0.634907399668807
20.48 107733827880 0.6350404899825219
20.5 107734300636 0.6350678771155187
20.52 107734224880 0.6351610357623725
20.54 107733436668 0.63524514653327
20.56 107733621616 0.6352282313765597
20.58 107733672468 0.6351735677840591
20.6 107733187772 0.6352115493077022
20.62 107733006504 0.6351861432224678
20.64 107732596000 0.6352872799690497
20.66 107733181316 0.6353208311673311
20.68 107732610848 0.6350870687725824
20.7 107732022764 0.6351193768309693
20.72 107731641808 0.6350606275703911
20.74 107731924856 0.635147713410116
20.76 107732024264 0.6350340832506568
20.78 107732361168 0.6351304189451072
20.8 107732822064 0.6351403106689679
20.82 107732524112 0.6351578229828299
20.84 107733440412 0.6352600362169727
20.86 107733603720 0.6351079284092914
20.88 107733417224 0.6351330729707352
20.9 107733282052 0.6350674638831961
20.92 107733233412 0.6348819769002046
20.94 107732820852 0.6348359885537063
20.96 107732679448 0.6348765152554388
20.98 107733274804 0.6350295171551139
21.0 107733674428 0.6350714921573892
21.02 107733070492 0.6350429854883041
21.04 107732606940 0.6350398519086303
21.06 107732326204 0.6351347912999363
21.08 107732594964 0.6351712981558308
21.1 107733213308 0.6353328724304375
21.12 107732965096 0.6352802668248567
21.14 107733382968 0.6352010223483787
21.16 107733173220 0.6351587795914
21.18 107733479152 0.6351053806492364
21.2 107733791888 0.6350913716637652
21.22 107733988980 0.6352851888079675
21.24 107733507188 0.6352139162238896
21.26 107733099016 0.6352162464324997
21.28 107732714580 0.6351441832528492
21.3 107732734304 0.6350478579691126
21.32 107732889496 0.6348730940477896
21.34 107732287552 0.6348382520795727
21.36 107731544812 0.6347820682376842
21.38 107732369648 0.6348169479150965
21.4 107732484212 0.6346458834141492
21.42 107732057280 0.6346341676533729
21.44 107731410572 0.63451870018926
21.46 107732263504 0.6344643739537477
21.48 107733137824 0.6343079216990843
21.5 107732919172 0.6343858377796479
21.52 107732887324 0.6343619281399802
21.54 107732548728 0.6343824034015682
21.56 107733349144 0.6343783320015398
21.58 107733031992 0.6344910261141994
21.6 107733862644 0.6345002179450121
21.62 107733307960 0.6346298374042202
21.64 107733737572 0.6346542907084618
21.66 107733212412 0.6345375215329045
21.68 107732998836 0.6346048545325194
21.7 107733866628 0.6347847023004577
21.72 107733689984 0.6346921989817529
21.74 107733607492 0.6346066801759204
21.76 107733439956 0.6346624288624967
21.78 107733666452 0.634700199333729
21.8 107734095524 0.6346561625600122
21.82 107734403652 0.63476357508754
21.84 107735043208 0.6348229537101516
21.86 107735431508 0.6348250037738716
21.88 107735964156 0.6349021721887594
21.9 107736158824 0.6348980829093323
21.92 107736742592 0.6348700805272343
21.94 107736615476 0.6348995375958252
21.96 107737476532 0.6348270552157389
21.98 107737885264 0.6349480768526852
22.0 107737580360 0.634934815943736
22.02 107736704636 0.6348394902765754
22.04 107736004440 0.6348690130926972
22.06 107735472948 0.6347994167669377
22.08 107735252112 0.6347054836703965
22.1 107736330964 0.6347635399805057
22.12 107735921272 0.6346839953876975
22.14 107735288760 0.6346881176700945
22.16 107735820372 0.6346722036844052
22.18 107735537452 0.6347346455887619
22.2 107735315796 0.6348604731675502
22.22 107735106044 0.6348251044162466
22.24 107735013724 0.6347560790815088
22.26 107735222024 0.6346872502586033
22.28 107734910688 0.6346367896974675
22.3 107735416868 0.6346128230127152
22.32 107735541600 0.6346066608265857
22.34 107735518876 0.6348250323376492
22.36 107735807968 0.6348004676393627
22.38 107735830600 0.6349561234516696
22.4 107735233444 0.6349239517766947
22.42 107735891108 0.6348372920065487
22.44 107736370976 0.634895208820696
22.46 107735716136 0.6347854733437569
22.48 107735273408 0.6348280311301431
22.5 107735736972 0.6347398073642081
22.52 107735228436 0.6349503853323888
22.54 107735383524 0.6349939664545334
22.56 107735074036 0.6350105402525422
22.58 107734675968 0.6350520869414832
22.6 107734609336 0.6350705132137765
22.62 107734310740 0.6349857502125209
22.64 107734686900 0.6350190309061163
22.66 107735123488 0.6349347267081364
22.68 107735316132 0.6348632105021955
22.7 107735546148 0.6348183852671131
22.72 107735594540 0.6347604271425418
22.74 107736127536 0.634689501221677
22.76 107736297556 0.6348399615067404
22.78 107735508368 0.6347779210483154
22.8 107735290388 0.6346465629567963
22.82 107735559536 0.634787874819921
22.84 107735232988 0.6348847200756527
22.86 107735476580 0.6349232721038891
22.88 107736381852 0.6349830508307703
22.9 107735482820 0.635061247212839
22.92 107736600472 0.6351828418948808
22.94 107736290280 0.6350420299559191
22.96 107736215408 0.6350148433142451
22.98 107736176028 0.634973622394079
23.0 107736460676 0.6349883852090058
23.02 107737134356 0.6347987741769107
23.04 107737039976 0.6346894779757051
23.06 107737308316 0.6346237884906017
23.08 107737084068 0.6344852457930862
23.1 107737243288 0.6345230609596336
23.12 107737389340 0.6345041699470955
23.14 107737690284 0.6346330053598203
23.16 107737800540 0.6346474514122603
23.18 107737956652 0.6345844932364187
23.2 107738864088 0.6345141978107542
23.22 107738677584 0.6344662762114777
23.24 107739320256 0.6343157219541027
23.26 107739620776 0.6342973404634865
23.28 107739976600 0.6342799583384173
23.3 107739724144 0.6342525956459761
23.32 107740014904 0.6342139993481066
23.34 107740028852 0.634162371463769
23.36 107739928168 0.6342399551379161
23.38 107739930620 0.6342978558549666
23.4 107740190252 0.6341175657325957
23.42 107739032020 0.6341109944215266
23.44 107739783596 0.6341186059585464
23.46 107740205008 0.6343117700344677
23.48 107739328772 0.6342770777605427
23.5 107739924188 0.6344345001076672
23.52 107740022932 0.6344950868674841
23.54 107739412672 0.6343747858334554
23.56 107738829912 0.634501567786621
23.58 107739346080 0.63446424012855
23.6 107739827948 0.6345078184547155
23.62 107739759576 0.6344918131634034
23.64 107739982592 0.6345117282208366
23.66 107739914576 0.634634468320817
23.68 107739844336 0.634866527092157
23.7 107739732644 0.6348505665553679
23.72 107739979956 0.6348518506599676
23.74 107739621132 0.6348013015289011
23.76 107740172100 0.6347650361354933
23.78 107740145684 0.634761891986646
23.8 107738661424 0.634736508541878
23.82 107738676864 0.6346773684774246
23.84 107738310016 0.6346482022500631
23.86 107738649484 0.6347329248930709
23.88 107738350420 0.6346413136708473
23.9 107739305056 0.6346090569143455
23.92 107739909784 0.6346170628127057
23.94 107739774220 0.634636133982769
23.96 107738748832 0.6345693999097584
23.98 107738386588 0.6345685735887853
24.0 107738161240 0.6345431528464003
24.02 107737979496 0.6344874244196459
24.04 107737479048 0.6345598317939446
24.06 107737477640 0.6346802974075466
24.08 107737959940 0.6347113082970718
24.1 107738439920 0.6347062625929294
24.12 107739072940 0.6347697330402255
24.14 107739049708 0.6347940522202979
24.16 107739197596 0.6348199880820307
24.18 107738549872 0.6347665359804194
24.2 107738167128 0.6347340549449827
24.22 107738035880 0.6347646156381066
24.24 107738053992 0.6348151324342239
24.26 107738158748 0.6349189556015525
24.28 107737593396 0.6348958918625076
24.3 107737201604 0.634841166994202
24.32 107737854208 0.6347290645165529
24.34 107737706012 0.6347790364240365
24.36 107737602220 0.6346649693016366
24.38 107737057412 0.6348000579855224
24.4 107737683292 0.6348142140309403
24.42 107737880480 0.6347956801959513
24.44 107737903964 0.6347731883535055
24.46 107736691816 0.6348946981604515
24.48 107736101680 0.6349092529523643
24.5 107736215320 0.6348432358733919
24.52 107736188728 0.6349552245659201
24.54 107736684204 0.6348619512237728
24.56 107736225380 0.6349118724634027
24.58 107735561936 0.6349947365406596
24.6 107735502468 0.6350039114191854
24.62 107735139788 0.6350577268259163
24.64 107735344476 0.6349811627300685
24.66 107734878272 0.6349551702012085
24.68 107734324100 0.6350916955646142
24.7 107734759636 0.6349528678096718
24.72 107734766908 0.6348499097614304
24.74 107734708964 0.634776239672002
24.76 107734098824 0.6346507888136603
24.78 107733860020 0.6348071089919688
24.8 107734162516 0.634763124427032
24.82 107734409516 0.6347447081341565
24.84 107734222008 0.6346849956424613
24.86 107734429536 0.6346806293491389
24.88 107734229548 0.6345859329342975
24.9 107734131680 0.634542763717058
24.92 107734448088 0.6345103715858791
24.94 107734186052 0.6345631919738169
24.96 107735247984 0.6346517745286387
24.98 107735388520 0.6344733131536269
25.0 107735669860 0.6345240849559048
25.02 107736103060 0.6344503339138559
25.04 107735961852 0.6344996950245768
25.06 107735279100 0.6343970565490866
25.08 107735592708 0.6344860037405899
25.1 107735723328 0.6343398615934563
25.12 107735533124 0.6342321557643713
25.14 107735251456 0.6342035814775473
25.16 107734983992 0.6341812543057443
25.18 107734570848 0.6343729540231664
25.2 107734394284 0.6344859143843604
25.22 107735298880 0.6345049930573279
25.24 107735289940 0.6345040939982561
25.26 107735107548 0.6346519879277278
25.28 107735012772 0.6346639247208974
25.3 107735501480 0.6345415245228736
25.32 107736219004 0.6346298512875092
25.34 107736044420 0.6346568893878373
25.36 107736008028 0.6346550280926723
25.38 107736456488 0.63482674135674
25.4 107736535988 0.634834678280478
25.42 107736812528 0.6348892639010159
25.44 107736838524 0.6349718184708415
25.46 107737448892 0.6349631714269155
25.48 107738033148 0.6350202471302586
25.5 107737650572 0.6349329697997241
25.52 107737546216 0.6348935080366578
25.54 107738159832 0.6350236224791715
25.56 107737991772 0.6350403227919106
25.58 107738393204 0.6351059871082347
25.6 107738178768 0.6350024343039007
25.62 107738259052 0.6350126161663424
25.64 107737823364 0.6349968150919971
25.66 107737534224 0.6348435300118183
25.68 107737631992 0.6346848236532465
25.7 107737233540 0.6347165708008965
25.72 107737220096 0.6348352638224052
25.74 107737492484 0.6347507995295276
25.76 107737152068 0.6348008813444234
25.78 107737539296 0.6347586486319194
25.8 107736835416 0.6346540293645584
25.82 107736967560 0.6346966469437645
25.84 107737271828 0.634692328899968
25.86 107737832600 0.6346906902435776
25.88 107737868040 0.6347478689468935
25.9 107737317064 0.6346904428729246
25.92 107736508232 0.6347698376439308
25.94 107735576512 0.6347514076879632
25.96 107735890052 0.6347775995670397
25.98 107735658164 0.6349226077770016
26.0 107735647672 0.6348685020948388
26.02 107735218584 0.6349288229925605
26.04 107734753152 0.6350440199294971
26.06 107734827068 0.6349699997972499
26.08 107735020476 0.6349968619351797
26.1 107735209144 0.6348828440867739
26.12 107735293232 0.6348707486671259
26.14 107735019640 0.634825827101569
26.16 107735211860 0.6347234764911257
26.18 107734920876 0.6348454255657058
26.2 107735143336 0.6348398532660098
26.22 107734704580 0.6348141930268814
26.24 107734168488 0.634861484788382
26.26 107733902912 0.6346270418929866
26.28 107734430072 0.6345647527840658
26.3 107734590936 0.634485011421853
26.32 107734210720 0.6345278946655789
26.34 107734400244 0.6345844448474762
26.36 107735138876 0.6346142212510094
26.38 107735246956 0.6346847743557918
26.4 107734858312 0.6346464811246102
26.42 107734760224 0.6347957909659039
26.44 107734726824 0.6349006518168544
26.46 107734897320 0.6348241674270608
26.48 107735273056 0.6347533545757131
26.5 107735207492 0.6347458036038067
26.52 107735428432 0.6347673459289934
26.54 107735771716 0.6348218759902917
26.56 107736200264 0.6348592307608854
26.58 107735848992 0.6348464442963289
26.6 107736156900 0.6347618807429305
26.62 107737583920 0.634691395611779
26.64 107737358284 0.6345506314706877
26.66 107737546508 0.6345072049946111
26.68 107737206924 0.6344599832429658
26.7 107736375348 0.6345830671323656
26.72 107736126232 0.6345550733310864
26.74 107736339632 0.6345757972009843
26.76 107736341820 0.6347414566486607
26.78 107735770344 0.6348170768750031
26.8 107736422024 0.6348215740302395
26.82 107736082492 0.6349459468204066
26.84 107735970252 0.6349863458857333
26.86 107736454948 0.6350013425991362
26.88 107737062848 0.6349629568608919
26.9 107737284612 0.6350105385515591
26.92 107737040728 0.6349782375433215
26.94 107737005644 0.6349766047022881
26.96 107736347356 0.6349120008836487
26.98 107736309248 0.6349075952108859
27.0 107736662924 0.6348933689677404
27.02 107736588632 0.6348465532655572
27.04 107735948408 0.6347927058949929
27.06 107737161292 0.6349652931105738
27.08 107736708352 0.6349719773477165
27.1 107737259296 0.6349047010664949
27.12 107737149760 0.6347332099990444
27.14 107737404592 0.6348747427322706
27.16 107737777792 0.6348081053596644
27.18 107738087120 0.6348616023387844
27.2 107737616980 0.6349378136292857
27.22 107737099040 0.6349302092505679
27.24 107737665016 0.6349028516302614
27.26 107737272520 0.6348796652076163
27.28 107737706888 0.6349489679080165
27.3 107737666048 0.6350437345676354
27.32 107738566084 0.6350604004062415
27.34 107738165872 0.6349549066149542
27.36 107737392704 0.6348533989108962
27.38 107737226456 0.6348779913256142
27.4 107737208508 0.6348642970821399
27.42 107738165048 0.6349781159113941
27.44 107737539272 0.6349325543758755
27.46 107737191260 0.6350366988951552
27.48 107737672296 0.6348476024854639
27.5 107737587860 0.6348529075354129
27.52 107737966976 0.6349229887464515
27.54 107737848440 0.635002271906743
27.56 107737752352 0.6350386394677177
27.58 107738707056 0.6349764388349337
27.6 107737617848 0.6349222482421031
27.62 107737691728 0.6348858230369694
27.64 107737682488 0.6348882348661596
27.66 107738205328 0.6349412736239719
27.68 107738897456 0.6348766420886442
27.7 107738687096 0.634878944276359
27.72 107738593204 0.6348585723058379
27.74 107738824700 0.6348599427800208
27.76 107738884124 0.6349892572028466
27.78 107738481868 0.6350070382572521
27.8 107738618296 0.6347453253418733
27.82 107738862228 0.6347910212529931
27.84 107739230260 0.6348983049352079
27.86 107739192608 0.6348964851859576
27.88 107738932828 0.6348254263757447
27.9 107739305640 0.6348956464040121
27.92 107739473092 0.6348053908317502
27.94 107739738916 0.6348864192598117
27.96 107739563132 0.6347996128404287
27.98 107739586368 0.634629935295823
28.0 107739238940 0.6345837524627708
28.02 107739771912 0.6346489792248803
28.04 107740232356 0.6346768957975314
28.06 107740896320 0.6346542381887177
28.08 107740686460 0.6346578564020615
28.1 107740472736 0.6347402168311598
28.12 107739640388 0.6348699930652372
28.14 107739366560 0.6348448609795285
28.16 107739529280 0.6350800367936573
28.18 107739201084 0.635065895357966
28.2 107739026892 0.635073303881822
28.22 107738439568 0.6351840264760015
28.24 107738473224 0.6352597757933114
28.26 107738063564 0.635265332221935
28.28 107738189096 0.6352759156127693
28.3 107737872708 0.6351668213436101
28.32 107737390360 0.6350839677146052
28.34 107738221036 0.6351536026172935
28.36 107737638444 0.6349746938860432
28.38 107737246060 0.6349239989455865
28.4 107736754020 0.6349912357727109
28.42 107737459004 0.6349296683802315
28.44 107737385792 0.6348980924343527
28.46 107737547868 0.6349040724251056
28.48 107737422396 0.6348711518590621
28.5 107736545856 0.6348415461592656
28.52 107737327172 0.6347618144640311
28.54 107737349592 0.63477183637357
28.56 107736824156 0.6347059027663623
28.58 107736765184 0.6347159284080913
28.6 107736994888 0.6346639323034227
28.62 107737268004 0.6345432086594412
28.64 107736708952 0.6347438728398811
28.66 107737224364 0.6347823977923622
28.68 107737336188 0.6347725178131385
28.7 107737293788 0.634765691339519
28.72 107738007648 0.6346593150774837
28.74 107737726580 0.634654545055469
28.76 107738338608 0.634749848224097
28.78 107737895844 0.6347457850808532
28.8 107737953184 0.634615633285997
28.82 107737746940 0.6346613610937364
28.84 107737701292 0.6347265564646482
28.86 107736771612 0.6346448862392866
28.88 107736320456 0.6345620420378167
28.9 107736335684 0.6347393521041236
28.92 107736675380 0.6347420300430794
28.94 107736807596 0.6346612767579612
28.96 107737444192 0.6344245605891077
28.98 107737917600 0.6344029223569595
29.0 107737232988 0.6344352516850938
29.02 107737355616 0.6346039707607916
29.04 107736968900 0.6346066846420014
29.06 107736288464 0.6346201400557473
29.08 107736939616 0.634466526129591
29.1 107737404884 0.63446609299464
29.12 107737800252 0.6347228712450225
29.14 107737316588 0.6348003415884692
29.16 107737678228 0.6348722406980603
29.18 107737019584 0.6349593624006965
29.2 107737128276 0.6348101771714285
29.22 107737283540 0.6348695152471914
29.24 107736840572 0.6348953891043487
29.26 107736733528 0.6348533632720249
29.28 107737751612 0.6349020423838028
29.3 107737337964 0.63491432966181
29.32 107737497080 0.6349228845996864
29.34 107737103788 0.6349869127301354
29.36 107736491320 0.6351344229337863
29.38 107737181304 0.6351037416164862
29.4 107736929572 0.635118519119524
29.42 107737134772 0.6350072621727453
29.44 107736608572 0.6350293513490586
29.46 107736156148 0.6351428452670138
29.48 107735984416 0.6351364468482186
29.5 107735752320 0.6352030027503389
29.52 107735902808 0.6352440557385561
29.54 107735434500 0.6352571223786128
29.56 107735574168 0.6353085449821011
29.58 107735935568 0.6351285176671855
29.6 107736511328 0.6352433687578372
29.62 107735844460 0.6350609966693016
29.64 107735609224 0.6350201460575982
29.66 107735782172 0.6351099225346536
29.68 107736241428 0.6350402314210366
29.7 107736217968 0.6349851264849211
29.72 107736181416 0.6350801409989324
29.74 107736236928 0.635098307806285
29.76 107735412512 0.6351383852016814
29.78 107734783344 0.6352006776665764
29.8 107735246828 0.6351824542211754
29.82 107735623584 0.635343908756937
29.84 107735808196 0.6353968278082763
29.86 107735254040 0.6353028542983854
29.88 107735163164 0.6352313829858612
29.9 107735126948 0.6352092921434455
29.92 107734521152 0.635169750360026
29.94 107735514828 0.6350300411227342
29.96 107735885252 0.6348464940901091
