0.0 500197868440 0.17531380122569076
0.02 496204878770 0.17558197671256415
0.04 492363553984 0.1758334449418548
0.06 488667478512 0.1760260828384487
0.08 485111576000 0.17622032583407557
0.1 481689171030 0.1763864193407096
0.12 478395491862 0.17655812311014027
0.14 475225371824 0.1767060888716237
0.16 472173946800 0.17686205180385733
0.18 469236146624 0.17694850827327385
0.2 466407644252 0.1770682254305494
0.22 463684369784 0.17720640097915136
0.24 461061951072 0.1772720256196435
0.26 458536475558 0.17733929935013393
0.28 456104185178 0.17740217634658034
0.3 453761410426 0.17748349965688726
0.32 451505032426 0.1775443386374789
0.34 449331353174 0.17762089235456932
0.36 447237248238 0.17767018041973534
0.38 445219776564 0.1777239205213707
0.4 443276109642 0.1778205810157551
0.42 441403438268 0.17782182300316215
0.44 439598921356 0.17786178161374744
0.46 437860086258 0.17785767455650647
0.48 436184170378 0.17791945279196758
0.5 434569025266 0.17798119207456856
0.52 433012367534 0.1780174093576015
0.54 431511981074 0.17803381840480603
0.56 430065741678 0.17809234720577047
0.58 428671565488 0.17810499153142262
0.6 427327619750 0.17811064417688421
0.62 426032240920 0.17814270963266077
0.64 424783357924 0.17818023304680602
0.66 423579244582 0.17819246517999324
0.68 422418399730 0.1781859575730833
0.7 421299227144 0.1782442818061814
0.72 420220004266 0.1782762618668135
0.74 419179408810 0.17827748483336703
0.76 418175888882 0.1783443716370477
0.78 417208085242 0.17836798571361806
0.8 416274886186 0.17842748489005625
0.82 415375019460 0.17841676792212327
0.84 414507221922 0.17842947274234908
0.86 413670406960 0.17844766238197846
0.88 412863091254 0.1784654162800191
0.9 412084458000 0.1784629616843874
0.92 411333309714 0.17849073343118632
0.94 410608986802 0.17851695263136963
0.96 409910414740 0.17855141251014445
0.98 409236577768 0.17852181533958367
1.0 408586703410 0.17861023680458282
1.02 407959602438 0.17863403120185362
1.04 407355035918 0.17863456515112944
1.06 406771532928 0.17860183829732146
1.08 406208671272 0.17859247425428149
1.1 405665693140 0.17860508637015843
1.12 405141830554 0.17867268079155124
1.14 404636203408 0.17875968570181605
1.16 404148541702 0.178767859132667
1.18 403677816092 0.17877310319160444
1.2 403223896484 0.17878532782846007
1.22 402785812940 0.1788061572926293
1.24 402363127120 0.17884006748533457
1.26 401955295268 0.1789047723068649
1.28 401561944568 0.17891167882232667
1.3 401182762576 0.17890458622259847
1.32 400816503540 0.1789221913415847
1.34 400463131864 0.17896127409248838
1.36 400122373108 0.178965901716124
1.38 399793469364 0.17895050167297857
1.4 399476121042 0.17894198966120453
1.42 399169758622 0.17896450302088407
1.44 398874297052 0.17893827986594274
1.46 398589269406 0.1789345619954195
1.48 398313886542 0.1789268468296195
1.5 398048481660 0.17897320195652971
1.52 397792082404 0.17895581898433346
1.54 397544735506 0.17894673489026655
1.56 397305968590 0.17894380702705676
1.58 397076038204 0.17895375813303363
1.6 396853883464 0.17897981561738488
1.62 396639513392 0.17898882781527703
1.64 396432604658 0.17895001093182034
1.66 396232809126 0.17895682564485635
1.68 396040118644 0.17897542861145396
1.7 395854269560 0.1789975149311407
1.72 395674742610 0.17900775282621806
1.74 395501452410 0.1790371686962224
1.76 395334223606 0.1790104708509661
1.78 395172915984 0.17903554600283567
1.8 395017108578 0.17907961757119054
1.82 394867147592 0.17907728922947114
1.84 394722478820 0.17906852942705173
1.86 394582671030 0.17908140178093057
1.88 394447884640 0.17907018729981783
1.9 394317770608 0.17907070488022164
1.92 394192333472 0.17910355618143747
1.94 394071213078 0.17911903558046316
1.96 393954215328 0.17912039751599843
1.98 393841286448 0.1791494098597027
2.0 393732236830 0.17913557112649492
2.02 393627164568 0.1791599084283978
2.04 393525850902 0.1791535429121961
2.06 393427837224 0.17916311362203796
2.08 393333428782 0.17913185993877057
2.1 393242356310 0.17914617054223084
2.12 393154238352 0.1791596102180381
2.14 393069582540 0.17916099289409235
2.16 392987865520 0.17915863229278167
2.18 392908676364 0.17917217882239017
2.2 392832591302 0.1791873881245558
2.22 392759128578 0.17920197178826985
2.24 392688101638 0.17920874553327287
2.26 392619776820 0.17924995853294687
2.28 392553517942 0.1792125564834699
2.3 392489554842 0.17919316115811432
2.32 392427780698 0.17921667249145445
2.34 392368237740 0.17920447969190495
2.36 392311078190 0.17922239602068168
2.38 392255917660 0.1792291416785024
2.4 392202651040 0.17922211152285258
2.42 392151437132 0.17923467249225605
2.44 392101946200 0.17923042201839687
2.46 392054125732 0.17926477093162546
2.48 392007770174 0.17924033511912596
2.5 391963482410 0.17927253012567068
2.52 391920629270 0.17931604800306422
2.54 391879248994 0.17929693324804977
2.56 391839570008 0.17927086003557
2.58 391801276282 0.17923737147404278
2.6 391764353292 0.17926344172898126
2.62 391728498322 0.1792802283078739
2.64 391694015390 0.17927348351720535
2.66 391660832536 0.17928770021068463
2.68 391628768630 0.17928817251631674
2.7 391597702768 0.1793421427558095
2.72 391567839396 0.17933852144941032
2.74 391538966066 0.17932794597177243
2.76 391511294036 0.17932750393235503
2.78 391484651386 0.17936041585403656
2.8 391458760576 0.17939035905636175
2.82 391433905658 0.17942225144312515
2.84 391409915716 0.1794331586617456
2.86 391386864350 0.17939550327967704
2.88 391364538660 0.17937060909730337
2.9 391343027042 0.17933657517015622
2.92 391322484480 0.1792884956244518
2.94 391302852906 0.179269529418751
2.96 391283503240 0.17925521421211138
2.98 391264903300 0.1792695458479616
3.0 391247101924 0.17926156318487602
3.02 391229967274 0.17927490163096296
3.04 391213521320 0.1792962092063734
3.06 391197816874 0.17929875480934354
3.08 391182358054 0.1792834075440471
3.1 391167588468 0.17932363317547123
3.12 391153298852 0.1793763105535407
3.14 391139842818 0.17936353299769336
3.16 391126773970 0.17933714427224937
3.18 391114075868 0.17928229635186066
3.2 391101710532 0.17931755611800426
3.22 391089781338 0.17930583725783691
3.24 391078402638 0.17929723098259182
3.26 391067407252 0.17928333399026222
3.28 391056976656 0.17926746219058454
3.3 391046848308 0.17930277035928702
3.32 391037257006 0.17926246607988883
3.34 391027907920 0.17923935562724697
3.36 391018947646 0.1791982426526853
3.38 391010421362 0.17921377531195046
3.4 391002124586 0.17921651919831408
3.42 390994140724 0.17922781481823974
3.44 390986279480 0.17925877451227337
3.46 390978963450 0.1792831562869893
3.48 390971901766 0.17926805145288616
3.5 390965131300 0.17924494832741966
3.52 390958668218 0.17926328624455917
3.54 390952411748 0.1792705192061818
3.56 390946412822 0.179241647209856
3.58 390940478346 0.1792510101422521
3.6 390934942166 0.17918066393322876
3.62 390929746170 0.1791740079651523
3.64 390924758118 0.17917310974160705
3.66 390919772300 0.17919174503928048
3.68 390915085116 0.17922830771386256
3.7 390910563322 0.17924658219554454
3.72 390906175160 0.17928396797308913
3.74 390902025534 0.17927695570131225
3.76 390898115878 0.17928777562129056
3.78 390894380998 0.17929036303074855
3.8 390890771444 0.1792938395684981
3.82 390887081776 0.17934014102206197
3.84 390883757004 0.1793078186550125
3.86 390880505256 0.1793020626554707
3.88 390877555810 0.1792763731076226
3.9 390874549190 0.17926046483641458
3.92 390871744426 0.17924654873842766
3.94 390869110814 0.17922921921919643
3.96 390866616968 0.17924156429671723
3.98 390864431966 0.1792350986889082
4.0 390862115208 0.17925219832206435
4.02 390859919670 0.17923447383435137
4.04 390857833936 0.17922853662282964
4.06 390855738826 0.1792412638073624
4.08 390853850238 0.1792589747641427
4.1 390852123744 0.17923981699316843
4.12 390850326912 0.1792372340919931
4.14 390848654562 0.1791974635824091
4.16 390847244288 0.17916279828674805
4.18 390845796228 0.17913055034505235
4.2 390844407418 0.17912507050468
4.22 390843292248 0.1791117483919325
4.24 390841979446 0.17908658572819708
4.26 390840718418 0.17909056166373086
4.28 390839469096 0.179108257634791
4.3 390838311486 0.17909683710402496
4.32 390837579772 0.17911192297486225
4.34 390836754652 0.17917771380255534
4.36 390836023838 0.1791749682346569
4.38 390835144742 0.17923322604269623
4.4 390834300098 0.1792606402229105
4.42 390833734666 0.1792858590818035
4.44 390832853422 0.17927819654099664
4.46 390832371566 0.1792815686734861
4.48 390831629480 0.1792808554913995
4.5 390831365256 0.1792476216349948
4.52 390830809898 0.1792743582359237
4.54 390830446868 0.17925812569210087
4.56 390830003418 0.17927523572661824
4.58 390829779540 0.179275508133281
4.6 390829136166 0.17924705465942276
4.62 390828596236 0.1792885472078343
4.64 390828546686 0.17926136972466508
4.66 390828103914 0.1792636909597099
4.68 390827946338 0.17926569350435886
4.7 390827729898 0.17925669726167265
4.72 390827701376 0.1792082517666651
4.74 390827555742 0.17919051040327338
4.76 390827393334 0.1792318835949237
4.78 390827359908 0.17921428016983243
4.8 390827387846 0.17921902165530468
4.82 390827502946 0.1792076319964269
4.84 390827476800 0.17921818405788598
4.86 390827491492 0.17924274437157128
4.88 390827634594 0.17920807504422498
4.9 390827588158 0.17919850621730798
4.92 390827623014 0.17918289151312153
4.94 390827787784 0.1791720643864079
4.96 390828147120 0.1791917542940954
4.98 390828291314 0.17926770215943882
5.0 390828577634 0.17926453030426379
5.02 390828896570 0.17929216241646093
5.04 390829101348 0.17927035150145337
5.06 390829082244 0.17926463026311557
5.08 390829418078 0.1792556305730306
5.1 390829388334 0.17923899695146311
5.12 390829610742 0.17925837517692728
5.14 390829722596 0.17926953191114497
5.16 390829678096 0.17925217842090624
5.18 390829986906 0.17926166714797762
5.2 390830170268 0.17926538464778288
5.22 390830471918 0.17925736321761254
5.24 390830585538 0.17925302202686982
5.26 390831008820 0.17924583338342132
5.28 390831318494 0.17927867468822897
5.3 390831638834 0.1793014579371942
5.32 390832028708 0.17931240871228774
5.34 390832498156 0.17928909498525197
5.36 390832772042 0.17927059536017817
5.38 390833321964 0.17923761381824657
5.4 390833416008 0.17925288289935856
5.42 390833768324 0.17924401176110447
5.44 390833898788 0.17920961089768542
5.46 390834261402 0.1791719444190017
5.48 390834608354 0.17917290073366188
5.5 390835186444 0.17918103599707622
5.52 390835535928 0.17914403424557768
5.54 390835991082 0.17914613433004828
5.56 390836352576 0.17914941492033365
5.58 390836729544 0.1791513439756631
5.6 390836826128 0.179113479062387
5.62 390837260372 0.17915285031278189
5.64 390837648094 0.17915758271813764
5.66 390838035360 0.17920209271560653
5.68 390838092050 0.17919418258350045
5.7 390838503144 0.17919062296971272
5.72 390838667320 0.17915789057229312
5.74 390838903994 0.17916100902159
5.76 390839238834 0.1792138830409424
5.78 390839350098 0.1792419652402115
5.8 390839986084 0.1792166007226189
5.82 390840296000 0.17920663573173026
5.84 390840867990 0.1792276499585745
5.86 390841190890 0.1792148524516341
5.88 390841709390 0.17920932317528185
5.9 390842090138 0.17918933689446898
5.92 390842584778 0.17915904088854076
5.94 390842912148 0.17915967910094618
5.96 390843386872 0.17916414338757397
5.98 390843705700 0.17919052611967007
6.0 390844065314 0.17916956415754226
6.02 390844520190 0.1791814186359747
6.04 390844768976 0.17919343378844593
6.06 390845127522 0.17918394506312302
6.08 390845350562 0.1791687764487041
6.1 390845660464 0.17917549313411577
6.12 390846103332 0.17917870942277522
6.14 390846592420 0.179216897319742
6.16 390847026462 0.1792170370754827
6.18 390847447864 0.17923722966225986
6.2 390848025750 0.17925578425748934
6.22 390848455264 0.1792144037394472
6.24 390849195228 0.17920999658648662
6.26 390849500568 0.17914532752226703
6.28 390850045674 0.17913252348913575
6.3 390850265000 0.17917772074472693
6.32 390850613064 0.1791678452236364
6.34 390850831986 0.17913102722260477
6.36 390850835290 0.17914387871947093
6.38 390850890650 0.17915246249964922
6.4 390851234852 0.17915553577127705
6.42 390851576954 0.1791900060090333
6.44 390852207936 0.17919021083067957
6.46 390852484514 0.17919071917758012
6.48 390852769350 0.17912379421747873
6.5 390853067740 0.17912690271283274
6.52 390853315096 0.1791168489810061
6.54 390853771290 0.17905589036423664
6.56 390854245880 0.1790416514938623
6.58 390854752466 0.17909021738353537
6.6 390855287194 0.17912441716932012
6.62 390855703674 0.17912397603811836
6.64 390855847436 0.1791606253937825
6.66 390856136918 0.17917172165053274
6.68 390856521270 0.1791959878825562
6.7 390856918652 0.179153080341829
6.72 390857302422 0.17912128378963885
6.74 390857551056 0.17910806619838984
6.76 390857824716 0.17913480690688666
6.78 390858073652 0.17913643337359467
6.8 390858365934 0.17913758757608877
6.82 390858534986 0.179106559601938
6.84 390858819390 0.1790941803229893
6.86 390858959448 0.17907542176930266
6.88 390859187396 0.1790504542712202
6.9 390859537088 0.17906292827082265
6.92 390859755892 0.17907346790430018
6.94 390859983626 0.17906199503587558
6.96 390860385128 0.17906421111574405
6.98 390860804852 0.17907603001291972
7.0 390860850486 0.17906659107313622
7.02 390861042082 0.17905264108683722
7.04 390861310996 0.17905047420018938
7.06 390861550364 0.17903681551374634
7.08 390861760256 0.17903365085821502
7.1 390861983018 0.17905807972982224
7.12 390862029370 0.17903602372219202
7.14 390862308484 0.1790512307513346
7.16 390862527490 0.1790469127447328
7.18 390862653004 0.17901879604674514
7.2 390862965046 0.17905100627426643
7.22 390863169320 0.17909446107615037
7.24 390863466032 0.17910448344520674
7.26 390863681906 0.17911379142596934
7.28 390863681754 0.17909980544879855
7.3 390864050252 0.17908490754580503
7.32 390864262172 0.17908302204184443
7.34 390864499992 0.17910336828487855
7.36 390864571822 0.17908245022206373
7.38 390864939160 0.17909045390607947
7.4 390865456964 0.17910190447845634
7.42 390865569724 0.17914792322160739
7.44 390865717846 0.17915315670929044
7.46 390865893708 0.17908233997851825
7.48 390866055264 0.17907510989607897
7.5 390866407222 0.17904867801877694
7.52 390866722234 0.17906010569871336
7.54 390866736276 0.1790035846984537
7.56 390867037928 0.17903247829204103
7.58 390867447534 0.17903280286363868
7.6 390867697534 0.17902856780532128
7.62 390868188736 0.17900784289109767
7.64 390868242066 0.1789914893272883
7.66 390868507278 0.17900050793139646
7.68 390868751506 0.17900803997350376
7.7 390868872820 0.17902076961840846
7.72 390868976618 0.17902971333790013
7.74 390869293810 0.1790368638070083
7.76 390869633628 0.17904901191744552
7.78 390869950210 0.17902977364888634
7.8 390870170550 0.1790048158301418
7.82 390870409832 0.17902558204533467
7.84 390870705354 0.17901908621128698
7.86 390871003308 0.1790202900454117
7.88 390871231840 0.17900948355602575
7.9 390871416526 0.17902511433471743
7.92 390871486970 0.1790202750899258
7.94 390871623652 0.1789908102405956
7.96 390871703806 0.17903120094965094
7.98 390871815778 0.1790411932200434
8.0 390872042676 0.17904713831153718
8.02 390872105002 0.17899055602139696
8.04 390872424688 0.17900846718258873
8.06 390872610700 0.17900773262218195
8.08 390872698338 0.17899998773490786
8.1 390872873326 0.17905735763829675
8.12 390873228012 0.17907197244606196
8.14 390873587930 0.1791134634462634
8.16 390873826500 0.17914064635853272
8.18 390873689008 0.17917272861101682
8.2 390873813952 0.1791682370040403
8.22 390873722282 0.17914464014916132
8.24 390873885652 0.17915252859554143
8.26 390874129716 0.1791633958376747
8.28 390874219118 0.17908684577003653
8.3 390874558542 0.17913188677371306
8.32 390874824276 0.17915972156735688
8.34 390875023540 0.1790995139008844
8.36 390875299388 0.17910901839647347
8.38 390875269436 0.1791649535592595
8.4 390875489612 0.17918338133485953
8.42 390875760264 0.17920398255014391
8.44 390875976808 0.17917736673300963
8.46 390876376938 0.17911764488625376
8.48 390876578950 0.17915361907036786
8.5 390876913062 0.17918212253859597
8.52 390877305604 0.17918888609303552
8.54 390877323798 0.17919461143919485
8.56 390877357872 0.17919516913999553
8.58 390877471008 0.17919077489005614
8.6 390877345716 0.17919808101054274
8.62 390877576086 0.17921578576672878
8.64 390877789260 0.17924552454481166
8.66 390877827480 0.17924318333119105
8.68 390877656814 0.17923240985851888
8.7 390877906372 0.17924303771835975
8.72 390878191548 0.1792684764540151
8.74 390878284270 0.17925283947399612
8.76 390878296974 0.17925820811351825
8.78 390878430948 0.1792722401432162
8.8 390878461598 0.1792333571553947
8.82 390878742782 0.17922945724544917
8.84 390878845580 0.17917434575443725
8.86 390878847080 0.17916463434004953
8.88 390878995574 0.17919447623473508
8.9 390879387184 0.17923266295465998
8.92 390879532782 0.17924157092150367
8.94 390879632122 0.17926637955599561
8.96 390879629798 0.1792224297829619
8.98 390879775216 0.1792432625123931
9.0 390879730652 0.1792355148666751
9.02 390879854922 0.1792130005713634
9.04 390879893918 0.17920138137126357
9.06 390879974038 0.17918626126571321
9.08 390879834752 0.17919911515639053
9.1 390879951866 0.17920516641263587
9.12 390880112166 0.17921425034208693
9.14 390880176836 0.17918294585522557
9.16 390880365252 0.17918891522022806
9.18 390880580534 0.1791716753675177
9.2 390880362938 0.17915578179799643
9.22 390880685722 0.17916765400541462
9.24 390880527588 0.17915367629620765
9.26 390880619242 0.1791289919198492
9.28 390880850550 0.17911425907863746
9.3 390881066186 0.1791190166196609
9.32 390881189806 0.17910731111408734
9.34 390881143610 0.17910483696505314
9.36 390881182474 0.17912483614804978
9.38 390881099372 0.17908548924777173
9.4 390881170628 0.17911320126438146
9.42 390881209056 0.1791700443232458
9.44 390881288786 0.1791881164774945
9.46 390881309034 0.17918960936946315
9.48 390881530892 0.17919908608027169
9.5 390881775736 0.17923807605978012
9.52 390881780258 0.17925032673193966
9.54 390881726058 0.17924588132790215
9.56 390882063320 0.17921562111268854
9.58 390882218338 0.17924346148387282
9.6 390882139748 0.1792786665287437
9.62 390882088464 0.17927115231412039
9.64 390882162744 0.17922188906600864
9.66 390882158444 0.17919907793227274
9.68 390882249428 0.17920451682497077
9.7 390882453186 0.17921834683890236
9.72 390882584312 0.1792691956646226
9.74 390882736768 0.17922789610153533
9.76 390882762636 0.17920688620724537
9.78 390882664634 0.1792119336937536
9.8 390882885380 0.17923878918538932
9.82 390882905186 0.17922394126937097
9.84 390882790248 0.1791803432618845
9.86 390882773046 0.1792166063018661
9.88 390882842160 0.17920779662240643
9.9 390883137520 0.17921826874345032
9.92 390883206488 0.17918654026828934
9.94 390883166074 0.17919335435138267
9.96 390883272908 0.17918642363671783
9.98 390883374320 0.17917329689427708
10.0 390883386568 0.17924561855884608
10.02 390883354572 0.1792185131805341
10.04 390883275602 0.17918852523076306
10.06 390883435948 0.1792211817943025
10.08 390883278268 0.17920052732794328
10.1 390883473054 0.17920139277108793
10.12 390883611994 0.17923607308426862
10.14 390883676234 0.17921229641940617
10.16 390883818990 0.17919943333527208
10.18 390884058992 0.17920573677836693
10.2 390883923932 0.17922908398633214
10.22 390884047100 0.17922206116992895
10.24 390884002372 0.1792289773663877
10.26 390884047622 0.17921678450479256
10.28 390884017672 0.17923263379626486
10.3 390883963592 0.17918915136781813
10.32 390884042712 0.17921132853406258
10.34 390883913330 0.17922017309558932
10.36 390883750918 0.1792466065147647
10.38 390883859690 0.1792328735488242
10.4 390883960122 0.1792137890674707
10.42 390883864880 0.17922178051034038
10.44 390883751632 0.17926959313456564
10.46 390883724894 0.17929127220462782
10.48 390883782484 0.17926439886147033
10.5 390883868016 0.17923955037898553
10.52 390883719536 0.17923176465939805
10.54 390883849596 0.17920350303280683
10.56 390883618594 0.17918491211038118
10.58 390883924342 0.1791918758960511
10.6 390884090534 0.1791444859860917
10.62 390884132930 0.17916126733390397
10.64 390884318646 0.1791597170023887
10.66 390884461752 0.1791710769205114
10.68 390884433690 0.17916325454419335
10.7 390884413334 0.17915119051546996
10.72 390884593786 0.17917414883852145
10.74 390884637166 0.17916642148687068
10.76 390884841846 0.17914839620286838
10.78 390884830422 0.17912801923723184
10.8 390884891108 0.17909532006203407
10.82 390884670240 0.179085582378138
10.84 390884711692 0.1790903539259332
10.86 390884704982 0.1791052644560193
10.88 390884640302 0.17912041616438454
10.9 390884425560 0.1791239391467902
10.92 390884510422 0.17912162668332499
10.94 390884658250 0.17912065265691177
10.96 390884630378 0.17912468318481575
10.98 390884874104 0.17912943066034076
11.0 390885142292 0.17912298764314138
11.02 390885092196 0.179119429895852
11.04 390885099222 0.17910342650760502
11.06 390884998810 0.17911992149290043
11.08 390885117682 0.17912398125462145
11.1 390885379076 0.17911650905491722
11.12 390885480354 0.17914358646771578
11.14 390885427834 0.1791277926391623
11.16 390885216304 0.1791095134400711
11.18 390885167506 0.17909508131649585
11.2 390885284166 0.17908285694269
11.22 390885293732 0.17908257022392
11.24 390885353006 0.17910005305681914
11.26 390885455694 0.17906973342448526
11.28 390885500248 0.17916891446347138
11.3 390885714008 0.1791777337407981
11.32 390885941316 0.17914893794049674
11.34 390886259484 0.17921184257987083
11.36 390886356998 0.17919037822453815
11.38 390886468192 0.1791959423133576
11.4 390886509836 0.17920573714174015
11.42 390886487454 0.17918079440176765
11.44 390886486966 0.17917499673736895
11.46 390886397646 0.17919839742656193
11.48 390886413090 0.17921411450218544
11.5 390886541970 0.17923418240377698
11.52 390886539108 0.17919942068797215
11.54 390886326940 0.17922273087007481
11.56 390886343510 0.17917354525890067
11.58 390886202764 0.17912664657206068
11.6 390886279838 0.1791157510064389
11.62 390886257494 0.17916153185961806
11.64 390886100050 0.17917631020442085
11.66 390886208238 0.1791812032111977
11.68 390886239680 0.17914530085557095
11.7 390886193458 0.17916522912468075
11.72 390886240626 0.17917362678845108
11.74 390886152260 0.1792048571324021
11.76 390886202226 0.17916635028313255
11.78 390886315608 0.1791297762736021
11.8 390886086356 0.17909742953790883
11.82 390886136366 0.179063969823899
11.84 390886000350 0.17906072046872862
11.86 390886236544 0.17911355754505445
11.88 390886302686 0.17911910213273086
11.9 390886548210 0.1791127138143171
11.92 390886657392 0.17911178987478038
11.94 390886887644 0.17912168471977183
11.96 390886828740 0.17911992466899027
11.98 390886691404 0.17914279235380257
12.0 390886937632 0.17912058103575304
12.02 390886976484 0.17911745724598746
12.04 390886785190 0.17909820344604954
12.06 390886917662 0.179074451657859
12.08 390887018810 0.17908748195173335
12.1 390887023778 0.1790950744070568
12.12 390886972094 0.17908436800736088
12.14 390886979912 0.17912413009275469
12.16 390886895520 0.17911539183626635
12.18 390886885494 0.17908690069539634
12.2 390886891718 0.17912808505234212
12.22 390886940934 0.17912953124971626
12.24 390886802788 0.17916978138067796
12.26 390886989608 0.17916879226569127
12.28 390887055322 0.17919860882483804
12.3 390887032778 0.17922708479405805
12.32 390887013582 0.1792227544185793
12.34 390887029968 0.1792029116802722
12.36 390887017826 0.17915827605270804
12.38 390886961658 0.17915568297767637
12.4 390886899642 0.1791461189695557
12.42 390886816964 0.1791600261319305
12.44 390886896412 0.17914053735729035
12.46 390886991592 0.17912434954932357
12.48 390887171810 0.17912515901504855
12.5 390887092628 0.17914478277440096
12.52 390886942134 0.17910275539407924
12.54 390886995486 0.17906715502341428
12.56 390887254408 0.179078241665798
12.58 390887207752 0.17910428927934136
12.6 390887208822 0.17910396853900679
12.62 390887163556 0.17911517496326335
12.64 390887123194 0.17916434663031006
12.66 390887181262 0.17915001490089016
12.68 390887224454 0.17911123410741722
12.7 390887473276 0.179075055303356
12.72 390887396614 0.17904099626137454
12.74 390887433820 0.17905892696142772
12.76 390887443028 0.17907088859310372
12.78 390887523074 0.1790702408235853
12.8 390887108360 0.17909772632795154
12.82 390886925824 0.17906615169805334
12.84 390886842208 0.17904258083489188
12.86 390886752310 0.17902597998335545
12.88 390886912894 0.17902836878622042
12.9 390886760236 0.17908468961882934
12.92 390886873326 0.1791146161806892
12.94 390887078194 0.17910095884647825
12.96 390887106586 0.17915223757522067
12.98 390887164302 0.1791566966805637
13.0 390887147646 0.17914811890334364
13.02 390887134126 0.17916761929790795
13.04 390887061070 0.1791587304065732
13.06 390887192206 0.17918803369522512
13.08 390887319818 0.17918922948857005
13.1 390887225594 0.17915034470044364
13.12 390887112682 0.17913809441148865
13.14 390887044704 0.17907585777380797
13.16 390887101678 0.17906075297729973
13.18 390887212242 0.1790392591460472
13.2 390887071680 0.17906912951672027
13.22 390887145890 0.1790421434695096
13.24 390887215878 0.17906911450380333
13.26 390887116710 0.17903476551699696
13.28 390887055728 0.17904872673076247
13.3 390886956678 0.17904582596773638
13.32 390887021668 0.17905646718520107
13.34 390887056072 0.1790475436005748
13.36 390887041760 0.17905340951843965
13.38 390887108734 0.17908547274762648
13.4 390887201576 0.1791210404411308
13.42 390887110588 0.17912843849111146
13.44 390887142718 0.17910406819617125
13.46 390887196896 0.17909458635861253
13.48 390886935152 0.17909921745640084
13.5 390886705360 0.1790979098632015
13.52 390886662100 0.17910216854378325
13.54 390886845052 0.17910945423558472
13.56 390886768586 0.17915606452844493
13.58 390886974346 0.17912736535839277
13.6 390887067424 0.17912978669521
13.62 390887216166 0.17909934598838834
13.64 390887237040 0.1790699986568271
13.66 390887520512 0.1790999464588715
13.68 390887633158 0.17910253723821612
13.7 390887803874 0.17907030749527197
13.72 390887785696 0.17903349446050792
13.74 390887924088 0.1790318126690913
13.76 390888050254 0.1790299095421815
13.78 390888103684 0.17901898775322977
13.8 390888193142 0.17898582551818398
13.82 390888277776 0.17898632932221636
13.84 390888446774 0.17898512081330095
13.86 390888341734 0.17898054262218338
13.88 390888470026 0.17898722806117898
13.9 390888784420 0.17900644222031298
13.92 390888952962 0.17904574560598804
13.94 390889021260 0.17902751824299523
13.96 390889193872 0.17906378564558156
13.98 390889246490 0.17908024691109212
14.0 390889267722 0.1790896461009594
14.02 390889191988 0.1790349543648372
14.04 390889176260 0.17909092820388486
14.06 390889413474 0.17910383522403958
14.08 390889177706 0.17908672608514417
14.1 390889050846 0.17906364651875656
14.12 390889067258 0.17907559737971263
14.14 390889013396 0.17909269009563583
14.16 390888978892 0.17909678043425786
14.18 390888849870 0.17908836406501077
14.2 390888891264 0.1790987188558364
14.22 390889220000 0.17911224613811033
14.24 390889214020 0.17912948970976122
14.26 390889187550 0.1791342693264719
14.28 390888883120 0.17914094393364416
14.3 390888820778 0.1790984008432448
14.32 390888789064 0.179087289650618
14.34 390888684102 0.17904399998677445
14.36 390888724042 0.17906677601909646
14.38 390888763658 0.1790863723733398
14.4 390888932628 0.17910251990951598
14.42 390889064810 0.17905545697147077
14.44 390889008388 0.17904742739670393
14.46 390888873978 0.17906953063287032
14.48 390888829184 0.1790378682836608
14.5 390888675962 0.17906837666980613
14.52 390888509896 0.17906684884325974
14.54 390888604346 0.1790949887250351
14.56 390888620928 0.1790940503021668
14.58 390888647212 0.1791207999885155
14.6 390888609804 0.17914816309561954
14.62 390888230700 0.17915476817033385
14.64 390888329768 0.17913698099161604
14.66 390888215298 0.179133391333339
14.68 390888108890 0.17912875847051868
14.7 390888040318 0.1791304644621306
14.72 390887989174 0.17913255726622984
14.74 390888040120 0.17912253596378613
14.76 390887924498 0.1791208254970491
14.78 390887866798 0.17917715179599966
14.8 390887919268 0.17922471303233267
14.82 390888000798 0.1792193283067223
14.84 390888094880 0.17922275184517084
14.86 390888211420 0.17923130036618318
14.88 390887972932 0.17920348562410793
14.9 390888056572 0.1791940633572416
14.92 390888002754 0.1791454760990598
14.94 390888062266 0.17916606723582945
14.96 390888039420 0.17913331280504163
14.98 390887969804 0.17914026511512063
15.0 390888021530 0.1791280057518719
15.02 390888088236 0.1791232302508576
15.04 390888049680 0.17915298170299687
15.06 390888112444 0.17913625953038095
15.08 390887881708 0.1791710759158355
15.1 390887922464 0.1792057354859024
15.12 390887895354 0.179243472268924
15.14 390887891360 0.17924111521968505
15.16 390887833836 0.1792486505522967
15.18 390887955416 0.17926804926601794
15.2 390888136830 0.17924685190314518
15.22 390887903422 0.17924353750796662
15.24 390887805496 0.17921246224930393
15.26 390887798976 0.17925259881214872
15.28 390887682448 0.17923164630824212
15.3 390887541958 0.17925750776003055
15.32 390887653736 0.1792226297782255
15.34 390887694550 0.1792288728269154
15.36 390887753362 0.17920065875948926
15.38 390887540370 0.17923181673081484
15.4 390887277054 0.17920022705313518
15.42 390887372514 0.17919367831675187
15.44 390887394900 0.17922237033258
15.46 390887343298 0.17926044203680097
15.48 390887101016 0.17925923419110024
15.5 390887065590 0.17919379278839254
15.52 390887308804 0.17922548804456181
15.54 390887435776 0.1792085657256376
15.56 390887444240 0.17920636753461539
15.58 390887401674 0.17919294104873476
15.6 390887493724 0.1792065838377869
15.62 390887550230 0.17923827667735198
15.64 390887646992 0.17925210794508228
15.66 390887711416 0.1792739347722489
15.68 390887605930 0.17923855800712213
15.7 390887358740 0.1792187699161606
15.72 390887405258 0.1792338574014051
15.74 390887138526 0.17921858037066163
15.76 390887108224 0.17921286186344035
15.78 390887130290 0.17923022627024554
15.8 390887215562 0.17927109781030154
15.82 390887469362 0.1793028066131505
15.84 390887441692 0.17929997032823225
15.86 390887482656 0.1792687378463984
15.88 390887671644 0.17922005126796034
15.9 390887490950 0.17921411720379493
15.92 390887251800 0.17919931277541506
15.94 390887254862 0.17917795514507934
15.96 390887246162 0.17919250032005735
15.98 390887393512 0.1791928412075222
16.0 390887359264 0.17918343091472955
16.02 390887340594 0.1791883556061404
16.04 390887233096 0.1792457275722228
16.06 390887325172 0.17923453337639234
16.08 390887253410 0.17926010699619424
16.1 390887114456 0.17924810868332114
16.12 390887022408 0.17926256186087922
16.14 390887337442 0.1792468538165261
16.16 390887244504 0.17923915886199454
16.18 390887158450 0.1792913093274367
16.2 390886907104 0.1792787420262451
16.22 390886958376 0.17926424199296867
16.24 390887032614 0.17923259689392426
16.26 390886903412 0.1792110407308194
16.28 390886918706 0.17917488738759607
16.3 390886976332 0.17918111631405562
16.32 390886904120 0.17916330558630225
16.34 390886982730 0.17919407174556873
16.36 390887121092 0.17918868581085656
16.38 390887105242 0.17916193932073896
16.4 390887050256 0.17913454559982245
16.42 390886987606 0.17909625373100357
16.44 390887164002 0.17916357706101851
16.46 390887194044 0.17916985916781297
16.48 390887124924 0.17919771598882728
16.5 390887111714 0.17921033237535355
16.52 390887300720 0.17921137891948954
16.54 390887544954 0.1791812565953326
16.56 390887740776 0.1791717531569213
16.58 390887661720 0.17913972197676958
16.6 390887679250 0.1791441426223071
16.62 390887662556 0.17915693588884152
16.64 390887639386 0.17915519795984416
16.66 390887729308 0.17911484219578627
16.68 390887816864 0.17907358416976749
16.7 390888026896 0.17908148690079284
16.72 390887978182 0.17908690110525877
16.74 390888123478 0.17910710229628293
16.76 390888395654 0.17909729057313817
16.78 390888236688 0.17907058991422564
16.8 390888326546 0.17907645357863936
16.82 390888196534 0.17907973616402315
16.84 390888370528 0.17908540583169652
16.86 390888360790 0.17910608907532213
16.88 390888412140 0.1790957570518325
16.9 390888627200 0.17915638008763698
16.92 390888700694 0.17913217767549494
16.94 390888721910 0.17917840526088857
16.96 390888672772 0.17915371465301247
16.98 390889042098 0.17913697838978473
17.0 390888891252 0.17909271762278156
17.02 390888727266 0.17915180930634778
17.04 390888872290 0.17917624770853566
17.06 390888775314 0.17916391798395923
17.08 390888870542 0.1791116253850186
17.1 390888908466 0.1790986806274394
17.12 390889028650 0.17909354571655733
17.14 390888977712 0.17916857222719823
17.16 390889125240 0.17921727522837838
17.18 390889497842 0.17921776594950733
17.2 390889573910 0.1792675123873129
17.22 390889411552 0.1792119319290838
17.24 390889317244 0.17922097607465973
17.26 390889274924 0.17922577875951579
17.28 390889361560 0.17924185589519392
17.3 390889420476 0.1792647948844483
17.32 390889519316 0.17923981163461944
17.34 390889447592 0.1792932619937599
17.36 390889330538 0.17928231363184005
17.38 390888992832 0.17930063959278594
17.4 390888971430 0.1792616302538374
17.42 390888833160 0.17928939784428383
17.44 390888933200 0.17926759468447312
17.46 390888904646 0.17929580544141643
17.48 390888892160 0.17928063316355766
17.5 390888854738 0.17924052707975188
17.52 390888859490 0.17925864477058667
17.54 390888684312 0.1792425990809483
17.56 390888888300 0.17924769743405677
17.58 390888739104 0.1792682481731984
17.6 390888734530 0.17925074856863563
17.62 390888593924 0.17922885046188222
17.64 390888440632 0.17921476143210552
17.66 390888596784 0.17918603055673432
17.68 390888662152 0.17921796345100627
17.7 390888644964 0.17929649192903854
17.72 390888711192 0.179278328326672
17.74 390888698172 0.17929692290016358
17.76 390888615596 0.17932060076175632
17.78 390888632000 0.17933856308833315
17.8 390888767972 0.17933759110192932
17.82 390888652016 0.17930558239613983
17.84 390888611820 0.17929816806815974
17.86 390888491254 0.17925641334707287
17.88 390888733484 0.17925822512731787
17.9 390888735540 0.17929313897459354
17.92 390888735606 0.17929273603543755
17.94 390888686270 0.17926373638754003
17.96 390888722520 0.1793015818664752
17.98 390888999976 0.17929699884290304
18.0 390888941260 0.17924182968681646
18.02 390889022920 0.1792637602654849
18.04 390889010234 0.17924639808701148
18.06 390889145516 0.17928832630784336
18.08 390889005986 0.17928766355475206
18.1 390888868632 0.17925457946149556
18.12 390888883638 0.17924136907808297
18.14 390888774620 0.17922687364451273
18.16 390888998216 0.17923777233696248
18.18 390889062640 0.17921905009243322
18.2 390889006148 0.1792288502395818
18.22 390889099372 0.179217976459626
18.24 390889140582 0.1792457442709564
18.26 390889092488 0.179222030585503
18.28 390888698616 0.1791880857036608
18.3 390888811578 0.17920485375512663
18.32 390888877724 0.1792445923113537
18.34 390889041616 0.17924633008082994
18.36 390889162430 0.1792737919343033
18.38 390889295804 0.1792761094569386
18.4 390889182928 0.17925761800069717
18.42 390889038824 0.17923141268919301
18.44 390888966402 0.17918484707924567
18.46 390889144444 0.17918717891069436
18.48 390889210604 0.17917692523994405
18.5 390889020814 0.17913492191348984
18.52 390888985716 0.17913659499777743
18.54 390888915560 0.17914215933862127
18.56 390889110816 0.1791422748692475
18.58 390889221268 0.17911910379339704
18.6 390889087340 0.17914457222337882
18.62 390889093488 0.1791805526064342
18.64 390889164524 0.17921886187495872
18.66 390889158620 0.1792041726881433
18.68 390889356084 0.1792011772348875
18.7 390889349968 0.1792154155786189
18.72 390889270918 0.17922908509366722
18.74 390889226648 0.17920107489163906
18.76 390889317590 0.1792159953451383
18.78 390889315932 0.17922810312295004
18.8 390889078606 0.17919492419836963
18.82 390889060756 0.17915160065351687
18.84 390888993936 0.17914961433695176
18.86 390889091042 0.1791322640056866
18.88 390889248782 0.1791248355956002
18.9 390889236656 0.17910666109747403
18.92 390889344536 0.1791035921079993
18.94 390889405876 0.1791637519831222
18.96 390889511898 0.1791410267768549
18.98 390889515604 0.17916446425527088
19.0 390889656462 0.1791749451958508
19.02 390889515186 0.17920561472921254
19.04 390889543868 0.17917390499225755
19.06 390889396942 0.17920264999598157
19.08 390889269472 0.17918858959664602
19.1 390889050856 0.17920897521023185
19.12 390888846046 0.17919839070183272
19.14 390888709554 0.1792066665553469
19.16 390888983712 0.17920687407264155
19.18 390888974396 0.17918419129500762
19.2 390889003412 0.17916674568116883
19.22 390888864224 0.17914759143652603
19.24 390888865638 0.17909361719921518
19.26 390888852740 0.17910637139817204
19.28 390888841172 0.17910551248279874
19.3 390888794796 0.17907051629773385
19.32 390888890502 0.17908391838943044
19.34 390889009822 0.17912781372723596
19.36 390889029644 0.1791192649416104
19.38 390889033392 0.17915708225567206
19.4 390889148916 0.17914673930806926
19.42 390889185284 0.17915440620717732
19.44 390889125684 0.1791165674151381
19.46 390889144034 0.17910350667743472
19.48 390889286182 0.17910118333825542
19.5 390889461816 0.17908048781902186
19.52 390889276866 0.17910527721841546
19.54 390889234132 0.17910379549648725
19.56 390889224286 0.1790778172649269
19.58 390888930584 0.17910526086068768
19.6 390888843896 0.17909598076420324
19.62 390888808188 0.17908087203029704
19.64 390888633392 0.17904848923090183
19.66 390888654424 0.17904227030259268
19.68 390888568698 0.17901966273929154
19.7 390888353698 0.17900863148617577
19.72 390888334214 0.17898442459918615
19.74 390888674466 0.1789824350672224
19.76 390888679108 0.17897953120534765
19.78 390888523434 0.17899221338911267
19.8 390888378034 0.17902305931534826
19.82 390888321350 0.17904468606302065
19.84 390888355524 0.1791045142126612
19.86 390888575414 0.17910122607524567
19.88 390888520720 0.179085055780044
19.9 390888508652 0.17912053284065174
19.92 390888446690 0.17915313497752583
19.94 390888515280 0.17917813731573745
19.96 390888182792 0.1791695212300567
19.98 390888205634 0.17919472868998254
20.0 390888166974 0.1791869421973518
20.02 390888167778 0.17916678541367143
20.04 390888123850 0.17917896143884132
20.06 390888305286 0.17913513069520584
20.08 390888363622 0.17913885238119043
20.1 390888402882 0.1791371186271159
20.12 390888586070 0.17915260715407594
20.14 390888634662 0.17911843862153276
20.16 390888472554 0.17911347487799156
20.18 390888853118 0.17907905184468828
20.2 390888723936 0.17908378859643753
20.22 390888759482 0.1790969659974231
20.24 390888885724 0.1790911544664499
20.26 390888888916 0.17908347176948874
20.28 390888938548 0.17913456109864365
20.3 390889028224 0.17911253378764755
20.32 390888921988 0.17907498259498708
20.34 390888813442 0.1790249065543195
20.36 390888859914 0.1790710527216628
20.38 390888726158 0.1790833091874482
20.4 390889016974 0.1791030566825163
20.42 390888997884 0.17912325418111052
20.44 390889063296 0.17908633498320192
20.46 390888968294 0.17913376339675216
20.48 390888936842 0.17911217922792547
20.5 390889168242 0.17910654887915894
20.52 390889069714 0.17912468956779132
20.54 390888951056 0.179108577628161
20.56 390888838342 0.1791253736698198
20.58 390888888844 0.17910126601053972
20.6 390888937406 0.179117918948687
20.62 390889019252 0.17912826112040664
20.64 390889162824 0.17912773138023905
20.66 390889101310 0.1791110433526937
20.68 390889280744 0.1791143536505191
20.7 390889382378 0.17913414642766642
20.72 390889405180 0.17910565290656635
20.74 390889482030 0.17909586341156414
20.76 390889726762 0.17912450755298248
20.78 390889870118 0.17914479929207194
20.8 390889771574 0.1791126316846144
20.82 390889741138 0.17910561719582146
20.84 390889616746 0.17910903294109812
20.86 390889492702 0.17914387303287488
20.88 390889510800 0.1791577968363964
20.9 390889258770 0.1791613300664075
20.92 390889251572 0.17915450569910146
20.94 390889087004 0.17914345150643024
20.96 390888839730 0.1790909628633122
20.98 390888827982 0.17915021716890325
21.0 390888658974 0.17915712011458967
21.02 390888605978 0.179193237316758
21.04 390888393612 0.17917063456943372
21.06 390888353232 0.17917211490303903
21.08 390888351814 0.17914905388206276
21.1 390888450762 0.17920715943071439
21.12 390888649062 0.17916292013465265
21.14 390888907940 0.17914066412519292
21.16 390888879066 0.17917065660012005
21.18 390888894214 0.17920310828811117
21.2 390889245578 0.17922388915560047
21.22 390889219720 0.17923521529034614
21.24 390889165404 0.17923264797905497
21.26 390889129206 0.17926424283000963
21.28 390889151468 0.1792359525778347
21.3 390889311608 0.17926265445442638
21.32 390889390758 0.17926138894869983
21.34 390889305964 0.1792379218184693
21.36 390889413618 0.1792077807506065
21.38 390889608182 0.17915585682330765
21.4 390889512920 0.17915351322623063
21.42 390889529486 0.17915954030385783
21.44 390889263636 0.17912999227242582
21.46 390889295394 0.17909128669862717
21.48 390889325278 0.17906461938749751
21.5 390889324070 0.17908671212486546
21.52 390889431870 0.17907512070075396
21.54 390889568172 0.17904015936239234
21.56 390889519696 0.17903334683499594
21.58 390889373172 0.17901093090156164
21.6 390889210142 0.17903788896335776
21.62 390889160974 0.17904831045119995
21.64 390889351626 0.17907087464933485
21.66 390889322200 0.179091130324569
21.68 390889255336 0.17907935722605384
21.7 390889301770 0.17908613986229033
21.72 390889188054 0.17907699007231562
21.74 390889126828 0.179069056595431
21.76 390889098948 0.17903962515924796
21.78 390888844846 0.17902067661464122
21.8 390888802576 0.17905733534765372
21.82 390888927056 0.1790594129646355
21.84 390888892226 0.17908029382865137
21.86 390888789244 0.179126236180642
21.88 390888577820 0.17915125600572282
21.9 390888656776 0.17912153134861877
21.92 390888614414 0.1791534782886347
21.94 390888538638 0.17914083147918122
21.96 390888741504 0.17912136315660238
21.98 390888638628 0.17911752604537093
22.0 390888657984 0.17908882428825124
22.02 390888571192 0.179106579531657
22.04 390888710924 0.17910859897176917
22.06 390888519944 0.17911198058172184
22.08 390888521424 0.1790970608803239
22.1 390888470290 0.17913458292049672
22.12 390888442222 0.17912915344340297
22.14 390888376726 0.1791512360048427
22.16 390888377680 0.17909721656855934
22.18 390888081990 0.17913698850162274
22.2 390887908782 0.17915342385532423
22.22 390887728958 0.1791726375426528
22.24 390887470562 0.17917163272408543
22.26 390887438982 0.17917264408755965
22.28 390887595900 0.17915895812230204
22.3 390887562534 0.17917804601026754
22.32 390887664274 0.17915119666449625
22.34 390887673776 0.17919714525051184
22.36 390887707474 0.17922122351320938
22.38 390887665594 0.17923489143985952
22.4 390887935658 0.17928189128975935
22.42 390887976602 0.17928704300349296
22.44 390888092332 0.1792726496666581
22.46 390888181638 0.1792641438702568
22.48 390888083176 0.17925083146919163
22.5 390887954278 0.17923816501727255
22.52 390887932698 0.1792057636525792
22.54 390888101938 0.17919420998137303
22.56 390888231268 0.17913263210369193
22.58 390888276666 0.17911964262607855
22.6 390888281808 0.17910229325907434
22.62 390888205540 0.17907447539316457
22.64 390888275044 0.17908480286073053
22.66 390888398022 0.1790937738602219
22.68 390888531234 0.17909368013715543
22.7 390888588382 0.17902309201807065
22.72 390888676834 0.17907411977090193
22.74 390888795702 0.17903507586588258
22.76 390888758640 0.17908355915789168
22.78 390888905472 0.17907219394152576
22.8 390888991750 0.17909746955735564
22.82 390889152116 0.17913492555053506
22.84 390889137758 0.17912954501325595
22.86 390889355504 0.1791125573388443
22.88 390889326858 0.17910762522850093
22.9 390889574716 0.1790807608466618
22.92 390889634218 0.17905879463825336
22.94 390889757744 0.1790804063972499
22.96 390889771458 0.17907990269722504
22.98 390889694696 0.17907490181602564
23.0 390889738196 0.17904806106282226
23.02 390889858402 0.17905484373616765
23.04 390889864980 0.17907602130442793
23.06 390890016542 0.17905913857283176
23.08 390889704662 0.17905054184725205
23.1 390889640690 0.17907001304801964
23.12 390889501246 0.1790887710461265
23.14 390889450104 0.17911801034941177
23.16 390889552652 0.17910865814296195
23.18 390889621492 0.17906646115143207
23.2 390889604250 0.17907676555814736
23.22 390889450210 0.179097761919414
23.24 390889433702 0.17909301068568578
23.26 390889555150 0.17911253626275925
23.28 390889686108 0.17912752892805142
23.3 390889750110 0.1791663113446203
23.32 390889584686 0.17913778828975732
23.34 390889315648 0.17910925006098213
23.36 390889280678 0.17906001220556
23.38 390889246896 0.17910380022536976
23.4 390889299514 0.17911120007659703
23.42 390889345912 0.17911053016623468
23.44 390888965346 0.17907480852304436
23.46 390888920292 0.17906924199557064
23.48 390888994370 0.17904524173224204
23.5 390888870616 0.17904479721622818
23.52 390888891022 0.17908147276714542
23.54 390888817846 0.17911018443068863
23.56 390888966136 0.17910511175791585
23.58 390888845078 0.17912134831532656
23.6 390888965062 0.17913092599002345
23.62 390888792120 0.17912712473178552
23.64 390888778730 0.17912859022259983
23.66 390888916198 0.1791706577024495
23.68 390888897134 0.1791713584033872
23.7 390888775936 0.1791541074613865
23.72 390888662506 0.1790941693786749
23.74 390888728704 0.1791010209254759
23.76 390888583062 0.17908237777628638
23.78 390888600496 0.17910905793948467
23.8 390888717526 0.1791838909280753
23.82 390888654078 0.1791554386402342
23.84 390888468834 0.17910371241320233
23.86 390888478712 0.17912456539638213
23.88 390888601512 0.17916453329777646
23.9 390888514346 0.17922082797662148
23.92 390888347178 0.17921507247451157
23.94 390888387244 0.1792205264730597
23.96 390888418098 0.17924061935522467
23.98 390888370850 0.17925144678796087
24.0 390888489152 0.17926375478888804
24.02 390888483182 0.17921596225931558
24.04 390888506586 0.179216354145985
24.06 390888644704 0.17918737451443562
24.08 390888729714 0.1791340709964222
24.1 390888743842 0.17913120813980618
24.12 390889008960 0.17914431962937083
24.14 390889148816 0.1791451951799598
24.16 390889132274 0.1791379724108189
24.18 390889336544 0.17910581561797143
24.2 390889255908 0.17911199382732015
24.22 390889235500 0.17914271900827142
24.24 390889311172 0.1791149362796776
24.26 390889274402 0.17907930459392282
24.28 390889030258 0.17905253246999067
24.3 390889045464 0.17903522797742177
24.32 390889194254 0.17905804996657526
24.34 390889241060 0.17907107981745904
24.36 390889295026 0.17909253539715878
24.38 390889174632 0.17907626610434996
24.4 390889497804 0.17909423682903086
24.42 390889389798 0.17907221642708493
24.44 390889181994 0.17910200142277743
24.46 390889228838 0.1791253676947708
24.48 390889119728 0.17915949233989395
24.5 390889074556 0.1791333326037369
24.52 390889245548 0.17914481614485733
24.54 390889320210 0.179153316786954
24.56 390889573624 0.17917657238303522
24.58 390889540166 0.1792077359276174
24.6 390889475996 0.1791776355127891
24.62 390889416838 0.17916189575917144
24.64 390889322332 0.17917576399597607
24.66 390889283994 0.17917274236195313
24.68 390889190156 0.17918760658731553
24.7 390889355534 0.17914034076319899
24.72 390889234966 0.1791407543993539
24.74 390889360082 0.17913641543412365
24.76 390889126934 0.17910681710834397
24.78 390889102402 0.1791158023739355
24.8 390888953718 0.17908413008900156
24.82 390889208268 0.17909092306261767
24.84 390889225170 0.17907412167301623
24.86 390889249912 0.17908563434117772
24.88 390889267220 0.17911729136566307
24.9 390889184010 0.17914057904154634
24.92 390889011896 0.17911385356417003
24.94 390889014520 0.17911810971196504
24.96 390889096528 0.17911984228911107
24.98 390889100648 0.1791113161543749
25.0 390888995216 0.179079097055613
25.02 390888932218 0.17906665124530907
25.04 390889117134 0.17903692950700045
25.06 390889187448 0.17904190150181196
25.08 390889189520 0.1790791093153115
25.1 390889265254 0.17907579467602522
25.12 390889138658 0.17908343884546007
25.14 390889258268 0.17910055434936928
25.16 390889441870 0.1791212262462144
25.18 390889471096 0.17909119239554822
25.2 390889437380 0.17902897957173156
25.22 390889400350 0.17903108496611506
25.24 390889368066 0.17906181297149876
25.26 390889405442 0.17906771410175268
25.28 390889461878 0.17911622998736887
25.3 390889377886 0.1791221180754388
25.32 390889277134 0.17913769070161456
25.34 390889190012 0.17915611016933336
25.36 390889228598 0.17916202195811537
25.38 390889047408 0.17916778946099554
25.4 390888917448 0.1791936036677766
25.42 390889153044 0.17918518889188575
25.44 390889270248 0.1792017614319844
25.46 390889329854 0.17919619298402906
25.48 390889374126 0.17918039085508136
25.5 390889379860 0.17919367013939158
25.52 390889455728 0.17918765689222055
25.54 390889395246 0.17922499541154197
25.56 390889507248 0.1792011912336105
25.58 390889599706 0.17920359332216426
25.6 390889536924 0.17920893517595843
25.62 390889503582 0.17919819342466292
25.64 390889423808 0.1792329384731961
25.66 390889301754 0.17923124833619983
25.68 390889112406 0.1792742387535925
25.7 390889047112 0.17927334327242891
25.72 390889168008 0.1792220790682143
25.74 390889014836 0.17923460456793622
25.76 390888963548 0.17920502275899935
25.78 390889028484 0.17916907069176247
25.8 390889000478 0.17919591269464005
25.82 390889037642 0.17920965312385823
25.84 390889048818 0.17920608526514425
25.86 390889189872 0.1791755290961579
25.88 390889269324 0.1791779587997297
25.9 390889264618 0.1792187330347472
25.92 390889340746 0.17920480593984872
25.94 390889507958 0.17921045160886237
25.96 390889626252 0.17918531401800447
25.98 390889719162 0.17917494542753482
26.0 390889769838 0.17916003505567768
26.02 390889849610 0.17914505752259818
26.04 390889875730 0.1791340789777606
26.06 390889750844 0.1791076229782454
26.08 390889569986 0.17915172553600744
26.1 390889625552 0.1791361984803345
26.12 390889570338 0.17916023360662153
26.14 390889666744 0.17916192161137065
26.16 390889643492 0.17913496731117048
26.18 390889498184 0.17912365102440736
26.2 390889385482 0.17909815358776215
26.22 390889382962 0.17904907815397997
26.24 390889297362 0.17906224330368656
26.26 390889263160 0.17908717865618518
26.28 390889129720 0.1790838678100073
26.3 390889043670 0.17906285813546138
26.32 390888930822 0.1790794623563992
26.34 390888937750 0.17906250107385568
26.36 390888618730 0.17906608005538957
26.38 390888753952 0.17906588667696635
26.4 390888916472 0.1791043100270917
26.42 390888927680 0.17909609871002388
26.44 390888854528 0.1790692598648161
26.46 390888860062 0.17902356555469068
26.48 390888967104 0.17905714117148847
26.5 390889000590 0.1790343506889812
26.52 390888856986 0.1790436735924123
26.54 390889036182 0.1790881413008925
26.56 390889194760 0.17910993823310103
26.58 390889170302 0.17906567595392947
26.6 390889313718 0.17900206388666112
26.62 390889417672 0.17902416356356815
26.64 390889478988 0.17904803370468356
26.66 390889322074 0.17906544903681632
26.68 390889481204 0.17909071770882373
26.7 390889262988 0.17906675365109168
26.72 390889268218 0.17912473920035793
26.74 390889078822 0.17916893176282134
26.76 390888932916 0.1791559447391159
26.78 390888988824 0.17916656761892288
26.8 390889042416 0.1791493344116653
26.82 390889238910 0.17914873307258922
26.84 390889179888 0.17920215082488716
26.86 390889512212 0.17918385238314907
26.88 390889624258 0.17917359962555945
26.9 390889640270 0.17918994888841175
26.92 390889824262 0.17923584146046817
26.94 390889617760 0.17923963884221816
26.96 390889555244 0.17926825230050134
26.98 390889729424 0.17922444111063052
27.0 390889749844 0.17923952268600885
27.02 390889794780 0.17924130303883334
27.04 390889605172 0.1792478689523318
27.06 390889745754 0.17928022959164824
27.08 390889836706 0.17924721097274388
27.1 390889794246 0.179206424780007
27.12 390889928584 0.17919713455373149
27.14 390889955666 0.17916967081454924
27.16 390889841794 0.1791944456435698
27.18 390890015066 0.17924369378390248
27.2 390890202356 0.1792152866275148
27.22 390890247700 0.179160267432838
27.24 390890251932 0.17915537001572138
27.26 390890018716 0.17914096614366604
27.28 390890134080 0.17911309357519528
27.3 390890206808 0.17912689092426265
27.32 390890188822 0.17906506230813152
27.34 390890157162 0.179040747514674
27.36 390890240280 0.1790641005397638
27.38 390890104092 0.17907537731172457
27.4 390890245402 0.17908143916770197
27.42 390890329746 0.1791246315010178
27.44 390890406568 0.17911869010102724
27.46 390890237102 0.17911129763394423
27.48 390890218124 0.1791363869844539
27.5 390890166352 0.17916597044538218
27.52 390890370394 0.17912350585827458
27.54 390890434206 0.17907063504744172
27.56 390890300796 0.17910662863129387
27.58 390890592696 0.17907339210225953
27.6 390890458164 0.17903264996338358
27.62 390890470156 0.17904736391661683
27.64 390890399032 0.17904928553914243
27.66 390890555530 0.17905893062215472
27.68 390890592080 0.17905606188006598
27.7 390890773116 0.1790037481204574
27.72 390890477924 0.17903172028544775
27.74 390890451354 0.17902676013110766
27.76 390890571720 0.17903920325556288
27.78 390890590446 0.17900230037628012
27.8 390890495156 0.17899559861355738
27.82 390890437496 0.1790285859536053
27.84 390890341492 0.17903898063368742
27.86 390890222388 0.17902641724439222
27.88 390890116046 0.1790750433252972
27.9 390889891310 0.17901695669864975
27.92 390889769840 0.1790196269709066
27.94 390889770380 0.17903439623820025
27.96 390889765236 0.1789724362504606
27.98 390889783388 0.1789824372515404
28.0 390889728128 0.17899824572944212
28.02 390889507056 0.17897633863522644
28.04 390889583778 0.17897710848076326
28.06 390889676186 0.1790222409793526
28.08 390889436952 0.17904085970991157
28.1 390889442024 0.17901418019173598
28.12 390889347484 0.1790369400362571
28.14 390889371442 0.1790671504536132
28.16 390889295346 0.17904965674221754
28.18 390889153072 0.17905638932690945
28.2 390889275028 0.1790500206332858
28.22 390889390754 0.17904326386944666
28.24 390889435500 0.1790568583757327
28.26 390889393058 0.1790371945714056
28.28 390889262542 0.17906480810468225
28.3 390889335254 0.1790981288492605
28.32 390889305632 0.1791138311277033
28.34 390889389106 0.1791184877167537
28.36 390889482952 0.17913225338581518
28.38 390889561724 0.1791670328811426
28.4 390889578774 0.17917550392561132
28.42 390889635282 0.1791440097867807
28.44 390889595610 0.17915536539050209
28.46 390889747196 0.1791550551048601
28.48 390889714268 0.17913066952534076
28.5 390889834866 0.17913174601252121
28.52 390889817860 0.17916539380741764
28.54 390890038036 0.17912224042926175
28.56 390890342470 0.17911032107834352
28.58 390890182244 0.17912516369804868
28.6 390890037412 0.17913040994731277
28.62 390889831146 0.1791199715939215
28.64 390889746552 0.17909842344492533
28.66 390889979940 0.17909531231462472
28.68 390890092950 0.17911891671800168
28.7 390889950588 0.17910508879381473
28.72 390889893158 0.1790973524261767
28.74 390889958416 0.17907775342076473
28.76 390890114518 0.17905727100475616
28.78 390890038434 0.17904309517452593
28.8 390889921268 0.17903904739845475
28.82 390890053122 0.17905382857772895
28.84 390889880640 0.1790683497104862
28.86 390889911148 0.1790664099141931
28.88 390889988830 0.17907206030470704
28.9 390890084556 0.17911070429623574
28.92 390890438082 0.1791309874349887
28.94 390890427188 0.1791282519569972
28.96 390890519294 0.17916115315010747
28.98 390890221250 0.17915357939614535
29.0 390890252496 0.17912933598351108
29.02 390890367076 0.17913251417143888
29.04 390890588428 0.17912785204773235
29.06 390890525606 0.1791498366297005
29.08 390890554552 0.17916570175600857
29.1 390890589858 0.1791373281340678
29.12 390890531188 0.17912147379435298
29.14 390890339450 0.17914045935145317
29.16 390890475342 0.1791293767271164
29.18 390890438850 0.17912942049331493
29.2 390890461442 0.17922626150516213
29.22 390890583006 0.1791845061330171
29.24 390890349940 0.17912991785029167
29.26 390890219794 0.1791241342918341
29.28 390890047162 0.1790979495946947
29.3 390890133882 0.17910565736638442
29.32 390889974480 0.1791149843180079
29.34 390890114542 0.179124784457655
29.36 390889998474 0.17914641765884648
29.38 390889858688 0.1791535564454883
29.4 390889915264 0.17915132915506493
29.42 390889792922 0.17916076102597345
29.44 390889557664 0.17921465918487678
29.46 390889540932 0.17919051774553077
29.48 390889657130 0.17920039553924608
29.5 390889621158 0.17923213571119914
29.52 390889745338 0.17923098308222374
29.54 390889755624 0.1791889673520774
29.56 390889804154 0.1792087118135496
29.58 390889680926 0.1792707271972061
29.6 390889726628 0.1792683614572123
29.62 390889663470 0.17925652187169283
29.64 390889705040 0.17930034391078714
29.66 390889454564 0.1792168778401839
29.68 390889332378 0.17926998089400875
29.7 390889274548 0.17927171582647206
29.72 390889313014 0.1792553987661777
29.74 390889163794 0.17927838644038852
29.76 390888970208 0.17924545640453393
29.78 390888859278 0.1792513152548392
29.8 390888624584 0.17928066983132163
29.82 390888689902 0.179264067239468
29.84 390888697370 0.1793022975668908
29.86 390888714290 0.17927905346951922
29.88 390888722020 0.17928237744390282
29.9 390888853196 0.17928997405831104
29.92 390888613394 0.17925067254755578
29.94 390888690428 0.17925952563252984
29.96 390888563568 0.17924317044193522
