0.0 550619987132 0.1732350723359806
0.02 544849442506 0.17375938649916423
0.04 539302831422 0.17425286340332835
0.06 533970931028 0.17467819898127815
0.08 528844411774 0.17500028536133272
0.1 523914581258 0.17533412698265768
0.12 519173234500 0.17560171256704554
0.14 514612178024 0.17586143179758792
0.16 510224163324 0.17607715231029755
0.18 506002297568 0.17630116523059544
0.2 501939027000 0.1764588536500641
0.22 498028424986 0.17662175822683202
0.24 494263965046 0.17675056528030492
0.26 490639706164 0.17682828572078943
0.28 487150177300 0.176933455692329
0.3 483789717614 0.177074618740174
0.32 480553263070 0.1771433645068758
0.34 477435957986 0.1771828760781056
0.36 474433035858 0.17722255582677515
0.38 471540015100 0.17728023985725205
0.4 468752712924 0.17727398863423077
0.42 466066533258 0.17733476532901943
0.44 463478121648 0.17736608837969464
0.46 460983532898 0.17736263385841936
0.48 458578921514 0.17738027847660578
0.5 456261062566 0.17744609495417943
0.52 454026567058 0.17746177126161636
0.54 451872517470 0.17748729079279515
0.56 449795369060 0.17748171812026547
0.58 447792141198 0.17750987267341262
0.6 445860728560 0.17753097225258171
0.62 443997846950 0.17751018939230295
0.64 442201115748 0.17752131756774064
0.66 440467843146 0.1775183215909088
0.68 438795932396 0.17757545464099606
0.7 437182952006 0.17758314503111217
0.72 435626890126 0.1776160130594062
0.74 434125473836 0.17761898631852566
0.76 432676600164 0.17761226327518512
0.78 431278329858 0.17764865186374373
0.8 429929279220 0.17766039216465415
0.82 428627066316 0.17770545243828673
0.84 427370100634 0.17773032530506266
0.86 426157155964 0.1777551229966114
0.88 424985978062 0.17776642574025855
0.9 423855612702 0.17779911771860646
0.92 422764205472 0.17778507267523985
0.94 421710685166 0.1777953582990022
0.96 420693187832 0.1778057594693237
0.98 419710818200 0.17780031238078656
1.0 418762576016 0.17780401024356457
1.02 417846634786 0.17779939726469626
1.04 416962194938 0.17783560631463335
1.06 416108067360 0.1778355013748582
1.08 415282974860 0.17784547178880944
1.1 414486000970 0.1779332038279966
1.12 413716231946 0.17791259672742935
1.14 412972657052 0.17794888011666432
1.16 412254446072 0.17796405406606183
1.18 411560634716 0.17800480610607355
1.2 410890325714 0.1780307904343064
1.22 410242492498 0.17805425656956325
1.24 409616872038 0.1780665810393562
1.26 409012376664 0.17812816751424992
1.28 408428019172 0.17812004551926047
1.3 407863664128 0.17817472245008228
1.32 407318032888 0.17814015316458354
1.34 406790645952 0.17817872888423672
1.36 406281097516 0.17823052414324989
1.38 405788473224 0.17821381820789534
1.4 405312500158 0.17823908957165246
1.42 404852460170 0.17826295319333324
1.44 404407662608 0.17828291990516792
1.46 403977783610 0.17832144340395262
1.48 403562352790 0.17834919291138623
1.5 403160502372 0.17830649758675549
1.52 402771848500 0.17831044342142938
1.54 402396146350 0.17835357703104637
1.56 402033109742 0.1783703510730656
1.58 401681653842 0.1783935764223795
1.6 401342126886 0.178431307803897
1.62 401013888756 0.1784119938116209
1.64 400696420238 0.17841907136590063
1.66 400389434330 0.17841242979590505
1.68 400092639502 0.17842994365634465
1.7 399805236890 0.17841869386387435
1.72 399527348236 0.17846304629891568
1.74 399258728568 0.17843125466783966
1.76 398998516314 0.1784226847403014
1.78 398747217358 0.17841118778655077
1.8 398503773964 0.17840568517821792
1.82 398268542482 0.17841653088239265
1.84 398040936406 0.1784367077419545
1.86 397820716744 0.17844582363967995
1.88 397607658508 0.17846995795343215
1.9 397401475418 0.17854209118050363
1.92 397201892832 0.1785516436744412
1.94 397008942918 0.17859857958476993
1.96 396822126668 0.17862325141663143
1.98 396641215394 0.17864595379529835
2.0 396466352094 0.17863579652836406
2.02 396297071746 0.1786234369512394
2.04 396133238798 0.17862620689706418
2.06 395974305238 0.17865168035021028
2.08 395820609940 0.17869776540750087
2.1 395671706316 0.17871638383389485
2.12 395527744230 0.17872286862487974
2.14 395388519606 0.17869113840966205
2.16 395253735732 0.1787077653444178
2.18 395123026984 0.1787629225528673
2.2 394996564900 0.1787763290892807
2.22 394874155160 0.17875813666482446
2.24 394755498760 0.17875718771519397
2.26 394640852196 0.17872694455175933
2.28 394529649458 0.1787373224350704
2.3 394421821104 0.17875458142644401
2.32 394317659504 0.17876740928418075
2.34 394216443502 0.17879702961710492
2.36 394118528188 0.17885309442814704
2.38 394023714354 0.17884831107557533
2.4 393931794580 0.1787962447068656
2.42 393842715178 0.17883281268769866
2.44 393756575270 0.17882268588031747
2.46 393673348604 0.17881383071715065
2.48 393592563090 0.1788691476740888
2.5 393514280324 0.17887248154404634
2.52 393438190458 0.17892049988972916
2.54 393364475606 0.17892397352639594
2.56 393293101714 0.17892064269650504
2.58 393224113408 0.1789638578334689
2.6 393156866010 0.17901994598686982
2.62 393091676526 0.17903732439309894
2.64 393028940694 0.17904590998711442
2.66 392968115312 0.17899831594187007
2.68 392908965372 0.17898169860453478
2.7 392851585670 0.17900265189586048
2.72 392796328114 0.17899491191179426
2.74 392742659522 0.17902213604063058
2.76 392690341540 0.17898623173351916
2.78 392639749196 0.17901720666041068
2.8 392590579170 0.17898308731509283
2.82 392543275570 0.1789419735195088
2.84 392496894806 0.1789475462922592
2.86 392452219060 0.17891618762528305
2.88 392408964106 0.17893662099858418
2.9 392366853758 0.17893579519044156
2.92 392326107340 0.17895976832911475
2.94 392286502998 0.1789559873815213
2.96 392247958310 0.17894192771911513
2.98 392210363044 0.17894765898971254
3.0 392174199840 0.1789376254281785
3.02 392139410576 0.17890594393786363
3.04 392105240072 0.17893285263421627
3.06 392072303532 0.17892795933367744
3.08 392040244492 0.17888777261453448
3.1 392009130396 0.17893345620094697
3.12 391979034202 0.17892400253965912
3.14 391949792134 0.17894243228834467
3.16 391921614530 0.17894949894713008
3.18 391893957576 0.1789627739080019
3.2 391867002204 0.17897276140897056
3.22 391841006900 0.17895754127216204
3.24 391815528050 0.17896006087991817
3.26 391790868838 0.1789607050676941
3.28 391767055832 0.17896183459169354
3.3 391744038512 0.17896623157245778
3.32 391721638018 0.17896300061262216
3.34 391699735082 0.17897481297311127
3.36 391678525152 0.17896282022791343
3.38 391657827550 0.17897085658817444
3.4 391637613496 0.17896919390993563
3.42 391618334888 0.1789529167527944
3.44 391599678282 0.17893889886321312
3.46 391581321360 0.17898535615990782
3.48 391563662160 0.17898986947901913
3.5 391546455462 0.17901880531388778
3.52 391529695796 0.17901033314203868
3.54 391513380906 0.17899077005728645
3.56 391497549396 0.17900164938191743
3.58 391481918526 0.17899020536830848
3.6 391466934692 0.17900034773175433
3.62 391452368770 0.1790207821529874
3.64 391438218252 0.17903783626166514
3.66 391424505532 0.17902049708084286
3.68 391410987388 0.17905969507966996
3.7 391397956312 0.17906654155762927
3.72 391385364920 0.17908658532004854
3.74 391373232306 0.17911568300828073
3.76 391361434662 0.17913283850201275
3.78 391349876842 0.17918734911852244
3.8 391338577512 0.1791693627799488
3.82 391327606386 0.1791215572989859
3.84 391316948520 0.1790769562006664
3.86 391306473678 0.17906748213161525
3.88 391296416086 0.1790841589509116
3.9 391286506550 0.1791068816681894
3.92 391277072156 0.17910017037168324
3.94 391267622164 0.1790806253479886
3.96 391258530146 0.17907072647163566
3.98 391249735682 0.1791084810972659
4.0 391241220690 0.1790906103315359
4.02 391232884078 0.17915378283655992
4.04 391224864098 0.17914753142045198
4.06 391216887606 0.17912220607365803
4.08 391208891478 0.17914185926530882
4.1 391201468336 0.17912109909430113
4.12 391194075026 0.17913638414087216
4.14 391186808978 0.17911329050934613
4.16 391179741580 0.17912167097811882
4.18 391173144922 0.1791256253102157
4.2 391166656556 0.17908428940240442
4.22 391160371628 0.17905502585404698
4.24 391154226576 0.1790324556552943
4.26 391148328772 0.17902347319252482
4.28 391142531724 0.17903131395029406
4.3 391136725324 0.1790920698875336
4.32 391130996118 0.179082152941773
4.34 391125643582 0.17907844098351183
4.36 391120451634 0.1790866837619148
4.38 391115262534 0.1790824502794193
4.4 391110140612 0.1790664602108559
4.42 391105150554 0.17905596889953052
4.44 391100583942 0.17901980268403256
4.46 391095697650 0.17895767370835913
4.48 391091136598 0.17894650444306429
4.5 391086739216 0.17897481509712487
4.52 391082586756 0.17898212827268284
4.54 391078304168 0.1790367845125067
4.56 391074171842 0.179046433116385
4.58 391070073602 0.17898904979614466
4.6 391065759444 0.1790338754101044
4.62 391062044094 0.17906436995174235
4.64 391058346826 0.17908710308966536
4.66 391054772464 0.17913741859267585
4.68 391051317712 0.17915399830513434
4.7 391047832712 0.17912347561218656
4.72 391044347586 0.17912240855955106
4.74 391041243070 0.1791283049262891
4.76 391037940470 0.1791598343986446
4.78 391034860488 0.17915075190984137
4.8 391031803844 0.17917523045036785
4.82 391028660196 0.1791452407783325
4.84 391025663232 0.17915500531788975
4.86 391022674210 0.17919866566540518
4.88 391019709322 0.17921663515624173
4.9 391016746756 0.1791548596189011
4.92 391014216280 0.17912714571577826
4.94 391011622126 0.17907965873693016
4.96 391009146020 0.17907275668200642
4.98 391006737978 0.1790520301678064
5.0 391004306820 0.17906548852344573
5.02 391001975400 0.1790982523272442
5.04 390999651658 0.17911251490014862
5.06 390997326022 0.17910021067252196
5.08 390994987700 0.17912441177921737
5.1 390992769356 0.17912707322814253
5.12 390990561360 0.17915958638252538
5.14 390988505728 0.1791808439829829
5.16 390986602836 0.1792023820154029
5.18 390984669936 0.17921425409807223
5.2 390982730036 0.17921820345528816
5.22 390980797380 0.17922472060211544
5.24 390979062690 0.17925173882138828
5.26 390977111196 0.17927134127776567
5.28 390975264546 0.17926708950566497
5.3 390973800458 0.17926845280323295
5.32 390972173870 0.1792468392752806
5.34 390970575318 0.1792470302690749
5.36 390968972386 0.17921997785488583
5.38 390967411238 0.17924690819476355
5.4 390965793248 0.17926032864853375
5.42 390964165838 0.17924878651187676
5.44 390962562212 0.17921922391204284
5.46 390961170306 0.1791613439868405
5.48 390959871324 0.1791318626683488
5.5 390958709976 0.1791034341911545
5.52 390957397942 0.17908949109952838
5.54 390956192440 0.17905514594269234
5.56 390955012412 0.17910981891397093
5.58 390953750948 0.17911052287705842
5.6 390952705012 0.1791464523979072
5.62 390951551256 0.17910817368872348
5.64 390950221682 0.17908887570387655
5.66 390949007104 0.1790592621764913
5.68 390947748868 0.1790897886102243
5.7 390946775334 0.1791250969244136
5.72 390945459546 0.1790927295818755
5.74 390944366006 0.17911417616726613
5.76 390943264544 0.17911674931098
5.78 390941986224 0.17911260718583777
5.8 390940805536 0.1790796818690585
5.82 390940053290 0.1790489658942227
5.84 390939000864 0.17907265308719672
5.86 390938084964 0.17902410924068818
5.88 390937133668 0.17903481774068325
5.9 390936304416 0.1790636697262601
5.92 390935447432 0.1790917439503577
5.94 390934708058 0.1790877393554552
5.96 390933962454 0.17906201589287582
5.98 390933046412 0.1790753513952564
6.0 390932515206 0.17909660160745894
6.02 390932032718 0.17913451434095937
6.04 390931371204 0.17912157183169308
6.06 390930624414 0.17908683706468614
6.08 390930067048 0.17907803642021225
6.1 390929542498 0.17904653159726014
6.12 390928630702 0.17904138332008784
6.14 390927870382 0.1789982448132747
6.16 390927161646 0.17895809406714774
6.18 390926339774 0.1789774480289284
6.2 390925751474 0.17902338409297774
6.22 390925199626 0.17900136295824598
6.24 390924458702 0.17902657317672782
6.26 390923788356 0.17897333793185355
6.28 390923193226 0.17898464570508157
6.3 390922311184 0.17897332526384002
6.32 390921701610 0.17900096463373194
6.34 390921347066 0.17898457542823687
6.36 390920478314 0.17900385807684974
6.38 390919662076 0.17897312396699627
6.4 390919093318 0.17901762238308994
6.42 390918685508 0.1790150152967575
6.44 390918013286 0.1790227889861623
6.46 390917627552 0.179023678176761
6.48 390917086760 0.1790202982001325
6.5 390916610722 0.17899391752209276
6.52 390916128506 0.17900620835323217
6.54 390915661426 0.17903267789711755
6.56 390915369484 0.17904285094575623
6.58 390914975944 0.17903751093286618
6.6 390914585602 0.17899633251718866
6.62 390913908164 0.1789965439300027
6.64 390913450380 0.17900063112774808
6.66 390912895960 0.17902505655265755
6.68 390912481572 0.17902680168321922
6.7 390912084334 0.17901715202204643
6.72 390911549952 0.17899685355288203
6.74 390911204114 0.17899998521265176
6.76 390910834054 0.1789754593321498
6.78 390910533688 0.17899621922724643
6.8 390909997388 0.1789837412629575
6.82 390909833216 0.17895714093743198
6.84 390909328748 0.17899018763524172
6.86 390908908954 0.1790134443130604
6.88 390908672542 0.1790043614791623
6.9 390908365780 0.17903079149085438
6.92 390908423026 0.17903414386105138
6.94 390908063148 0.17898200601001837
6.96 390907878222 0.17902017674964762
6.98 390907345024 0.1790187771674841
7.0 390907056304 0.17904376324899166
7.02 390906650518 0.17904484919841623
7.04 390906406800 0.17904837440310525
7.06 390906084624 0.17904851531999974
7.08 390905866580 0.17900073038305114
7.1 390905482580 0.1790095831117285
7.12 390905340650 0.17900377681765045
7.14 390905116372 0.1790092566655055
7.16 390904903240 0.1789978605230339
7.18 390904745398 0.1790188632436342
7.2 390904823366 0.17905333461340378
7.22 390904602394 0.17909877455514445
7.24 390904212044 0.1790911210291268
7.26 390903823204 0.17910518698917838
7.28 390903716172 0.17907901059142223
7.3 390903142518 0.1790506197200375
7.32 390902902712 0.17906105204627426
7.34 390902602120 0.17905984564309468
7.36 390902430446 0.17900348177344444
7.38 390902176052 0.17901288103121543
7.4 390901963714 0.17903279816638534
7.42 390901753568 0.17900129013324925
7.44 390901711702 0.17903384352266863
7.46 390901683312 0.1790722533688275
7.48 390901498014 0.17909782421804382
7.5 390901199694 0.17909331306072201
7.52 390901005458 0.1790914916733689
7.54 390900859910 0.17910835514727627
7.56 390900523568 0.17917820790791375
7.58 390900284000 0.17915260305892344
7.6 390900156640 0.17916356020323518
7.62 390899976892 0.17916859403017762
7.64 390899773334 0.17919472328222072
7.66 390899712414 0.17919436276273548
7.68 390899357188 0.17918734836653316
7.7 390899143726 0.1791991685416592
7.72 390899060534 0.1792096758985881
7.74 390898710590 0.17916326710562835
7.76 390898725602 0.17912949330930844
7.78 390898568346 0.17911150610295665
7.8 390898536530 0.17912539831990956
7.82 390898220486 0.17913719715153154
7.84 390897972776 0.17911242847552883
7.86 390897899360 0.17911657749854767
7.88 390897805544 0.17913501860648484
7.9 390897595262 0.17913733505205795
7.92 390897400486 0.17914549281384892
7.94 390897476988 0.17912610726103442
7.96 390897415368 0.1791039001430781
7.98 390897340178 0.1790780339855486
8.0 390897013934 0.17905890273303532
8.02 390896953158 0.17903890990739385
8.04 390896810976 0.17906370861113
8.06 390896549548 0.17911242953680712
8.08 390896277602 0.17914041402490546
8.1 390896325250 0.17913864702725596
8.12 390896146922 0.17911867939314194
8.14 390896117252 0.17909723641137876
8.16 390896412918 0.17907365643964918
8.18 390896208688 0.1790963337832237
8.2 390896126656 0.1791320953338182
8.22 390895904628 0.17912672164924856
8.24 390895779950 0.17917766772395158
8.26 390895487072 0.17914892392493875
8.28 390895102550 0.1791490073936887
8.3 390894835790 0.17913235703520436
8.32 390894885004 0.1791518441266302
8.34 390894958982 0.1791579191799505
8.36 390894786642 0.17914626757661728
8.38 390894730118 0.17913177963605267
8.4 390894552658 0.17914408038923926
8.42 390894323988 0.17913517578033633
8.44 390894555170 0.17912986716443624
8.46 390894597486 0.17907491441999196
8.48 390894630882 0.17910674682873323
8.5 390894582944 0.17915853402011073
8.52 390894532480 0.17912182006191
8.54 390894503318 0.1791596163231234
8.56 390894377818 0.1791605690871635
8.58 390894472730 0.17917069724302778
8.6 390894516900 0.17920981256083324
8.62 390894500630 0.1791357337060323
8.64 390894422946 0.17909835103497693
8.66 390894386260 0.17914204508509582
8.68 390894394130 0.17914497747216082
8.7 390894069338 0.1791897702466677
8.72 390894225826 0.17924826258072504
8.74 390893937206 0.1792051741246149
8.76 390894063258 0.1792283926925891
8.78 390894044048 0.17925443858682782
8.8 390894142656 0.1792284679100967
8.82 390893941484 0.1792228082695266
8.84 390893759150 0.17924310074955918
8.86 390893671692 0.17918113289829724
8.88 390893406928 0.17921346584189426
8.9 390893294104 0.1791702231691941
8.92 390893396326 0.17914241683109883
8.94 390893502378 0.17911182591828995
8.96 390893511994 0.17909538141570802
8.98 390893125022 0.179043584259209
9.0 390893103892 0.1790525659051951
9.02 390893127294 0.17910327586078842
9.04 390893054464 0.1790606070671139
9.06 390892838860 0.17903826916776255
9.08 390892899956 0.1790507105415574
9.1 390892721576 0.17908016250901873
9.12 390892492446 0.17907071299624733
9.14 390892545766 0.17906337672879072
9.16 390892602452 0.1790711458514029
9.18 390892691308 0.17904839161810784
9.2 390892526540 0.1790491802143011
9.22 390892622694 0.1790424698643534
9.24 390892627702 0.17900162938371655
9.26 390892533352 0.17903163400469202
9.28 390892460336 0.179032736778778
9.3 390892268514 0.17904589908064353
9.32 390892285024 0.17901651020237447
9.34 390892296232 0.17904239022030322
9.36 390892457776 0.17904144139264305
9.38 390892262110 0.17904230174928015
9.4 390892071134 0.1790610014085511
9.42 390891918214 0.17910349064202882
9.44 390891637858 0.17912007099972088
9.46 390891551566 0.17913890521455136
9.48 390891534274 0.1791600855527768
9.5 390891450720 0.1791220878359144
9.52 390891527230 0.1791009574300372
9.54 390891567868 0.17910431655466566
9.56 390891402708 0.17912964645068805
9.58 390891269208 0.17908237020949822
9.6 390891112174 0.17906634929652948
9.62 390890863630 0.17906730225403927
9.64 390890601716 0.17907543561829142
9.66 390890631660 0.1791140939728459
9.68 390890358818 0.17908360512548066
9.7 390890276358 0.1790876784541693
9.72 390890071644 0.17908716118089513
9.74 390890052638 0.179065491221005
9.76 390890093866 0.17908691272805355
9.78 390890267594 0.17910957120599713
9.8 390890295924 0.17904974776095656
9.82 390890313052 0.1791048214196832
9.84 390890211810 0.17911894163538494
9.86 390890175832 0.17911035825553143
9.88 390890095684 0.17910005900399098
9.9 390889983918 0.17906300089693838
9.92 390890128124 0.17905640228259306
9.94 390890294738 0.17906777219770525
9.96 390890363366 0.1790892329627646
9.98 390890297444 0.17908797220548656
10.0 390890194246 0.17904347141561366
10.02 390890099760 0.17905785112428688
10.04 390889953760 0.17906584841979098
10.06 390889982852 0.17905614882879356
10.08 390889888756 0.17902598241732154
10.1 390889695098 0.1790035127236836
10.12 390889764114 0.17900184640160346
10.14 390889520634 0.17900987111862493
10.16 390889598012 0.1789957528987433
10.18 390889397968 0.17900069142545488
10.2 390889512948 0.1790020636454104
10.22 390889611332 0.17900255060122272
10.24 390889574174 0.17900490250971351
10.26 390889464918 0.1789846402096072
10.28 390889725862 0.17894247937454139
10.3 390889738666 0.17894203479097104
10.32 390889919624 0.17894623567026618
10.34 390889894502 0.1789847959726224
10.36 390889967226 0.17899786349191343
10.38 390889943462 0.17905950462823297
10.4 390889953994 0.17905396055405737
10.42 390889870408 0.17908477087669392
10.44 390889733434 0.17905278148174933
10.46 390889825472 0.1790785678083029
10.48 390889972254 0.17908129951748153
10.5 390889999528 0.17914446866850203
10.52 390889794462 0.17917808830802978
10.54 390889911742 0.17914394452703453
10.56 390889866346 0.1791016876446938
10.58 390889688262 0.17914555751899328
10.6 390889591554 0.17912066813828742
10.62 390889554404 0.17918705892046355
10.64 390889485732 0.179163064195981
10.66 390889316542 0.17915229908516622
10.68 390889159468 0.17914362982871485
10.7 390889077516 0.179152758810519
10.72 390889380944 0.1791678043958263
10.74 390889020218 0.17915230558129486
10.76 390889150298 0.17915317268572664
10.78 390889118406 0.17916938030826554
10.8 390889103086 0.17916642765072827
10.82 390889390968 0.1791791361506919
10.84 390889225336 0.17919961326874545
10.86 390889065726 0.17918989168213623
10.88 390889091778 0.17916054022150374
10.9 390889212454 0.17915808699990005
10.92 390889311686 0.17913484221544185
10.94 390889086374 0.17917432977688472
10.96 390888927846 0.17918294250590097
10.98 390888934446 0.17914867075529406
11.0 390888848476 0.17913913556779607
11.02 390888777318 0.1791878245428979
11.04 390888600800 0.17916936574320694
11.06 390888592460 0.17913332759270678
11.08 390888819988 0.17914841708143167
11.1 390888582370 0.17911386131833806
11.12 390888622382 0.17910423525907077
11.14 390888672756 0.17910620788123055
11.16 390888848620 0.1791031464460616
11.18 390888904788 0.17906620861061126
11.2 390889074872 0.17908799270001385
11.22 390889111778 0.17906019287055086
11.24 390889010356 0.179052659113758
11.26 390888515908 0.17906359314168524
11.28 390888416234 0.17907066863587517
11.3 390888456126 0.17905543893790957
11.32 390888514370 0.17902586905342194
11.34 390888477894 0.1790333311021738
11.36 390888469420 0.17906026700370548
11.38 390888513098 0.17903936272522628
11.4 390888644108 0.1790575361027309
11.42 390888668960 0.17909464504669959
11.44 390888491578 0.17906427835325223
11.46 390888819776 0.17905488282086496
11.48 390888956664 0.17907618529437877
11.5 390888759724 0.17905085586089795
11.52 390888772988 0.1790172761500694
11.54 390888743510 0.17905437538432264
11.56 390888728516 0.17901809223727919
11.58 390888696018 0.17898850497523872
11.6 390888594582 0.1790591712362274
11.62 390888639054 0.17902286068050832
11.64 390888222744 0.1789901511601319
11.66 390887929242 0.1790131032048722
11.68 390888010098 0.17902058848809962
11.7 390887851084 0.17901460044574768
11.72 390887759956 0.17902450062311187
11.74 390887650660 0.17902628726892073
11.76 390887705336 0.17903240269708104
11.78 390887785332 0.17899175722557642
11.8 390887832630 0.17903261549388433
11.82 390887768418 0.1790563092287848
11.84 390887844348 0.17905659425247927
11.86 390888058202 0.1790401677656378
11.88 390888221470 0.17907485558401154
11.9 390888140542 0.1790972984508671
11.92 390888220592 0.1790848023755895
11.94 390888191536 0.17908575264672377
11.96 390888183536 0.17905241397194538
11.98 390888451806 0.17908178037652142
12.0 390888447102 0.17905779047138617
12.02 390888504240 0.179063401594606
12.04 390888448566 0.17905722668878926
12.06 390888429388 0.17904658608293691
12.08 390888425456 0.17902451781530088
12.1 390888375378 0.17903070608415192
12.12 390888422932 0.17905762657215007
12.14 390888524424 0.17909493283737743
12.16 390888520772 0.17913412332543086
12.18 390888624232 0.1791099109497304
12.2 390888690428 0.1790961772581568
12.22 390888693134 0.17913661901706152
12.24 390888535358 0.1791065070957562
12.26 390888395540 0.17908870320030854
12.28 390888327116 0.17910129098957497
12.3 390888381538 0.17909315072086793
12.32 390888469376 0.1791015192477029
12.34 390888374130 0.1790945597083522
12.36 390888249570 0.17907452646536903
12.38 390888151064 0.17907238842614526
12.4 390888195984 0.17910730825460625
12.42 390888180156 0.179121834636689
12.44 390888292634 0.17911592936239779
12.46 390888419512 0.17908846283856014
12.48 390888465978 0.17908042688510364
12.5 390888288872 0.17907759235868878
12.52 390888249964 0.17910824063382125
12.54 390888269332 0.17907585941217885
12.56 390888127756 0.17906463357843164
12.58 390888209932 0.17908204147046533
12.6 390887953380 0.1790603501790049
12.62 390888118036 0.1791011591814068
12.64 390888103040 0.17914037862414445
12.66 390888136396 0.17913743678269886
12.68 390888142446 0.17912257855013863
12.7 390888185360 0.17912808173246894
12.72 390888167630 0.17912042412337598
12.74 390888203528 0.17911707331697288
12.76 390888091106 0.17917187751476926
12.78 390887855558 0.17919668826343724
12.8 390887656234 0.17918500016774222
12.82 390887549950 0.17918923939623027
12.84 390887774824 0.17916504823395538
12.86 390887951462 0.1791094960614659
12.88 390887895126 0.17910418732284317
12.9 390888033852 0.17911580349501297
12.92 390887827104 0.17911819954221075
12.94 390887927472 0.17911709268916348
12.96 390888160670 0.1791042271063332
12.98 390888453364 0.1790692354753358
13.0 390888513114 0.1790809175558219
13.02 390888742142 0.17910284415022623
13.04 390888836054 0.17912239267731325
13.06 390888805556 0.1791198215722462
13.08 390888913708 0.17912891923987267
13.1 390889209882 0.17915138711568554
13.12 390889057450 0.17915550547331688
13.14 390889147862 0.17911037797563303
13.16 390889106772 0.17917493650190314
13.18 390889170796 0.17916010525448461
13.2 390889383046 0.17916034144406467
13.22 390889220448 0.17914522675356617
13.24 390889172896 0.1791478407974606
13.26 390889234844 0.17911345037167523
13.28 390889421100 0.17913354101302897
13.3 390889411336 0.17915706839441425
13.32 390889446272 0.17912312436653055
13.34 390889596754 0.17914629312525102
13.36 390889565156 0.17913179642120333
13.38 390889557896 0.17913059416090274
13.4 390889418680 0.179086946158791
13.42 390889368482 0.17908662701713335
13.44 390889475694 0.17903992268255486
13.46 390889534958 0.1790285878848798
13.48 390889715968 0.17904300294246672
13.5 390889661824 0.17903324514447594
13.52 390889671682 0.17902228760041564
13.54 390889561568 0.17904094618755323
13.56 390889758100 0.17908932374170428
13.58 390889526096 0.17905429204121656
13.6 390889290402 0.1790911687457325
13.62 390889269778 0.1790884283568666
13.64 390889026614 0.17911877458019404
13.66 390889018412 0.17913363668944954
13.68 390888756124 0.1791225921630174
13.7 390889079448 0.1791347083452964
13.72 390888986194 0.17918794936510363
13.74 390888906098 0.17920175989557174
13.76 390888783882 0.17922784949437687
13.78 390888804064 0.1792432675483002
13.8 390888910222 0.17923821995127098
13.82 390888787776 0.1792089856663531
13.84 390888859138 0.1792712453476954
13.86 390888750804 0.17921972485037013
13.88 390888707848 0.17919794492382946
13.9 390888727434 0.17919289900985236
13.92 390888685620 0.1791587889318495
13.94 390888685566 0.1791437690140286
13.96 390888584772 0.17914379007805886
13.98 390888699810 0.17916111545343882
14.0 390888697776 0.1791676987964504
14.02 390888569392 0.17912980972560139
14.04 390888393642 0.17915563126183076
14.06 390888656298 0.17914077323305452
14.08 390888723108 0.17909735668023666
14.1 390888605440 0.17912895477502508
14.12 390888565486 0.17909826629408643
14.14 390888538740 0.17911864208151881
14.16 390888533384 0.17911128229330492
14.18 390888463206 0.17911677510205623
14.2 390888508918 0.1790852229871745
14.22 390888578102 0.17908779933457764
14.24 390888498924 0.17909392374134459
14.26 390888639326 0.17911964692106383
14.28 390888579598 0.17911437829228913
14.3 390888683048 0.17912284488457775
14.32 390888656296 0.1791080224825705
14.34 390888486474 0.17915025890651026
14.36 390888596174 0.17912923505617873
14.38 390888472632 0.17913625649445078
14.4 390888705570 0.17914410445179418
14.42 390888580534 0.17912215408786664
14.44 390888528378 0.1791360946873427
14.46 390888399580 0.1791132362104716
14.48 390888306232 0.17912763631188527
14.5 390888225072 0.17915887601160926
14.52 390888175624 0.17916656586746518
14.54 390888237250 0.17916183126925003
14.56 390888251564 0.17918122716385604
14.58 390888255920 0.1791532278541049
14.6 390888475672 0.17913274590207107
14.62 390888378568 0.17913293383626075
14.64 390888298938 0.17914853601996625
14.66 390888247382 0.17909553734096648
14.68 390888228058 0.1790896449895336
14.7 390888208670 0.17907872199555142
14.72 390888141294 0.17909257330989473
14.74 390888510340 0.17910549081090357
14.76 390888609518 0.179055742300894
14.78 390888695288 0.1791199996858115
14.8 390888656482 0.17910629262767616
14.82 390888607028 0.17907615411468064
14.84 390888430624 0.17908857056693545
14.86 390888543182 0.17909736356260822
14.88 390888404566 0.17911011969682689
14.9 390888302506 0.17910932510038366
14.92 390888415736 0.17911458025527
14.94 390888452594 0.17907411444733376
14.96 390888290562 0.179066015493488
14.98 390888305244 0.17906956418893027
15.0 390888237582 0.17903946032682322
15.02 390888233682 0.1789839447074139
15.04 390888329616 0.17904666534727628
15.06 390888483994 0.1790455818942766
15.08 390888471812 0.17907539907878403
15.1 390888549584 0.17906095129579122
15.12 390888415190 0.1790226210655872
15.14 390888468750 0.17902330827148968
15.16 390888559670 0.17900566693474135
15.18 390888578162 0.17901677260231136
15.2 390888629048 0.17903278199781195
15.22 390888708728 0.17905651719254018
15.24 390888717272 0.17907447411788885
15.26 390888875714 0.17904872663008609
15.28 390889105990 0.1790531112731059
15.3 390889137516 0.1790091656227566
15.32 390888955148 0.17903272005902213
15.34 390889043984 0.1790549968555425
15.36 390888888092 0.17905825029470945
15.38 390888915166 0.17908219309866077
15.4 390889014614 0.17904490838922754
15.42 390889296918 0.17905369889801923
15.44 390889357538 0.17899402218312763
15.46 390889419308 0.17895493822452865
15.48 390889409662 0.17897296157285028
15.5 390889333704 0.1789502148514565
15.52 390889463130 0.17892124474891824
15.54 390889516548 0.17897246724226917
15.56 390889456598 0.1789831629316959
15.58 390889415806 0.1790001215819928
15.6 390889480960 0.17901397347680362
15.62 390889494204 0.1790465792045216
15.64 390889345246 0.17907427466330708
15.66 390889218272 0.17907609172563982
15.68 390889180550 0.17907820404522448
15.7 390889134306 0.1790965606920071
15.72 390889322266 0.17910920605949293
15.74 390889198116 0.1791317045750903
15.76 390889252254 0.1791223684785775
15.78 390889405822 0.17913588471278366
15.8 390889462146 0.17912994616107117
15.82 390889323274 0.17913060928656116
15.84 390889263646 0.1791095835478288
15.86 390889205244 0.17908847884269213
15.88 390889071220 0.17910903287407465
15.9 390889088882 0.17910560976786868
15.92 390889104262 0.17912970163285138
15.94 390889436240 0.17912578428830253
15.96 390889580222 0.17911757037250184
15.98 390889515794 0.17909263668302597
16.0 390889682334 0.1790983601630803
16.02 390889597544 0.17912070555485127
16.04 390889657562 0.17914005647586484
16.06 390889641942 0.17911544019802247
16.08 390889562060 0.17911199275838807
16.1 390889639580 0.1790948579650051
16.12 390889515852 0.1791311191934049
16.14 390889489774 0.17913147631277454
16.16 390889207010 0.17909105579170648
16.18 390888932478 0.17905930074621476
16.2 390888956578 0.17908707115153014
16.22 390888970982 0.17911828632314214
16.24 390889010696 0.17912059825935586
16.26 390889049580 0.1790917606020173
16.28 390888950800 0.17911962844685936
16.3 390888862744 0.17908637101849262
16.32 390889096794 0.17906029873737897
16.34 390889182944 0.1790804081840785
16.36 390889067300 0.1790880844506166
16.38 390889091080 0.17907859233090512
16.4 390889052928 0.17908331016924417
16.42 390889013662 0.17909136545126572
16.44 390889029760 0.17907687200300407
16.46 390889132746 0.17912965150561977
16.48 390889116818 0.17907208068569286
16.5 390888860708 0.1790889128151086
16.52 390888699660 0.1790943642587259
16.54 390888610402 0.17907890122852274
16.56 390888763310 0.17909437456954158
16.58 390888917776 0.1791092211812753
16.6 390889103898 0.17911556505308543
16.62 390889278252 0.179123813643751
16.64 390889211076 0.1791156696388568
16.66 390889352616 0.1791243783588505
16.68 390889262264 0.17912833337034606
16.7 390889382936 0.17915737544282775
16.72 390889504232 0.17916178469772914
16.74 390889625370 0.17918419417033077
16.76 390889817982 0.17912588247186773
16.78 390889901170 0.17912397812823783
16.8 390889923708 0.1791150719334145
16.82 390890072114 0.17914599044119847
16.84 390890126222 0.17918212882475776
16.86 390890171938 0.17921262536781352
16.88 390890068562 0.17918723164672679
16.9 390890022004 0.17919390871748384
16.92 390889880996 0.17923146749662078
16.94 390889829666 0.17922523238293137
16.96 390889848476 0.1792359444355809
16.98 390889929930 0.17921464561278447
17.0 390890079194 0.17918954614101018
17.02 390890277954 0.17918524160663052
17.04 390890173688 0.17915439338674952
17.06 390890091026 0.1791229204210985
17.08 390890255126 0.17915593307150363
17.1 390890158594 0.17913100293525816
17.12 390890298168 0.17916388469129543
17.14 390890310004 0.17913958022850793
17.16 390890163788 0.17910999973569086
17.18 390890138386 0.1791358440826707
17.2 390890084974 0.17910731669892863
17.22 390890018698 0.17904964062176426
17.24 390889925676 0.1790796003498576
17.26 390889890134 0.17907340151944562
17.28 390890001058 0.17910784789125675
17.3 390890194570 0.17908790162120278
17.32 390890310954 0.1790709000690293
17.34 390890336504 0.17901790810479448
17.36 390890562134 0.17900215067792932
17.38 390890715070 0.1789850384321313
17.4 390890565068 0.17899094591521159
17.42 390890676688 0.17902595813714886
17.44 390890600636 0.17900461428809689
17.46 390890649510 0.1790054870700939
17.48 390890649896 0.1790154296947321
17.5 390890578218 0.17903895110923665
17.52 390890359364 0.17905867376917367
17.54 390890417222 0.1790760575404912
17.56 390890421372 0.17903406018075166
17.58 390890404066 0.1790357392027378
17.6 390890226664 0.17905182366983782
17.62 390890258928 0.17902809265760358
17.64 390890038186 0.1790319827698598
17.66 390889961322 0.1790707508368145
17.68 390889857176 0.1790776381440214
17.7 390889779804 0.17905247064285104
17.72 390889822392 0.17906208940815416
17.74 390889667658 0.17909846093314122
17.76 390889666202 0.17909056319028108
17.78 390889430952 0.1791062601849202
17.8 390889407612 0.17910300959970743
17.82 390889479640 0.17912453704326486
17.84 390889405130 0.17910987029572212
17.86 390889508104 0.17907635645601827
17.88 390889443394 0.17912035568722146
17.9 390889615826 0.17912342808634057
17.92 390889812122 0.17913583942883657
17.94 390889760276 0.17913867104660056
17.96 390889788926 0.17914486172029181
17.98 390889903754 0.17915635164869576
18.0 390890021608 0.17917342532343905
18.02 390890028150 0.17919380658568052
18.04 390889977374 0.17915636375885607
18.06 390889987228 0.17919218943151152
18.08 390889976484 0.17918349337814965
18.1 390890115114 0.17920401324380014
18.12 390890011118 0.17923611514429733
18.14 390890073348 0.1792592386682654
18.16 390889962964 0.17928197188199485
18.18 390889933600 0.17923942936976486
18.2 390890249878 0.17924371645048903
18.22 390890311648 0.17922145093910008
18.24 390890351454 0.1792131292970617
18.26 390890314602 0.17921491522377828
18.28 390890499720 0.17924954115718544
18.3 390890463922 0.17924726975190186
18.32 390890068310 0.1792552612890181
18.34 390890005554 0.17924499950060127
18.36 390890104424 0.17924082686498563
18.38 390889941600 0.17924952146354647
18.4 390889857018 0.17925228463778606
18.42 390890055668 0.1792452830928477
18.44 390890135940 0.17922109097798852
18.46 390890017338 0.17922938285645929
18.48 390889948440 0.17922488450142193
18.5 390889880526 0.1792695912928481
18.52 390889904826 0.17926551053942952
18.54 390889677342 0.1792260790085905
18.56 390889842302 0.179186294662962
18.58 390889751072 0.1791885344278431
18.6 390889559438 0.17922014209836867
18.62 390889386184 0.17923479935914166
18.64 390889361682 0.1792737712550617
18.66 390889449858 0.17928505656723456
18.68 390889433294 0.1792221196513384
18.7 390889581004 0.1792549826122749
18.72 390889616174 0.17926854776123663
18.74 390889649770 0.17923899858902098
18.76 390889492140 0.17926652280617356
18.78 390889504836 0.17929282042510425
18.8 390889487084 0.17922313630022427
18.82 390889332346 0.17917082267927545
18.84 390889389390 0.179213244224963
18.86 390889392736 0.1792214421224611
18.88 390889226306 0.1792111990650493
18.9 390889228332 0.17919227751646719
18.92 390889075308 0.17917680836424943
18.94 390888689278 0.1791788129625457
18.96 390888868612 0.1791663695934025
18.98 390888964288 0.17914101008223188
19.0 390888962474 0.17915187684337588
19.02 390888856222 0.17916015304275973
19.04 390888910762 0.17913487843114784
19.06 390889016304 0.17913661222594318
19.08 390888862240 0.17918312473921508
19.1 390888982534 0.17924192670870773
19.12 390889057978 0.17924022999272776
19.14 390889062502 0.17922586808793706
19.16 390889075406 0.17918834791727567
19.18 390889103576 0.17920127358007065
19.2 390888918052 0.17919100609006727
19.22 390888704006 0.17919677618515037
19.24 390888484226 0.17918438153599764
19.26 390888547436 0.17915277917669145
19.28 390888688814 0.17915621997986297
19.3 390888745584 0.17917270731943274
19.32 390888780654 0.17915475333668945
19.34 390888697654 0.1791581684429261
19.36 390888664032 0.17914257536276965
19.38 390888763942 0.17918678520136777
19.4 390889241398 0.17919743872463784
19.42 390889245860 0.17920423637718855
19.44 390889428346 0.179259728978805
19.46 390889623260 0.179277382564004
19.48 390889397596 0.17922101791245942
19.5 390889434452 0.17916802565608758
19.52 390889593516 0.17918281588681984
19.54 390889478332 0.1791799790797789
19.56 390889547934 0.17918478601649773
19.58 390889692300 0.179168765969095
19.6 390889892174 0.17914429509565633
19.62 390890106936 0.17915989188171116
19.64 390890060560 0.17912461883174588
19.66 390890181524 0.17908136288813306
19.68 390890128792 0.17908591409041322
19.7 390889977664 0.17905343828107012
19.72 390889981494 0.17903323398520138
19.74 390889891338 0.17903661680419033
19.76 390890042560 0.1790498977032831
19.78 390890243618 0.17901239541205177
19.8 390890208152 0.1790339274931964
19.82 390890218086 0.1790977357740124
19.84 390890428764 0.17907077940546914
19.86 390890406982 0.17906590032863615
19.88 390890281612 0.17908193774822528
19.9 390890304324 0.17909369203853964
19.92 390890207502 0.17910329118455331
19.94 390890257240 0.1791252891572656
19.96 390890254988 0.17911691517690867
19.98 390890322444 0.1791408428174965
20.0 390890159416 0.17910271211920598
20.02 390890048612 0.17907917075989138
20.04 390889992492 0.17905679697649207
20.06 390890267806 0.17904644050603435
20.08 390890358142 0.17902896226518397
20.1 390890130456 0.17909899361336057
20.12 390890000054 0.1791013765690437
20.14 390889809634 0.1790209211837937
20.16 390889736160 0.17900883007601986
20.18 390889828576 0.1790098398261178
20.2 390889806380 0.1790449569832982
20.22 390889795448 0.1790699524376433
20.24 390889782714 0.1790793017876814
20.26 390890034276 0.1790932050145933
20.28 390890106020 0.17911243334277288
20.3 390889896584 0.17911467466676764
20.32 390890028848 0.17909849489734952
20.34 390889953582 0.1790784463099038
20.36 390889846006 0.1791182266699671
20.38 390889733762 0.17912783478620553
20.4 390889918174 0.1790811380902854
20.42 390889947846 0.17906525840699522
20.44 390889910722 0.17904339735809632
20.46 390889884742 0.17905527899580068
20.48 390889925116 0.1790666036720668
20.5 390889893570 0.17909564123413074
20.52 390889625896 0.17914004532435654
20.54 390889827790 0.1791284018551338
20.56 390890005640 0.17913680766220003
20.58 390890117368 0.179137744288835
20.6 390889890430 0.1791541111863184
20.62 390889696890 0.17915244391720364
20.64 390889725774 0.17916252754627862
20.66 390889853758 0.17916166674142153
20.68 390889948734 0.1791288261344383
20.7 390889881418 0.17917890175831375
20.72 390889620336 0.17915246408632998
20.74 390889438166 0.17913686198848527
20.76 390889412374 0.17918000926933667
20.78 390889339872 0.1791973935414702
20.8 390889328610 0.17918592057717178
20.82 390889126122 0.179136865675954
20.84 390889161734 0.1791684509003102
20.86 390889193740 0.17917795348741522
20.88 390889210236 0.17917882070511643
20.9 390889083246 0.17919862009903345
20.92 390889238646 0.17920976720822096
20.94 390889325726 0.17915226253309458
20.96 390889114706 0.17913004909148814
20.98 390889315008 0.17918109564600948
21.0 390889547946 0.17919525198423003
21.02 390889517850 0.17920932070277817
21.04 390889388064 0.17921481434527237
21.06 390889252074 0.17922503829218728
21.08 390889145290 0.1792618814840481
21.1 390889219062 0.17927209075518225
21.12 390889342668 0.17926113736861482
21.14 390889297204 0.17925289396756966
21.16 390889359410 0.17927481269678958
21.18 390889568220 0.17925827288001578
21.2 390889309654 0.17920924733916663
21.22 390888993424 0.1792110994558998
21.24 390888973410 0.17920480294662516
21.26 390888868018 0.17917951048767694
21.28 390889023330 0.17918666386628604
21.3 390888826834 0.17922224422946223
21.32 390888747788 0.17920044165757798
21.34 390888709748 0.17923003105403906
21.36 390888474434 0.17920169269595324
21.38 390888445838 0.17924549369920537
21.4 390888408158 0.17921646468550712
21.42 390888551700 0.1792749125568121
21.44 390888528860 0.1792264250243897
21.46 390888603210 0.17923575949884413
21.48 390888663368 0.1792086787164216
21.5 390888698916 0.17923323188767662
21.52 390888642004 0.17923046827167347
21.54 390888950478 0.17918753746689361
21.56 390888837122 0.17917960429780205
21.58 390888686934 0.17917963925108377
21.6 390888875156 0.17922910896537236
21.62 390889023596 0.17926985717212285
21.64 390889060288 0.17927229852872803
21.66 390889162406 0.17925881901173243
21.68 390889274140 0.17921633915555152
21.7 390889394320 0.17918843548754676
21.72 390889219892 0.1791816420285977
21.74 390889539442 0.1791985784202378
21.76 390889280778 0.17918348512396146
21.78 390889235188 0.17917386408398595
21.8 390888989960 0.1791946625336225
21.82 390888948038 0.1791827847688594
21.84 390888946002 0.17918748003372184
21.86 390888916182 0.17917170130072205
21.88 390888993662 0.17919329200439604
21.9 390889088820 0.17919084532057428
21.92 390889290436 0.179165050468708
21.94 390889265758 0.1791506904832615
21.96 390889056988 0.17912832396111303
21.98 390888969588 0.1791385738917089
22.0 390888967762 0.17912632251439328
22.02 390888830900 0.17909655474977826
22.04 390888778220 0.17910080590579505
22.06 390888841002 0.1791029818666517
22.08 390888803790 0.17914656340231708
22.1 390888890574 0.1792067233700086
22.12 390889257810 0.17921381770088476
22.14 390889159814 0.1791716784939074
22.16 390889033666 0.17918538817076252
22.18 390888867818 0.1791348283897669
22.2 390888749270 0.17913493005961884
22.22 390888616884 0.1791418585513296
22.24 390888594870 0.17915808455838148
22.26 390888622258 0.17917515278104656
22.28 390888842312 0.17919549881404315
22.3 390888636928 0.1792008493406076
22.32 390888612998 0.17919668118649468
22.34 390888602174 0.17919439455213354
22.36 390888669468 0.17918245090621476
22.38 390888480658 0.17917921735075681
22.4 390888308116 0.1791749854219306
22.42 390888535684 0.17917084119606602
22.44 390888621010 0.1791451853290607
22.46 390888736220 0.17918595893609401
22.48 390888794922 0.1791661665445302
22.5 390888829358 0.1791613322090522
22.52 390888612798 0.17914033457132805
22.54 390888669066 0.1791122390111906
22.56 390888749556 0.17908022365165654
22.58 390888671854 0.17904032573821999
22.6 390888670694 0.1790336312318319
22.62 390888637142 0.1790704244885647
22.64 390888567176 0.1791040732318874
22.66 390888590078 0.17914435025899839
22.68 390888486152 0.1791454101509412
22.7 390888648198 0.17913040682806752
22.72 390888387832 0.17912457757034742
22.74 390888495188 0.1791197811024606
22.76 390888379970 0.17913284855255732
22.78 390888562364 0.17916176899024125
22.8 390888583222 0.17916267343875414
22.82 390888583334 0.17916343641160348
22.84 390888792842 0.17923192276552108
22.86 390888801254 0.17920059165728788
22.88 390888849338 0.1791756088930692
22.9 390888803024 0.17917430530444745
22.92 390888859206 0.1791648825318962
22.94 390888812128 0.17915322098268613
22.96 390888671172 0.1790993062798797
22.98 390888775692 0.1791164472688113
23.0 390888788154 0.17915187927791076
23.02 390888753768 0.17914911032252806
23.04 390888657226 0.17915806985883675
23.06 390888803938 0.1791344900985114
23.08 390888813788 0.17912347394494887
23.1 390888741370 0.1791073468355812
23.12 390888935752 0.17914220410345158
23.14 390888888994 0.17912450066469662
23.16 390888814418 0.17911545356723474
23.18 390888722390 0.17912411183625784
23.2 390888532366 0.17912708296307922
23.22 390888715202 0.1791248882192426
23.24 390888700436 0.17916042272140434
23.26 390888601602 0.17919874946229292
23.28 390888566492 0.17920685166536565
23.3 390888226316 0.17918824663272648
23.32 390888294310 0.17915518476859765
23.34 390888405908 0.17916328054651395
23.36 390888483720 0.17917848684749005
23.38 390888438380 0.17918367272750013
23.4 390888599592 0.1791681291044514
23.42 390888724422 0.17918319925942772
23.44 390888484698 0.1791903690014479
23.46 390888596808 0.17922039367806042
23.48 390888665236 0.17921608750671048
23.5 390888556720 0.17921522765373243
23.52 390888576842 0.17920776808894134
23.54 390888421832 0.17915340929356766
23.56 390888100102 0.17920258093197786
23.58 390888208432 0.179168635247449
23.6 390888210440 0.1792046585742576
23.62 390888110094 0.17924990469601554
23.64 390888150040 0.17924178506911156
23.66 390887809376 0.1792825857598713
23.68 390887581328 0.17926416102069162
23.7 390887850388 0.17923942099143658
23.72 390887903912 0.17926265468449315
23.74 390888096792 0.17925329836285106
23.76 390888295468 0.1792461729904507
23.78 390888206360 0.17928014607066955
23.8 390888450066 0.17931555161700272
23.82 390888373746 0.17927100025045561
23.84 390888390296 0.1792768546387129
23.86 390888433346 0.17924980533709278
23.88 390888345920 0.17922776042786961
23.9 390888422440 0.17921161187428064
23.92 390888376146 0.17920091000641816
23.94 390888429820 0.17919736080687232
23.96 390888278912 0.17920030313771088
23.98 390888481076 0.179218914299845
24.0 390888347212 0.17920289376293808
24.02 390888324630 0.17923406021901891
24.04 390888527274 0.1792551394274432
24.06 390888561370 0.17922800186785898
24.08 390888526468 0.17919708646227928
24.1 390888388570 0.17921277861494217
24.12 390888576664 0.17922468648104545
24.14 390888475714 0.1791974004388906
24.16 390888464522 0.17916578664510385
24.18 390888336174 0.17914249808061505
24.2 390888323038 0.17917190385821563
24.22 390888290846 0.1791386586753402
24.24 390888171856 0.17915213337376515
24.26 390888317806 0.17914687918842262
24.28 390888346060 0.1791508805720671
24.3 390888329744 0.1791721778641245
24.32 390888208896 0.17919723167147827
24.34 390888423370 0.17920948448349874
24.36 390888367406 0.1791845096686721
24.38 390888332418 0.1792049926836735
24.4 390888344952 0.17921775577378643
24.42 390888270634 0.17921828877747797
24.44 390888419956 0.17921156305428965
24.46 390888377918 0.1791841293295732
24.48 390888342098 0.17912164671659458
24.5 390888298272 0.17907573986974257
24.52 390888444474 0.1790873136441828
24.54 390888513344 0.17910518076478987
24.56 390888432896 0.179088441587664
24.58 390888630110 0.17905711226850787
24.6 390888654808 0.17903701462077498
24.62 390888934308 0.17900975432419367
24.64 390889092868 0.17902832567795507
24.66 390889221254 0.1790353007595424
24.68 390889117098 0.17904326093647763
24.7 390889032324 0.1790827805335093
24.72 390889294212 0.17908555727792086
24.74 390889503826 0.17909213242460548
24.76 390889467152 0.1790885007599886
24.78 390889514110 0.1790482772272026
24.8 390889465668 0.17903444317594028
24.82 390889526326 0.17905164513743363
24.84 390889572016 0.17904578796568082
24.86 390889503292 0.17905848040123679
24.88 390889347112 0.17900967327250156
24.9 390889115888 0.17900225664389346
24.92 390889147230 0.17898093478644247
24.94 390889004516 0.1789674677459996
24.96 390888676424 0.17896607374516593
24.98 390888717040 0.17900503740608942
25.0 390888873594 0.1790344676101144
25.02 390888891220 0.17899503064301797
25.04 390888857960 0.17901157819775848
25.06 390888856618 0.17897678065750566
25.08 390888969310 0.17898918410408626
25.1 390888777166 0.17902123827006994
25.12 390888843428 0.17902270827566358
25.14 390888578630 0.17898226067018788
25.16 390888597664 0.17896525762432314
25.18 390888569624 0.17897362301335493
25.2 390888447452 0.17900145752227484
25.22 390888663992 0.1790045877148739
25.24 390888616242 0.17900972696503875
25.26 390888540194 0.17901299165344917
25.28 390888468366 0.17897045406655734
25.3 390888578352 0.1789816390302763
25.32 390888500972 0.17894157351599646
25.34 390888351044 0.17893974847684177
25.36 390888468020 0.17896014674647076
25.38 390888552508 0.17896734815842402
25.4 390888573512 0.17896467293520568
25.42 390889044688 0.17901027968402394
25.44 390888928482 0.17900471226404072
25.46 390888911586 0.17899139579343099
25.48 390889020364 0.17899126258899012
25.5 390888989156 0.17900826708168313
25.52 390889194780 0.17899073720193115
25.54 390889231620 0.17902552572086178
25.56 390889013986 0.17901017904994865
25.58 390889081406 0.17906462984804428
25.6 390889045188 0.1790974624575568
25.62 390889008916 0.17913540043367443
25.64 390888787112 0.17911823416287928
25.66 390888688064 0.17915204422339412
25.68 390888837150 0.17915530293259235
25.7 390888884924 0.17916945957293326
25.72 390889020126 0.1791791707032569
25.74 390888910440 0.1791761860329984
25.76 390888895476 0.17916080773983992
25.78 390889035634 0.1791579766859795
25.8 390889017394 0.17913900336426658
25.82 390888932072 0.17916217836822934
25.84 390888799906 0.17914908400799945
25.86 390888777004 0.179138651806583
25.88 390888746322 0.1790560706006191
25.9 390888712664 0.17905640995332628
25.92 390888670954 0.17906728665675326
25.94 390888813220 0.17907839308418233
25.96 390888952688 0.17908729609791235
25.98 390889057170 0.1791098834604654
26.0 390889049866 0.179113012125088
26.02 390888917436 0.179139131732117
26.04 390889220704 0.17911911305607148
26.06 390889207178 0.17915310355398578
26.08 390889162560 0.17914391732301918
26.1 390889304996 0.17913503632317745
26.12 390889134490 0.17909144909874433
26.14 390888934060 0.17912629914805922
26.16 390888936486 0.17908822522613144
26.18 390888903612 0.17913068730666692
26.2 390888873428 0.17914275782400452
26.22 390889156464 0.1791432552288028
26.24 390889298020 0.17908160170720858
26.26 390889106682 0.17910357216955766
26.28 390889065470 0.17905983881000934
26.3 390889057348 0.1790506307391236
26.32 390888985896 0.17907110761391248
26.34 390889013290 0.17913256451472553
26.36 390888881364 0.17917408887574465
26.38 390889175714 0.17914140596648123
26.4 390889175752 0.1791371323250021
26.42 390889181158 0.1791161181289861
26.44 390889199684 0.17911360453392727
26.46 390889288022 0.17912366043819944
26.48 390889250680 0.17910416480680302
26.5 390889278402 0.17917367206940216
26.52 390889409408 0.17919157797216567
26.54 390889367362 0.17914537795526875
26.56 390889548160 0.1791819113879224
26.58 390889683740 0.17919887162290823
26.6 390889638248 0.17921122666963735
26.62 390889517696 0.1792059723881738
26.64 390889109032 0.179239044904216
26.66 390889165474 0.1791956240179809
26.68 390889066996 0.1792092664334517
26.7 390889191602 0.17920974058026107
26.72 390889199658 0.17921354054866567
26.74 390888953958 0.17919812869726182
26.76 390889151052 0.17919891266213836
26.78 390889232842 0.1791883615871105
26.8 390889174610 0.17917924470415325
26.82 390889251812 0.17918646818424366
26.84 390889035854 0.17922108292152877
26.86 390889178352 0.17925217788859435
26.88 390889236766 0.17926675077027582
26.9 390889044778 0.17926375551390447
26.92 390888986232 0.17928163448024115
26.94 390888950758 0.17924116128137157
26.96 390888939746 0.17925507683719674
26.98 390889019960 0.17927692441418433
27.0 390889154476 0.17933114723716476
27.02 390889067120 0.179314434163532
27.04 390889177346 0.1792921537521252
27.06 390889116672 0.1792741888603782
27.08 390889187918 0.17928240699826548
27.1 390889365358 0.17927830398453548
27.12 390889225218 0.17930032484630654
27.14 390889476344 0.17929297275326236
27.16 390889407542 0.17929101626542876
27.18 390889418536 0.17926095520022056
27.2 390889313238 0.1792827162148512
27.22 390889373770 0.1792599019301434
27.24 390889553558 0.17924666921822058
27.26 390889644088 0.17926700661374528
27.28 390889580816 0.17926170417651485
27.3 390889672224 0.17922501840388477
27.32 390889795926 0.17922414288219923
27.34 390889967354 0.17922477213965676
27.36 390889965560 0.1792524148152422
27.38 390890114140 0.17920258553364088
27.4 390890225836 0.17916166281053253
27.42 390890168276 0.1791891161557024
27.44 390890204158 0.17915465957443857
27.46 390890055972 0.17911651869705222
27.48 390890153922 0.17913058438951274
27.5 390890036640 0.179171927183272
27.52 390889976430 0.1791691743806758
27.54 390890100988 0.17920242369448244
27.56 390889932638 0.17917678032860512
27.58 390890031816 0.17916252023082954
27.6 390889911012 0.17913518604228548
27.62 390889953706 0.17909316522766297
27.64 390889887022 0.17907736859959877
27.66 390889920858 0.17907168071935448
27.68 390889823498 0.1791130586501219
27.7 390889901108 0.1791499129592211
27.72 390889891628 0.1791527318981026
27.74 390889913342 0.17915792179000847
27.76 390889868292 0.17913630172960934
27.78 390889809044 0.1791745302616598
27.8 390889726650 0.17914299837111117
27.82 390889766370 0.17912683513915803
27.84 390889585670 0.17915237823187927
27.86 390889640434 0.17917269988051635
27.88 390889895640 0.17919631714838086
27.9 390889964882 0.17921629467944966
27.92 390889933496 0.17926428011885864
27.94 390889656660 0.179256298614231
27.96 390889751988 0.17930820322219806
27.98 390889709832 0.17931119815434599
28.0 390889725876 0.17927826195413196
28.02 390889550022 0.17927255585490995
28.04 390889740748 0.17929767434150706
28.06 390889733132 0.17927351606803715
28.08 390889580878 0.17931215037668236
28.1 390889516156 0.17931245556716632
28.12 390889289628 0.1793037096079656
28.14 390889448560 0.17928176217384797
28.16 390889564520 0.17925242022874138
28.18 390889600088 0.1792373535601869
28.2 390889521708 0.17927376285483212
28.22 390889663192 0.1792851886992498
28.24 390889502404 0.17925633687406434
28.26 390889592278 0.1792073566406316
28.28 390889742652 0.1792435929567743
28.3 390889788632 0.17923882780406908
28.32 390889755860 0.17928530728386682
28.34 390889926380 0.1792876517210129
28.36 390890089732 0.1792626420209615
28.38 390890151598 0.179321306184048
28.4 390889974976 0.17928741994389835
28.42 390890002264 0.17927740824070987
28.44 390890013262 0.1792939577763103
28.46 390890024178 0.179260455939606
28.48 390889993820 0.17925867211626761
28.5 390889810066 0.17923934842678105
28.52 390889675632 0.17924760783926585
28.54 390889481300 0.17922840234038184
28.56 390889412670 0.1792370054088781
28.58 390889688416 0.17924019904637822
28.6 390889634564 0.17926179686234983
28.62 390889750366 0.17921453692120518
28.64 390889883284 0.17918308860644167
28.66 390889777254 0.1791560171141936
28.68 390889652856 0.179164862853082
28.7 390889711668 0.17914192826228642
28.72 390889844618 0.17918427166253714
28.74 390889758164 0.1791661929413992
28.76 390889561082 0.17916322441857746
28.78 390889669296 0.17912322684149867
28.8 390889863904 0.17911139110043015
28.82 390889785888 0.17912567879084232
28.84 390889771838 0.1791292392699977
28.86 390889844368 0.17912480058757485
28.88 390890081856 0.179098814803972
28.9 390890112000 0.17911764003002134
28.92 390890018468 0.17910681746789747
28.94 390889956824 0.17912898552492162
28.96 390889887750 0.17909903143923506
28.98 390889868456 0.1791104936284806
29.0 390889727392 0.1790892457806582
29.02 390889675036 0.1791228755007297
29.04 390889674084 0.17915622745735396
29.06 390889519430 0.17913828986876312
29.08 390889422790 0.17915521731383216
29.1 390889577462 0.17912704751900208
29.12 390889809156 0.17910820633727986
29.14 390889484604 0.17914659689361576
29.16 390889420014 0.17914456431966688
29.18 390889468312 0.17911175705102517
29.2 390889507166 0.17908684604970382
29.22 390889550356 0.17912357145707064
29.24 390889525352 0.17909443443310688
29.26 390889422546 0.17904557738997454
29.28 390889336392 0.17909176968525292
29.3 390889275080 0.17908846317024335
29.32 390889253554 0.1790892954553222
29.34 390889163978 0.17916663625295012
29.36 390889071604 0.17915792640094996
29.38 390889005522 0.17913447793052795
29.4 390889052470 0.17912293169127713
29.42 390888857566 0.17914082449683982
29.44 390888784366 0.17914989404675308
29.46 390888776020 0.17919650341577592
29.48 390888749908 0.17919270272291687
29.5 390888522256 0.17913861404247491
29.52 390888520048 0.1791478930264116
29.54 390888272628 0.1791468581450585
29.56 390888388184 0.17911980362905794
29.58 390888568040 0.1791034538657581
29.6 390888573766 0.17912985630175648
29.62 390888574366 0.17910690704303261
29.64 390888844038 0.17911341964226943
29.66 390888901014 0.17913044911816278
29.68 390888882162 0.17913728100733256
29.7 390889180210 0.1791165250770686
29.72 390889281972 0.1791024774158503
29.74 390889286048 0.17909722806719128
29.76 390889233578 0.17909034077563898
29.78 390889569292 0.1791085288438517
29.8 390889486570 0.17905766660856878
29.82 390889315696 0.17911100426721493
29.84 390889377434 0.17910945703813771
29.86 390889517454 0.17904796731102546
29.88 390889445362 0.17909508672826052
29.9 390889266552 0.179090825776203
29.92 390889228114 0.17908416246722939
29.94 390889073230 0.17908155644300916
29.96 390889180728 0.1790490800704273
