0.0 629678450636 0.6928658989112239
0.02 610173616424 0.6909980952099897
0.04 591489791412 0.6892218923468335
0.06 573588046924 0.6873641582234581
0.08 556430078556 0.6853067231331453
0.1 539980669888 0.6835032375287163
0.12 524206113512 0.6816089065965997
0.14 509073905424 0.6798077858625838
0.16 494554832708 0.6779952425657432
0.18 480621389116 0.6763181874789657
0.2 467244699960 0.6745461127678349
0.22 454400827696 0.6728164275379751
0.24 442064896684 0.6711413982077099
0.26 430214026936 0.669338765359037
0.28 418827163292 0.667772019872634
0.3 407882853232 0.6664063858467408
0.32 397362251960 0.6648983873429035
0.34 387246788672 0.6633492786148059
0.36 377518868632 0.6618696772924686
0.38 368161995624 0.6605132689243823
0.4 359160850124 0.6590735842882937
0.42 350499106228 0.6579024692609363
0.44 342163814880 0.656624422133936
0.46 334141124204 0.6553467940237873
0.48 326416914200 0.6542017274240254
0.5 318979982796 0.6532610000615291
0.52 311818001880 0.6522662386981937
0.54 304920563856 0.6512460637989328
0.56 298275597444 0.6502314944247838
0.58 291872876772 0.6493667300604707
0.6 285704506812 0.6484476891231779
0.62 279759220728 0.6475172305329266
0.64 274028901916 0.6467131279866729
0.66 268504225444 0.6459398786919291
0.68 263178102792 0.6454316235695132
0.7 258042412124 0.6447530844022104
0.72 253089867640 0.6441403859532044
0.74 248313220876 0.6435128473897116
0.76 243705211452 0.6427951661085755
0.78 239259184488 0.642337833585528
0.8 234970839300 0.6417613027023075
0.82 230832136204 0.6413547882365966
0.84 226837710616 0.6409027997321196
0.86 222983444656 0.6404332031731018
0.88 219261832336 0.6399378491483758
0.9 215670160616 0.6395662404303665
0.92 212201774884 0.6390711333682071
0.94 208853828936 0.6387342113669964
0.96 205619845876 0.6383741164045884
0.98 202496671112 0.6379076216084084
1.0 199481399724 0.6375072161306118
1.02 196568141348 0.6370447800129122
1.04 193754038108 0.6368094027143472
1.06 191035624048 0.6365184861451636
1.08 188408611104 0.6362165019603898
1.1 185869890240 0.6362025199735322
1.12 183417067760 0.6358162354755696
1.14 181046595548 0.6356971917076019
1.16 178755777640 0.6355176673235908
1.18 176541147384 0.6353389472078884
1.2 174400557532 0.6352508871317818
1.22 172330356752 0.6350787541719306
1.24 170330287376 0.634876735244099
1.26 168396094516 0.6349247017364719
1.28 166524964812 0.6346914506494217
1.3 164716591508 0.6346381048993822
1.32 162966819636 0.634333933929663
1.34 161274268292 0.6343058733353062
1.36 159637763608 0.6342630296893002
1.38 158054200016 0.6340665495948623
1.4 156522615852 0.6339849444776438
1.42 155041089656 0.6339439388988365
1.44 153607324992 0.633777931930668
1.46 152220398308 0.6338280947774364
1.48 150878618604 0.6337038332492834
1.5 149579599116 0.6334501956647243
1.52 148321814648 0.6332512831060588
1.54 147104731308 0.633276614547235
1.56 145927356040 0.6332525568385121
1.58 144786407268 0.6331943258893222
1.6 143682680916 0.6332044420335445
1.62 142614314972 0.6330326311474028
1.64 141580285160 0.6329483937268412
1.66 140579431208 0.632825261886526
1.68 139610208692 0.6328311694327733
1.7 138670727824 0.6327978191863906
1.72 137761267072 0.6328152389196144
1.74 136880885512 0.6326743277860032
1.76 136026963576 0.6325689160809095
1.78 135201297256 0.6324547776444136
1.8 134400300580 0.6323626129706867
1.82 133625530792 0.6324217064485222
1.84 132874901676 0.6325117996959182
1.86 132147415656 0.6324539681923406
1.88 131442408668 0.6324778930843463
1.9 130759220560 0.6326792853488552
1.92 130097389704 0.6326715983787968
1.94 129456127068 0.6327656170164571
1.96 128834387220 0.6329032720756265
1.98 128231256600 0.6329634171205003
2.0 127647767988 0.6329426653024008
2.02 127081918424 0.632834926925169
2.04 126533436556 0.6328912021492719
2.06 126000904896 0.6329153679548685
2.08 125485086828 0.6330270026595731
2.1 124984514572 0.6330564090163555
2.12 124499457820 0.6330903256686989
2.14 124029642700 0.633021207773524
2.16 123574527460 0.633045997348563
2.18 123132179960 0.6331600068952989
2.2 122703500860 0.6332310417661104
2.22 122287471288 0.6331290835907122
2.24 121883950624 0.6330464990446042
2.26 121493305932 0.6329574813386957
2.28 121113775440 0.6329500842154778
2.3 120745067252 0.6330694953423719
2.32 120388241936 0.6331052600375818
2.34 120040635712 0.6331747339866667
2.36 119704215456 0.6333505581732157
2.38 119377792820 0.6333864862980193
2.4 119060599512 0.6332550092041922
2.42 118752691360 0.633380004186761
2.44 118454374960 0.6333266752010297
2.46 118165596144 0.6333159470105293
2.48 117884840204 0.6335185566942572
2.5 117612463712 0.6334566800772394
2.52 117347405912 0.6335881370729177
2.54 117089846360 0.6335388139570394
2.56 116840112240 0.6335383245036104
2.58 116598115192 0.6336057502863015
2.6 116361643432 0.6337326572161313
2.62 116132257276 0.6337388602890215
2.64 115910894196 0.6337856705660725
2.66 115696004940 0.6336311197215245
2.68 115486883092 0.6335300120312475
2.7 115283050724 0.6336896523292826
2.72 115086661636 0.6336514388409202
2.74 114895578676 0.6336698736604374
2.76 114708781280 0.6335957607810758
2.78 114527884520 0.6336746210911176
2.8 114351721924 0.6335032927611746
2.82 114181731796 0.6333958575905192
2.84 114014580740 0.6334076792485311
2.86 113853434636 0.6333598153518064
2.88 113697104656 0.6334052383920666
2.9 113544587916 0.633436580647362
2.92 113396763576 0.6334524040483068
2.94 113253075288 0.6335119501864166
2.96 113112903840 0.6334329670883102
2.98 112975572152 0.6334537519877979
3.0 112843029124 0.6334272469999725
3.02 112715343752 0.6333769129306264
3.04 112589997088 0.6334294772194877
3.06 112468712984 0.6334232840803273
3.08 112350683840 0.6333400035397981
3.1 112235838416 0.6335053038365586
3.12 112124584620 0.6334734185438181
3.14 112016215380 0.633515479529073
3.16 111911056488 0.6334983611377076
3.18 111808286440 0.6335558075759955
3.2 111707634692 0.6335532131452757
3.22 111610544272 0.6335201729358939
3.24 111515267744 0.6335480408905176
3.26 111422565276 0.6335594516797114
3.28 111333074440 0.6336318107533339
3.3 111246109012 0.6336936688677313
3.32 111161404904 0.6336912515756565
3.34 111078438404 0.6337608803988856
3.36 110998177440 0.633728537917857
3.38 110919389620 0.6337331751172145
3.4 110842277692 0.6337628095390047
3.42 110768390584 0.6336175494874646
3.44 110696835336 0.6335469795781514
3.46 110626382276 0.6337531277915953
3.48 110558493360 0.633762681025429
3.5 110492133072 0.6338276761968936
3.52 110427442192 0.6337952999717874
3.54 110364206132 0.6336871731186492
3.56 110302640620 0.633724905723783
3.58 110241950836 0.633742964684501
3.6 110183647376 0.6337668861992505
3.62 110126858936 0.6338182035645048
3.64 110071812160 0.6338562388617852
3.66 110017964936 0.6339074908766564
3.68 109964891448 0.6340231374628582
3.7 109913663560 0.6340551566249684
3.72 109863837248 0.6341568902278681
3.74 109815608204 0.6342211135066145
3.76 109768702244 0.634260134943892
3.78 109722783912 0.6344072629950372
3.8 109677765864 0.6344035978687621
3.82 109633732052 0.6342035845402607
3.84 109591014428 0.6341065269119099
3.86 109549284432 0.634062993360778
3.88 109508725484 0.634148036773541
3.9 109468595644 0.6342254558435063
3.92 109430460964 0.6341488886151335
3.94 109392577492 0.6340965886308996
3.96 109355761720 0.634017568919601
3.98 109319945856 0.6341288995767713
4.0 109285337536 0.634104841203716
4.02 109251697884 0.6343207174317923
4.04 109218706572 0.634370724103501
4.06 109186518428 0.6344474149122963
4.08 109154334388 0.6344600904913756
4.1 109123591604 0.634388437041117
4.12 109092879888 0.6344306402374813
4.14 109063021904 0.6343455907981228
4.16 109033834848 0.6344067287782826
4.18 109006554204 0.6344580168742295
4.2 108979495360 0.6343877209228586
4.22 108953094520 0.6342431747025825
4.24 108927349368 0.6341872940273516
4.26 108902349016 0.6340926628300365
4.28 108877581260 0.6339996883520521
4.3 108853348460 0.6342208440568451
4.32 108829192712 0.6342534529875492
4.34 108806531512 0.6341899192845838
4.36 108784534732 0.6342680848796011
4.38 108762878760 0.6341893476165258
4.4 108741176392 0.6340913447710173
4.42 108720212508 0.6340847278670196
4.44 108700578684 0.6340268968917073
4.46 108680137788 0.6338474054049769
4.48 108660753716 0.6338547476819988
4.5 108642311292 0.633909132522234
4.52 108624307912 0.6338803588648398
4.54 108606110036 0.6339798609435016
4.56 108588548452 0.633989511315278
4.58 108571037672 0.6337230744491947
4.6 108552701200 0.6338594955833312
4.62 108536631912 0.6339588241535612
4.64 108520451804 0.6341086457170331
4.66 108504598528 0.6342674761086284
4.68 108489442472 0.6343460710911526
4.7 108474466948 0.634215077960319
4.72 108459596660 0.6342607152326031
4.74 108445429036 0.6343382916531393
4.76 108430909528 0.6345123493909832
4.78 108417154220 0.6344556093551458
4.8 108403825436 0.6345084599657439
4.82 108390307360 0.6344784256309397
4.84 108377333860 0.6344948069064466
4.86 108364232224 0.6346262003538522
4.88 108351450920 0.634677580607199
4.9 108338700968 0.6345336748970194
4.92 108327277924 0.634383847372155
4.94 108315692688 0.6343388068469383
4.96 108304605356 0.6343079107841985
4.98 108293653540 0.6342480228081272
5.0 108283061736 0.6343270358699888
5.02 108272613068 0.6344860934440566
5.04 108262184948 0.6345347673936204
5.06 108251792348 0.6345198918356945
5.08 108241252984 0.6346402919896016
5.1 108231339532 0.6346008504827882
5.12 108221558568 0.6346696574059609
5.14 108212285404 0.6347330170507763
5.16 108203380328 0.6348500052498252
5.18 108194566612 0.6349513977136646
5.2 108185614756 0.6349202849715537
5.22 108177056052 0.6348942365998559
5.24 108169084196 0.6349251033904287
5.26 108160386944 0.634989943011659
5.28 108152181220 0.6349584883695877
5.3 108145166060 0.6349930404358881
5.32 108137866024 0.6349215456418804
5.34 108130497304 0.6349075754395386
5.36 108122965948 0.6349306606488546
5.38 108115970592 0.634978851028132
5.4 108108698808 0.6350238892536423
5.42 108101372964 0.6349634023790662
5.44 108093855716 0.634853650553511
5.46 108087565280 0.634643339104605
5.48 108081173772 0.6346220720072361
5.5 108075399392 0.6345780489222024
5.52 108069288312 0.6344712269460066
5.54 108063503052 0.6343174271971632
5.56 108057870212 0.6344531909812402
5.58 108051840636 0.6344031416255957
5.6 108046458744 0.6346009401903928
5.62 108040984264 0.6344910548105829
5.64 108035098004 0.6343442202037123
5.66 108029405996 0.6342071037186966
5.68 108023688592 0.6342970089019494
5.7 108019063740 0.6344539490592527
5.72 108013266412 0.6343402007136762
5.74 108008092356 0.6344541005769327
5.76 108003005468 0.6345057616083588
5.78 107997306432 0.6344520880222901
5.8 107992089108 0.6344041232551528
5.82 107987833596 0.6342932465826195
5.84 107983140952 0.6343416626102062
5.86 107978664436 0.634227913464855
5.88 107973962056 0.634352429612885
5.9 107969732072 0.6345456621906272
5.92 107965666320 0.6346075339720294
5.94 107962182936 0.6345805922148169
5.96 107958685968 0.6345295362482746
5.98 107954582668 0.6345595598381737
6.0 107951347724 0.6345485605870194
6.02 107948713784 0.6346528887958126
6.04 107945483436 0.6345852645497643
6.06 107942130300 0.634525515778404
6.08 107939342280 0.6345026415450912
6.1 107936553844 0.6343712890409849
6.12 107932159160 0.634309429132532
6.14 107928678856 0.6341963467640106
6.16 107925511664 0.6341760755094318
6.18 107921891676 0.6342399991744189
6.2 107918828196 0.6343410515598353
6.22 107915980020 0.6341887205786164
6.24 107912441588 0.6342536538558283
6.26 107909525348 0.6341187256498679
6.28 107906608736 0.6341697298032395
6.3 107902770688 0.6341280050443533
6.32 107899826076 0.6341982226821441
6.34 107898088284 0.634135612524193
6.36 107894297124 0.6342240221780748
6.38 107890550712 0.634146848821812
6.4 107887998128 0.6342707712917601
6.42 107885706524 0.6342711034061534
6.44 107882694116 0.6342878191607801
6.46 107880834552 0.6343643618039085
6.48 107878438588 0.6342977470348115
6.5 107875903872 0.6341892714371464
6.52 107873621808 0.634186819377135
6.54 107871686680 0.6343019988516699
6.56 107870118008 0.634238948588611
6.58 107868103804 0.6342656351961201
6.6 107866059484 0.634117199768643
6.62 107863203248 0.6341300240822462
6.64 107860776664 0.6341173184845216
6.66 107858393280 0.6342555089696256
6.68 107856105280 0.6342879479676335
6.7 107854333332 0.6342979286719421
6.72 107851672428 0.6342733534004388
6.74 107849817768 0.6343185557487449
6.76 107847935356 0.6342671580223384
6.78 107846029276 0.6343200636655237
6.8 107843939940 0.6342445310789538
6.82 107842599392 0.6340951897456233
6.84 107840181048 0.6342445727014159
6.86 107838175036 0.6343346332640747
6.88 107836927868 0.6343324069963
6.9 107835479856 0.6343986803730681
6.92 107835310080 0.6344434100750134
6.94 107833416860 0.634288511432054
6.96 107831987812 0.6343585333032153
6.98 107829953200 0.6342931407116413
7.0 107828467388 0.6343407418593561
7.02 107826571340 0.6343421639727653
7.04 107825345868 0.6343265843470078
7.06 107823858024 0.6343152078901
7.08 107822613876 0.6341848760749713
7.1 107820590528 0.6342318318456307
7.12 107819530348 0.634227456776853
7.14 107818343552 0.6341901778933016
7.16 107817222780 0.6341749276560719
7.18 107816466820 0.6342676532556228
7.2 107816070192 0.6343869404522643
7.22 107814760388 0.6345606861417838
7.24 107812804876 0.6345749742896634
7.26 107811133956 0.6346328983325601
7.28 107810418744 0.6345399206164704
7.3 107808002448 0.63449066190125
7.32 107806531944 0.6345560680007897
7.34 107804999464 0.6345396528698329
7.36 107803849408 0.6344182046368265
7.38 107802977560 0.6344222526228255
7.4 107802022444 0.6344663822330724
7.42 107801080808 0.6343404974106908
7.44 107800889336 0.6343899657962134
7.46 107800391608 0.6344024294726165
7.48 107799575220 0.6344751725120819
7.5 107798483004 0.6344835986459919
7.52 107797413996 0.6344749214035792
7.54 107796838488 0.6345140457098056
7.56 107795322072 0.6347304955174355
7.58 107793900104 0.6347435653390676
7.6 107793375792 0.6347496078873652
7.62 107792102964 0.6347210393660097
7.64 107791233684 0.6347546032701425
7.66 107790485848 0.6347799462705355
7.68 107788977128 0.6347958411248866
7.7 107787954288 0.634856661499221
7.72 107787332504 0.6349086508089441
7.74 107785982888 0.6347854719379051
7.76 107785644456 0.6346644479802601
7.78 107784605088 0.6346387264977751
7.8 107784073416 0.6346148460223965
7.82 107782921788 0.6346794327142361
7.84 107781776148 0.6346102229593285
7.86 107781124092 0.6345914923647161
7.88 107780679056 0.6347192475350986
7.9 107779804888 0.6347266733925124
7.92 107779424480 0.6347811763702695
7.94 107779688812 0.6347639754753399
7.96 107779341176 0.6347025854212036
7.98 107778788368 0.6345672035460884
8.0 107777779904 0.6344552447024461
8.02 107777614268 0.6343372446679667
8.04 107776917808 0.634337407617892
8.06 107776050096 0.6344900916139616
8.08 107774894748 0.6345679061202185
8.1 107774762520 0.6345692171731554
8.12 107774040220 0.6345520102429606
8.14 107773640560 0.6345076173293628
8.16 107774132680 0.6344318785693046
8.18 107773352952 0.6345121829165292
8.2 107772779244 0.6346202906406847
8.22 107771936492 0.6346413004923606
8.24 107771559980 0.6348855969470664
8.26 107770609528 0.6347966985687652
8.28 107769574396 0.6348268798819774
8.3 107768605976 0.6347934964452829
8.32 107768543552 0.634852478121117
8.34 107768664052 0.6348683167821578
8.36 107768031396 0.6348191706068067
8.38 107767647684 0.6347552993145266
8.4 107766776056 0.6348411310948254
8.42 107765979416 0.6347379229802015
8.44 107766342928 0.6347126527569975
8.46 107766211192 0.6345031721914087
8.48 107766167200 0.6345817620043062
8.5 107765774592 0.6347905598495869
8.52 107765679124 0.6346771780133361
8.54 107765540848 0.6347849242257204
8.56 107764736260 0.634790046714172
8.58 107764999416 0.6348012875598885
8.6 107764869244 0.6349469710577634
8.62 107764386596 0.634703661589953
8.64 107763771112 0.6345898435454961
8.66 107763492980 0.6347160545361962
8.68 107763173228 0.6347527329872014
8.7 107762107576 0.6348199645229993
8.72 107762567232 0.6349865506801695
8.74 107761791212 0.6348443346960703
8.76 107761945964 0.6349554845611061
8.78 107761914676 0.6350723281101942
8.8 107762366672 0.6350428255269849
8.82 107761755512 0.6350371423162087
8.84 107760936244 0.6350565437234477
8.86 107760506816 0.6349667524540316
8.88 107759424316 0.6350358599266702
8.9 107758683488 0.634882166659114
8.92 107758675688 0.6347680166987311
8.94 107758883260 0.6346719330348514
8.96 107758966896 0.6345628810898895
8.98 107757637936 0.6345111476605173
9.0 107757569976 0.634469102619495
9.02 107757362264 0.634630739096606
9.04 107756944060 0.6344771621277645
9.06 107756045960 0.6343668303973128
9.08 107756238568 0.6344508985568987
9.1 107755468244 0.6345809015568429
9.12 107754616928 0.6345788182950086
9.14 107754906760 0.6344769296524537
9.16 107754815856 0.6344852008788676
9.18 107755073940 0.634449940682844
9.2 107754558756 0.6344170284447789
9.22 107754608432 0.634374976854772
9.24 107754449992 0.6343006779183747
9.26 107754324980 0.6342924978916031
9.28 107753991004 0.6343326473830576
9.3 107753379004 0.6343521214229477
9.32 107753542732 0.6342894721392562
9.34 107753387372 0.6342921056211834
9.36 107753581932 0.6343603273338448
9.38 107752894872 0.6343533699211129
9.4 107752287604 0.634384078539549
9.42 107751624952 0.6345005380502877
9.44 107750555608 0.6345033782371241
9.46 107750341180 0.6345797538417239
9.48 107750138988 0.6346294777575574
9.5 107749798500 0.6344421045460642
9.52 107749977452 0.6344456705717861
9.54 107750222128 0.6345111413072981
9.56 107749480860 0.6345654529087951
9.58 107748847880 0.634403976406418
9.6 107747853760 0.6344078263280958
9.62 107747253568 0.6344591741788476
9.64 107746445320 0.6345186906883614
9.66 107746465724 0.6346223997615891
9.68 107745567080 0.6345816134130816
9.7 107744824828 0.6346741184111786
9.72 107744386784 0.6346441772877164
9.74 107744428600 0.6345787618488082
9.76 107744458080 0.6346071485656687
9.78 107744725496 0.6346923826090792
9.8 107744868672 0.6345364803023417
9.82 107744862572 0.6347412345044672
9.84 107744471768 0.6347523108678821
9.86 107743979192 0.6346802938363629
9.88 107743620692 0.6346967080570898
9.9 107743378056 0.6345603356250111
9.92 107743887468 0.6345781211109931
9.94 107744419520 0.634644363975108
9.96 107744979384 0.6346880361032374
9.98 107744564932 0.6347188706599767
10.0 107743810852 0.6345545778538217
10.02 107743514056 0.6346690918882278
10.04 107743050580 0.6346243775224861
10.06 107743048332 0.63453531950973
10.08 107742616032 0.6343980325228229
10.1 107741911516 0.6343309129766841
10.12 107741875788 0.6342881519572853
10.14 107741066984 0.6343258615406397
10.16 107741391392 0.6343516105829574
10.18 107740372892 0.6343395470310008
10.2 107740644948 0.6343106772856373
10.22 107740681816 0.6343367492279479
10.24 107740701952 0.6343997057002471
10.26 107740721144 0.6343090121416701
10.28 107741589560 0.6342508618255485
10.3 107741547448 0.6342721535073045
10.32 107742383052 0.6342649295731058
10.34 107742178368 0.6344140617824483
10.36 107742381204 0.6344809893683063
10.38 107742437264 0.6346135095077633
10.4 107742701136 0.6346280815975283
10.42 107742288452 0.6347019568801228
10.44 107741644556 0.6346291562800521
10.46 107742042764 0.6346819243320909
10.48 107742575320 0.6346740172895553
10.5 107742811176 0.634914158408119
10.52 107742228940 0.6349566648656201
10.54 107742581560 0.6347728016532019
10.56 107742536068 0.6345830561757311
10.58 107742123072 0.6346472241402052
10.6 107741718712 0.6345234265868392
10.62 107741696220 0.6348136409420528
10.64 107741374720 0.634729178471046
10.66 107740899680 0.6347046567408396
10.68 107740274128 0.6346761201844433
10.7 107740050716 0.6347744099974105
10.72 107740801892 0.6348592070229807
10.74 107739575572 0.6348129832632683
10.76 107739818884 0.6348146047238223
10.78 107739509020 0.6348746855413254
10.8 107739398348 0.634894866938247
10.82 107739934492 0.6348850655704016
10.84 107739524896 0.6350344810369184
10.86 107738639112 0.6349952271013559
10.88 107738795248 0.6348590029851441
10.9 107738985516 0.6347819969464062
10.92 107739078376 0.6346927736844826
10.94 107738463324 0.6347650368375576
10.96 107738038028 0.6348299050632678
10.98 107737942068 0.634688537255844
11.0 107737205112 0.6346359294365702
11.02 107736931352 0.6348129929650101
11.04 107736499444 0.6348159268441045
11.06 107736587372 0.6346304398466619
11.08 107737272452 0.6347021375697267
11.1 107736662000 0.634617108642651
11.12 107736824684 0.6345823412809959
11.14 107737112940 0.6346745947262131
11.16 107737577956 0.6346123205827695
11.18 107737908108 0.6345330171702284
11.2 107738377360 0.6345802580477757
11.22 107738493716 0.6344545939803862
11.24 107738234456 0.6344107544656241
11.26 107736861188 0.6344827396719528
11.28 107736511808 0.634475622201653
11.3 107736342792 0.6343471099858646
11.32 107736592000 0.6342358551241908
11.34 107736471176 0.6342564765699875
11.36 107736233716 0.634334601003545
11.38 107736341304 0.6342383895577397
11.4 107736921340 0.6342908833715731
11.42 107737044396 0.6343846460750884
11.44 107736186536 0.6343011908006251
11.46 107737188476 0.6342364006773877
11.48 107737628860 0.6342854639333216
11.5 107737294624 0.6342297403578758
11.52 107737300328 0.634068310355346
11.54 107737174072 0.6341779185392594
11.56 107737219176 0.63398880817516
11.58 107737334912 0.6338810450768293
11.6 107737316708 0.634071440355833
11.62 107737540392 0.633997946039205
11.64 107735983276 0.6338252372161021
11.66 107734665772 0.6339137390918699
11.68 107734932440 0.6339926871981296
11.7 107734530132 0.6340041782961848
11.72 107734350632 0.6339720542927026
11.74 107734111784 0.6339581369661011
11.76 107734041096 0.6339474373530838
11.78 107734432340 0.6338764908659242
11.8 107734465008 0.6340103682665026
11.82 107734240564 0.634136136335242
11.84 107734424308 0.6342054144701899
11.86 107734984036 0.6341470285869337
11.88 107735444936 0.6342336567446241
11.9 107735510412 0.6343351488334621
11.92 107735509668 0.6342490487274444
11.94 107735306524 0.6342673591652903
11.96 107735168224 0.6341510762134134
11.98 107735547044 0.6343224983305045
12.0 107735718964 0.634291440026961
12.02 107735982600 0.6342833821094509
12.04 107736094908 0.6342977971671365
12.06 107735804488 0.6342646233123539
12.08 107735902276 0.6342729492297127
12.1 107735392504 0.6342069581046921
12.12 107735287048 0.6341653693373412
12.14 107735589608 0.6342732721061736
12.16 107735637636 0.6344094567414911
12.18 107735993776 0.6343226887097528
12.2 107736183376 0.6343151457608982
12.22 107736482168 0.6344602796055451
12.24 107735878096 0.634337282810605
12.26 107735093016 0.6343827540201696
12.28 107734890820 0.6344667689544322
12.3 107735095852 0.6344488496238163
12.32 107735426896 0.6345015337781004
12.34 107735357232 0.6345738366614377
12.36 107735040480 0.6345368367474957
12.38 107734976960 0.6345880069305896
12.4 107735421160 0.6346973687847021
12.42 107735436612 0.634692019161095
12.44 107735488872 0.634642651157919
12.46 107735970916 0.6345812991630705
12.48 107736161368 0.6345455142177319
12.5 107735270204 0.634509929730267
12.52 107735191276 0.6346449758496371
12.54 107735476256 0.634662371133299
12.56 107735104608 0.6345363281525237
12.58 107735332056 0.6345665494919046
12.6 107734710360 0.6344845238800265
12.62 107735437012 0.6345793302028884
12.64 107735325844 0.6346938391297369
12.66 107735526452 0.6346943325521897
12.68 107735626996 0.6346065874337833
12.7 107735800432 0.6346258884158653
12.72 107735567740 0.6345771016559845
12.74 107735818980 0.6346747372878296
12.76 107735313452 0.6349317639648882
12.78 107734474944 0.6349331590122282
12.8 107733659744 0.634876918220245
12.82 107733275588 0.6348649210518116
12.84 107734008308 0.6348148704584012
12.86 107734621888 0.6345920311882227
12.88 107734453516 0.6345870196907903
12.9 107734721852 0.634644226174352
12.92 107734388828 0.6346797049856642
12.94 107734758268 0.6347079670272939
12.96 107735673204 0.6346592161471488
12.98 107736618696 0.6345805790780585
13.0 107736513168 0.6346324642868881
13.02 107737195008 0.6346558494998238
13.04 107737321848 0.6347212182547285
13.06 107737119764 0.634648594047747
13.08 107737303248 0.6346839660581012
13.1 107737985288 0.6346748792340788
13.12 107737505476 0.6346938494850627
13.14 107737764476 0.634619371978868
13.16 107737893552 0.6348073024521054
13.18 107737814020 0.6347720907694838
13.2 107738580388 0.6348040600729247
13.22 107737914524 0.6347837446405669
13.24 107737601104 0.6347258803488431
13.26 107737803660 0.6346045031101486
13.28 107738381532 0.6346710286261406
13.3 107738250720 0.6347247999109707
13.32 107738233832 0.6346689915127416
13.34 107738714416 0.6347329160109534
13.36 107738677676 0.6346480548354164
13.38 107738571696 0.6346539929448257
13.4 107738232540 0.6345529264059753
13.42 107737898584 0.6345643858725116
13.44 107738195188 0.6343787680608935
13.46 107738716300 0.6343839082963452
13.48 107739535440 0.6344515958796648
13.5 107739506796 0.6344368094349915
13.52 107739728476 0.6344013155863285
13.54 107739340916 0.6344513559137541
13.56 107739891152 0.6346116731198843
13.58 107739366080 0.6345276596712267
13.6 107738491780 0.6346517841477328
13.62 107738492452 0.6346626635976844
13.64 107738009340 0.6347654811224437
13.66 107737970804 0.6347784323304712
13.68 107736872200 0.6346885104170895
13.7 107737852844 0.6347345779701786
13.72 107737679740 0.63491535848249
13.74 107737411076 0.6348792826284853
13.76 107737075416 0.6349426093915027
13.78 107737293076 0.6350333494346329
13.8 107737585220 0.6349863412461306
13.82 107737204276 0.6349121306264878
13.84 107737376228 0.6350652496023097
13.86 107737047412 0.634851869434264
13.88 107737085848 0.6347762806077726
13.9 107736993340 0.6347122815700998
13.92 107736720448 0.6346097786715803
13.94 107736616932 0.6345361925930204
13.96 107735976560 0.63456709444532
13.98 107736161376 0.6346222057319798
14.0 107736092884 0.6346980444776488
14.02 107735714888 0.6344903588807111
14.04 107735140340 0.6346083857561359
14.06 107735950216 0.6346476660793086
14.08 107735666272 0.6345086837390836
14.1 107735184012 0.6346059901692974
14.12 107735306660 0.6345024536496933
14.14 107735145384 0.6345960175255738
14.16 107734680084 0.6345559884058938
14.18 107734625412 0.6346993748781078
14.2 107734851400 0.6345618634081978
14.22 107735066080 0.6345972737731778
14.24 107734836480 0.634642435621357
14.26 107735362720 0.6347296075007732
14.28 107735148836 0.6346318835923795
14.3 107735151540 0.6346322224038349
14.32 107735088160 0.6346175946558553
14.34 107734858936 0.6347417813413385
14.36 107735581296 0.6346938950569718
14.38 107735232240 0.6347446389842486
14.4 107735819660 0.6347887738671539
14.42 107735386924 0.6346724331896044
14.44 107735109716 0.6347421897310617
14.46 107734688824 0.6346365319093746
14.48 107734621012 0.6346645979474331
14.5 107734289872 0.6347684223706297
14.52 107734005128 0.6347938205662733
14.54 107734240780 0.6348196405458104
14.56 107734319864 0.6349159441591362
14.58 107734222128 0.6348130635124606
14.6 107734852892 0.6347731744890504
14.62 107734506332 0.634731629349617
14.64 107734304564 0.6348099947219714
14.66 107733978896 0.6346940258246416
14.68 107733920796 0.6346269455613938
14.7 107734390380 0.6345741621776753
14.72 107734165588 0.6346132147643644
14.74 107735453884 0.6346742527002464
14.76 107735941748 0.6345251201009892
14.78 107736464360 0.6347650612892589
14.8 107736613268 0.6347061616335253
14.82 107736199756 0.6346486496242325
14.84 107735270152 0.6346645259301551
14.86 107735338416 0.6346662318663188
14.88 107734900452 0.6347138819153282
14.9 107734684248 0.6346755734107319
14.92 107734789392 0.6346439806456774
14.94 107735014976 0.6345184924863629
14.96 107734647492 0.6344790212397617
14.98 107734790368 0.6344570189771795
15.0 107734433956 0.634346083684874
15.02 107734299336 0.634292974313289
15.04 107734631632 0.6344674019991516
15.06 107735044716 0.6345031278293064
15.08 107735201744 0.6344819346885366
15.1 107735452860 0.6343849191361146
15.12 107735057804 0.6342970661015294
15.14 107735136412 0.634255051953591
15.16 107735457880 0.6341299503525355
15.18 107735681336 0.6341507920744415
15.2 107735924916 0.6341698496211113
15.22 107736171612 0.6341748213227685
15.24 107736212872 0.6342652921454409
15.26 107736974532 0.6342180221275324
15.28 107737772908 0.6342017808729056
15.3 107737654728 0.6340622922246154
15.32 107737016864 0.6341792409231517
15.34 107737066032 0.6342870886717051
15.36 107736512780 0.6342685016791929
15.38 107736743172 0.6343322755477843
15.4 107737186428 0.634144330158081
15.42 107738018968 0.634121763875524
15.44 107738127004 0.6339764626366022
15.46 107738257560 0.6338162379325271
15.48 107738001992 0.6338591854449348
15.5 107737864204 0.6338356891687629
15.52 107738623044 0.6337770412599892
15.54 107738832352 0.6339689797990026
15.56 107737958064 0.634027755131223
15.58 107737991792 0.6340251324810933
15.6 107738398676 0.6340398671229884
15.62 107738700968 0.6342042389370319
15.64 107738098432 0.634203568903447
15.66 107737905204 0.6343321772078074
15.68 107737999876 0.634381284435129
15.7 107737901844 0.6344294053422219
15.72 107738538956 0.63447281572586
15.74 107738033976 0.6345453997429711
15.76 107738045760 0.6345355228723295
15.78 107738614624 0.6345368036833093
15.8 107739027936 0.6345005912160162
15.82 107738859200 0.6345143514786548
15.84 107738690432 0.6344147286865103
15.86 107738500324 0.6343710171847107
15.88 107738028044 0.6344293886360302
15.9 107738161440 0.6344046644059178
15.92 107738417888 0.6344788736102758
15.94 107739547876 0.6344726950520821
15.96 107739605308 0.6344162612775006
15.98 107739456672 0.634340542551001
16.0 107740130804 0.6344343847780186
16.02 107739778596 0.6345662760596529
16.04 107739696388 0.6346551277717777
16.06 107739487460 0.6345065594520514
16.08 107739205264 0.6345681206581606
16.1 107739392452 0.6345690276609993
16.12 107739187516 0.6346350724380508
16.14 107739281828 0.6345356150447424
16.16 107738230852 0.6345122580601323
16.18 107737386328 0.6344158958200076
16.2 107737536336 0.6344959516744413
16.22 107737476540 0.6345011544158154
16.24 107737444108 0.6344576419487612
16.26 107737590924 0.634416090939799
16.28 107737202912 0.6344841384158441
16.3 107736862144 0.6344001891418418
16.32 107737752400 0.6343980565109351
16.34 107737852704 0.6344212601408745
16.36 107737502680 0.6344670799163963
16.38 107737478924 0.6344395856381888
16.4 107737572256 0.6344313453993184
16.42 107737350060 0.6344221862255949
16.44 107737451256 0.6343498320629838
16.46 107737593404 0.6345436773369626
16.48 107737728964 0.6343681010797062
16.5 107736797640 0.6344253502483422
16.52 107736401536 0.6344265223699658
16.54 107735767324 0.6343821687254005
16.56 107736360716 0.6343687346408209
16.58 107736833784 0.6343877410337672
16.6 107737319128 0.6345117222280532
16.62 107737804264 0.634559829995673
16.64 107737562604 0.6345698038705789
16.66 107738061100 0.634640068019476
16.68 107737862200 0.6345771628951408
16.7 107738155712 0.6346813627070479
16.72 107738635988 0.6347549020289407
16.74 107738909764 0.6347268498231199
16.76 107739635304 0.6345733038296157
16.78 107739905184 0.6345638997558437
16.8 107739797624 0.6345801303713708
16.82 107740259180 0.6346981613857526
16.84 107740370240 0.6349004215806114
16.86 107740432812 0.6350035301545064
16.88 107740066392 0.6348733116481928
16.9 107739877432 0.6348365879686755
16.92 107739943868 0.6349347317968997
16.94 107739920540 0.6348841860501748
16.96 107739774720 0.6349518284077044
16.98 107739983308 0.6348960022817465
17.0 107740244684 0.6348665522724112
17.02 107740754940 0.6348282339227255
17.04 107740486052 0.6347096735140256
17.06 107740359020 0.6346255805409047
17.08 107741036992 0.6347054625648265
17.1 107740541764 0.6346504634059356
17.12 107741138244 0.6347390158826928
17.14 107741040196 0.6347125357804462
17.16 107740564096 0.6345388226158934
17.18 107740284140 0.6345744266111818
17.2 107740092508 0.6344446507838715
17.22 107739919244 0.6343020585387551
17.24 107739582604 0.634382127636125
17.26 107739725256 0.6344213214432436
17.28 107739550912 0.6344775922325842
17.3 107740056612 0.6344369147087757
17.32 107740551112 0.6343811809491134
17.34 107740676364 0.6342388340021999
17.36 107741273580 0.6342056440597911
17.38 107741765900 0.6341496800556612
17.4 107741536624 0.6342326539738219
17.42 107741837540 0.6343716701602051
17.44 107741132632 0.6343564416975367
17.46 107741070448 0.6343792318786138
17.48 107741057176 0.6343692535127596
17.5 107740967404 0.6344504954915272
17.52 107740226740 0.6345246709809077
17.54 107740326716 0.6345099274505872
17.56 107740338160 0.6343757411593521
17.58 107740450996 0.6343820096076703
17.6 107739998808 0.6344064889562959
17.62 107739844660 0.6343153060669012
17.64 107739433312 0.6343835182678601
17.66 107739162760 0.634458243563272
17.68 107738996920 0.6344779758190356
17.7 107738796436 0.6343892820661954
17.72 107739079004 0.6344266837558852
17.74 107738596532 0.6345075213749356
17.76 107738789348 0.6344923739663163
17.78 107738270500 0.6345219802772311
17.8 107738020632 0.6345564909456852
17.82 107738316816 0.6346810067190706
17.84 107737933064 0.63460908273926
17.86 107738132784 0.6344602984434728
17.88 107738181500 0.6346477049953556
17.9 107738550740 0.6346222790574817
17.92 107739368080 0.634700125562276
17.94 107739275744 0.6346764079968474
17.96 107739375704 0.6346693793128254
17.98 107739649712 0.6346706514702589
18.0 107739999524 0.6347404023057777
18.02 107740075260 0.6348132689752849
18.04 107740161204 0.6348233773045395
18.06 107740127444 0.6349841489426384
18.08 107739805388 0.6349330960723697
18.1 107740388608 0.6350743293800639
18.12 107740039072 0.635104001082659
18.14 107740426780 0.6351682771624273
18.16 107740107808 0.6352006920714919
18.18 107739957688 0.6351103844247357
18.2 107740998788 0.6350903051350697
18.22 107741142928 0.6350773823559223
18.24 107741504388 0.635122942808961
18.26 107741381752 0.6351716284394884
18.28 107741943632 0.6353361520778287
18.3 107742074364 0.6353013259106749
18.32 107741119148 0.6352858299635968
18.34 107741015372 0.6352867027183953
18.36 107741004908 0.6353060511079851
18.38 107740408496 0.6353601239937088
18.4 107739929304 0.6354016562297137
18.42 107740814132 0.6353885938222457
18.44 107740945840 0.6353182688931908
18.46 107740551284 0.6353504509475763
18.48 107740711292 0.6353105327716602
18.5 107740499904 0.6354415314255238
18.52 107740862304 0.6354874989664228
18.54 107739997824 0.6353106718834788
18.56 107740601412 0.6351587441274225
18.58 107740230412 0.6351640062856037
18.6 107739495224 0.6352469027130848
18.62 107738989880 0.6352225148926982
18.64 107738835748 0.6352695297476767
18.66 107738846784 0.6352730979299115
18.68 107738776032 0.6350482650798843
18.7 107739185316 0.6351230481148223
18.72 107739014500 0.6351033540198601
18.74 107739185740 0.6350145036636667
18.76 107738643552 0.6350952134791312
18.78 107738624236 0.6352396601878938
18.8 107738593192 0.6350578302202652
18.82 107737881404 0.6348716928142265
18.84 107738230312 0.634968621498111
18.86 107738511512 0.6350720189536323
18.88 107737739816 0.635055815805832
18.9 107737797892 0.6349854234026726
18.92 107737070768 0.63491038737366
18.94 107736149584 0.6349455283327521
18.96 107736735136 0.6348998909098376
18.98 107737174388 0.6348021829057418
19.0 107737100788 0.6348316209955904
19.02 107736518824 0.6348653367242392
19.04 107736736324 0.6347396393337189
19.06 107736991748 0.6347507532615099
19.08 107736345252 0.6349078058808455
19.1 107736754048 0.6350288386389195
19.12 107737215672 0.6351172186785012
19.14 107737103636 0.6350951276216404
19.16 107737041508 0.6349407925550846
19.18 107737360620 0.634958343656347
19.2 107737043216 0.6348878025837192
19.22 107736604716 0.6349654403069176
19.24 107735923696 0.6349184459718389
19.26 107736435616 0.6348496098918393
19.28 107736697880 0.6348494969778625
19.3 107737062616 0.6349070517228583
19.32 107737361832 0.6348515309316893
19.34 107737046236 0.634835373612707
19.36 107737128740 0.6347694542826949
19.38 107737330288 0.6349989279620293
19.4 107738875112 0.6350334301031573
19.42 107738981920 0.6350166427765821
19.44 107739753152 0.6352409850523302
19.46 107740473016 0.635345846116288
19.48 107739899216 0.6351350840884868
19.5 107740077288 0.6350119246447592
19.52 107740358900 0.6350745253620307
19.54 107739739220 0.6350489150852328
19.56 107740131160 0.6350500810377788
19.58 107740620516 0.6349502341604809
19.6 107741286964 0.6348700706360422
19.62 107742016428 0.6348436465319447
19.64 107741833776 0.6347071674069407
19.66 107741931588 0.6345800632957759
19.68 107741929600 0.6346056710518138
19.7 107741293196 0.6344591917557618
19.72 107741341012 0.6344432235672572
19.74 107740910224 0.6344249216686328
19.76 107741653800 0.6345551734245982
19.78 107742192672 0.6343539621507519
19.8 107741996292 0.634412495551282
19.82 107741886036 0.6346184777094519
19.84 107742674620 0.6345745091821554
19.86 107742676860 0.6346413793184412
19.88 107742268852 0.6346423292430121
19.9 107742586784 0.6346008228832604
19.92 107742461476 0.6346293334044234
19.94 107742601320 0.6347344809318305
19.96 107742840212 0.6347739681780395
19.98 107743271700 0.6348917355578043
20.0 107742529184 0.6348445832495528
20.02 107742132256 0.6347711145549642
20.04 107741981412 0.6346932009292918
20.06 107743090668 0.6346001484340669
20.08 107743550956 0.6344980185432616
20.1 107742790848 0.6346442679999021
20.12 107742254972 0.634629220913908
20.14 107741385820 0.6344454626335897
20.16 107741186128 0.6344099506073598
20.18 107741570076 0.6344572203918121
20.2 107741485588 0.6345451558547638
20.22 107741262380 0.6345331945476325
20.24 107741059912 0.6345446090410796
20.26 107741722920 0.6345907330659459
20.28 107741730764 0.6345957592906566
20.3 107741064096 0.6346307635368463
20.32 107741370248 0.6345687482254367
20.34 107740840912 0.6345296979939055
20.36 107740545864 0.6346256084789903
20.38 107740272584 0.6345900179361349
20.4 107740800616 0.6344472405233095
20.42 107740974688 0.6343956401285701
20.44 107740752712 0.6343186624001714
20.46 107740759628 0.6343801202793126
20.48 107740907672 0.6344301233996354
20.5 107740738876 0.6345497450497148
20.52 107739666960 0.6347296073000706
20.54 107740636016 0.6346702861111301
20.56 107741437760 0.6347581360573266
20.58 107741759048 0.6347424216189423
20.6 107741092276 0.6348278136477512
20.62 107740632660 0.6348260794485561
20.64 107740818108 0.6348834652654112
20.66 107741057596 0.6348498175059266
20.68 107741392412 0.6346985120453406
20.7 107741145548 0.6347903738643663
20.72 107740208048 0.6347299056766393
20.74 107739521900 0.6345855581208066
20.76 107739395832 0.634676862756143
20.78 107738942928 0.6346654885122744
20.8 107738875648 0.6346077369856211
20.82 107738371544 0.6344239152441268
20.84 107738651828 0.634561191959752
20.86 107738782280 0.6346243556575577
20.88 107738746692 0.6346891688749324
20.9 107738448136 0.6347434010610776
20.92 107739228076 0.6348271361632246
20.94 107739567184 0.6346971432095807
20.96 107738764464 0.6346263153325427
20.98 107739200400 0.6348517628238071
21.0 107740088572 0.6349091745186444
21.02 107740216208 0.6350339453559972
21.04 107739570188 0.6350648981698114
21.06 107738997616 0.6350839122563401
21.08 107738876856 0.635215415887834
21.1 107739116480 0.6352149063168218
21.12 107739496080 0.6351603815140283
21.14 107739547792 0.6351444998572393
21.16 107739973552 0.6351980545968092
21.18 107740567600 0.6351423023159218
21.2 107739669628 0.6349581814606102
21.22 107739053164 0.6349144473613578
21.24 107738836232 0.6348924363382178
21.26 107738515212 0.6347781067314799
21.28 107738790772 0.6348721184577817
21.3 107738235712 0.6349349037645282
21.32 107738068552 0.6348622498654717
21.34 107737948440 0.6349242045929029
21.36 107737246192 0.6348796903099236
21.38 107737421756 0.6350069305043903
21.4 107737124904 0.6349204200698597
21.42 107737236352 0.6350976083301292
21.44 107737230040 0.6349722078874253
21.46 107737326228 0.6349785131561888
21.48 107737453468 0.6349598611791007
21.5 107737758720 0.6349805656087555
21.52 107737618596 0.6350015840181448
21.54 107738886580 0.6349711302163286
21.56 107738490632 0.6349698396139645
21.58 107737816936 0.6349049679138354
21.6 107738263556 0.6350670674875643
21.62 107738806088 0.6352282417489564
21.64 107738734744 0.6352392753882742
21.66 107739007380 0.6352123458968721
21.68 107739351676 0.6351147789080624
21.7 107739343932 0.6350139302599654
21.72 107738903976 0.6350110012052982
21.74 107739734992 0.6350262317455225
21.76 107739242680 0.6349530062508558
21.78 107739134860 0.6349517575103303
21.8 107737946956 0.6349976422038948
21.82 107737619732 0.634915903148614
21.84 107737700748 0.6349140625645473
21.86 107737909768 0.6348461357986512
21.88 107738014816 0.6348840190568383
21.9 107738249540 0.6349145170848279
21.92 107738974296 0.634863150124263
21.94 107738941740 0.6347836215386353
21.96 107738325624 0.6347568440545737
21.98 107738021092 0.6347073369808153
22.0 107737779308 0.6346496951346662
22.02 107737111048 0.63451633932756
22.04 107736881944 0.634487772733813
22.06 107736945616 0.6345055263747172
22.08 107736919948 0.634673156116385
22.1 107737137564 0.6348117967346706
22.12 107738397564 0.6349307356490039
22.14 107738011096 0.6347512898607741
22.16 107737548320 0.6348338720914067
22.18 107736800464 0.6347329332712579
22.2 107736451628 0.6347765529301779
22.22 107735958196 0.6347941806925701
22.24 107735855136 0.6348285413390296
22.26 107735788316 0.6349237901394968
22.28 107736312596 0.634988476962346
22.3 107735705420 0.6349497073696272
22.32 107735287144 0.6349508045253167
22.34 107735669296 0.6349504654355653
22.36 107735660964 0.6348638761472388
22.38 107735292680 0.6348755601839965
22.4 107734928672 0.6348700384940433
22.42 107735741428 0.63483435000779
22.44 107735866804 0.6347389795175669
22.46 107736397012 0.6348540779836522
22.48 107736806016 0.6348165428052239
22.5 107737071008 0.6348619683634518
22.52 107736353964 0.6348030283541796
22.54 107736549792 0.6347373304087975
22.56 107736982756 0.6346200376162129
22.58 107736680464 0.6345414615223268
22.6 107736489100 0.6344956585869537
22.62 107736436580 0.634508244266208
22.64 107736285040 0.6346246948954146
22.66 107736352252 0.6347353874382623
22.68 107736084704 0.6347615788355998
22.7 107736418804 0.6346260247422184
22.72 107735675556 0.6346761695299263
22.74 107735980912 0.6346380244581389
22.76 107735861472 0.6347182684211028
22.78 107736035180 0.634740592125445
22.8 107736150696 0.6347955777846518
22.82 107736400848 0.6348166672358776
22.84 107737097828 0.6349792059238587
22.86 107737170916 0.6348949252113355
22.88 107737828888 0.6348101317692977
22.9 107737624212 0.6348084727434964
22.92 107737654180 0.634774204880795
22.94 107737307528 0.634772035729027
22.96 107736827612 0.6346010258243927
22.98 107737494632 0.6346429522229087
23.0 107737570336 0.6347107592218418
23.02 107737473060 0.6346619114164513
23.04 107737217940 0.6346125379968023
23.06 107737677096 0.6345508368815227
23.08 107737394136 0.6345723080592933
23.1 107737353400 0.634478776759569
23.12 107737992036 0.6346366168999805
23.14 107737623588 0.634727857605334
23.16 107737347692 0.6347927311573113
23.18 107737164140 0.6347998844739543
23.2 107736650584 0.6348006284744707
23.22 107737296648 0.6347628649335354
23.24 107737237172 0.6348353859584441
23.26 107736936612 0.6349492733409481
23.28 107736865192 0.6349004766900403
23.3 107735679724 0.6347984205179122
23.32 107735767092 0.6346699408056728
23.34 107736263884 0.6346910700271422
23.36 107736338364 0.6347505011350701
23.38 107736203312 0.6347359792094882
23.4 107736699316 0.6346783944934445
23.42 107737312396 0.6346834202283622
23.44 107736321332 0.6347572338506222
23.46 107736968480 0.6348941761433273
23.48 107736912428 0.6349014558426327
23.5 107736503816 0.6349060486181498
23.52 107736436032 0.6349178007613471
23.54 107735853428 0.6347432620106415
23.56 107735001916 0.634942716032703
23.58 107735467112 0.6348297806686674
23.6 107735159720 0.6349477934108536
23.62 107734708520 0.6350253671444878
23.64 107734754132 0.6350057752101965
23.66 107733764332 0.6351963142641499
23.68 107733120256 0.6351437154140323
23.7 107734071284 0.635048397201453
23.72 107734255992 0.6351249364450147
23.74 107734552248 0.635080077985581
23.76 107735441452 0.6350835731684944
23.78 107735166948 0.6351835392017111
23.8 107736055760 0.6352137738291257
23.82 107735895616 0.6350903916164224
23.84 107735957240 0.6350549533193963
23.86 107736275740 0.6349054049810327
23.88 107736140312 0.6348496408848381
23.9 107736400968 0.6348433355025961
23.92 107736278584 0.6348329777883466
23.94 107736617360 0.6348700545124006
23.96 107736061832 0.6348706153911052
23.98 107736457160 0.6349946361728535
24.0 107736007804 0.6348822293095764
24.02 107736001856 0.6348633351364951
24.04 107736575264 0.6349540989558522
24.06 107736594880 0.6349208745959428
24.08 107736482488 0.6348279272969491
24.1 107735838576 0.6348242353919705
24.12 107736485404 0.6348611181249626
24.14 107736372176 0.6348067233510244
24.16 107736285984 0.6347738638110105
24.18 107735788668 0.6347025102093373
24.2 107735770520 0.6348224754638147
24.22 107735545920 0.6347018089898427
24.24 107735054196 0.6346590853553745
24.26 107735516312 0.6346306101152064
24.28 107735592764 0.6345549953358816
24.3 107735385268 0.6346470487434777
24.32 107735005524 0.6347402111283091
24.34 107735818420 0.6348324439755662
24.36 107735656528 0.634736624022943
24.38 107735663316 0.6347991280748081
24.4 107735602896 0.6348577586643835
24.42 107735327708 0.6348597488888309
24.44 107735720972 0.6347928044982201
24.46 107735526136 0.6347367799365511
24.48 107735156208 0.6345545242328593
24.5 107735121796 0.6344684986366228
24.52 107735680024 0.6345068321878793
24.54 107736125376 0.634599991271948
24.56 107735982132 0.6345995378786526
24.58 107736667452 0.6346076741801991
24.6 107736785464 0.6345465037147581
24.62 107737676292 0.6344408461963237
24.64 107738547420 0.6344613484292979
24.66 107738947228 0.6344826124182263
24.68 107738640376 0.634537669101996
24.7 107738402164 0.634669814205122
24.72 107739369788 0.6346227500537236
24.74 107740012876 0.6346078883262167
24.76 107739734176 0.634645527633168
24.78 107739707840 0.6345578591599118
24.8 107739444804 0.6345066093841094
24.82 107739874404 0.6345199299337094
24.84 107739893956 0.6345447041612684
24.86 107739665800 0.6345899113734232
24.88 107738886996 0.6344100452885738
24.9 107738006432 0.6343458926545511
24.92 107738056880 0.6342856175390859
24.94 107737680696 0.6341436844092733
24.96 107737017696 0.6341321782789051
24.98 107737052516 0.6342985795536272
25.0 107737632128 0.6344158290489612
25.02 107737591848 0.6342957650528209
25.04 107737247876 0.634363894517007
25.06 107736913388 0.634262596302245
25.08 107737319620 0.6342767343401842
25.1 107736296888 0.634260754855563
25.12 107736717456 0.6342713012513999
25.14 107735669884 0.6341420375896938
25.16 107735995580 0.6341072306492396
25.18 107735788876 0.6341199342181353
25.2 107735369136 0.6341971308408085
25.22 107736001360 0.6342868476459687
25.24 107735594192 0.6343438246208567
25.26 107735142296 0.6343176174703606
25.28 107735006740 0.6342174866327183
25.3 107735182612 0.6342426220405001
25.32 107734998828 0.6341573284441706
25.34 107734812820 0.6340930000300601
25.36 107735282600 0.6341424600804516
25.38 107735478992 0.6341523634592048
25.4 107735525756 0.6342025337740129
25.42 107737401940 0.6343627813304413
25.44 107737193100 0.6343067065082667
25.46 107736996372 0.6343045041682773
25.48 107737167844 0.6343180714289076
25.5 107736772340 0.6343910394486739
25.52 107737367232 0.6344104545731014
25.54 107737544336 0.6345077803850755
25.56 107736872112 0.6343776545356702
25.58 107737044520 0.6344959926589093
25.6 107737008384 0.634644095030268
25.62 107736872180 0.6347788076311676
25.64 107736098796 0.6347667960961285
25.66 107736086184 0.6348653313561208
25.68 107736758932 0.6349342728291077
25.7 107736803776 0.6349280241117287
25.72 107737447480 0.6349043566866912
25.74 107737087432 0.6348394697920483
25.76 107737086908 0.6348274908242367
25.78 107737576572 0.6348674007618162
25.8 107737525252 0.6348031457949069
25.82 107737189108 0.6348728978169046
25.84 107736722872 0.6348078969895958
25.86 107736655128 0.634812535606451
25.88 107736592076 0.634612762238222
25.9 107736617880 0.6346327215111607
25.92 107736341916 0.634648910496945
25.94 107736772664 0.6347273303680334
25.96 107737315052 0.6347605367816533
25.98 107737723568 0.6348360285353962
26.0 107737755664 0.6347926704926725
26.02 107737493664 0.6347761534567534
26.04 107738547804 0.6347546555528768
26.06 107738972292 0.634851779721422
26.08 107738655372 0.6349003482676048
26.1 107738848280 0.634899324008294
26.12 107737943996 0.6347699966110428
26.14 107737028828 0.6349023853937379
26.16 107737055972 0.6347361454948782
26.18 107736960404 0.6348612370476618
26.2 107736655620 0.6348734109900397
26.22 107737718128 0.6349153293015426
26.24 107738226540 0.6346631713595869
26.26 107737589520 0.6347229546744099
26.28 107737262484 0.6346647409582482
26.3 107737232068 0.6346758597967984
26.32 107736999824 0.6347909047690417
26.34 107737260580 0.6349553659493885
26.36 107736616344 0.6349778979979253
26.38 107737669912 0.6348951183548738
26.4 107737802196 0.6348635265944554
26.42 107737969608 0.6348653770283675
26.44 107738104632 0.6347869383346428
26.46 107738352932 0.6347972517457158
26.48 107738280032 0.6347417006809355
26.5 107738205000 0.6349549211940841
26.52 107738611504 0.6350011775071418
26.54 107738480276 0.6348118578351201
26.56 107739266440 0.6349845984826993
26.58 107739461060 0.6349522585073994
26.6 107739231208 0.6349405543420404
26.62 107738909048 0.6349265388011789
26.64 107737728000 0.6350402781423633
26.66 107738048200 0.6349268882224903
26.68 107738029520 0.6349979113698805
26.7 107738014388 0.6350073072153333
26.72 107738050296 0.635025830249658
26.74 107737321524 0.6349001928258295
26.76 107737895760 0.6348755887945315
26.78 107738432200 0.6348427971581956
26.8 107738132924 0.634871220311046
26.82 107738264896 0.6349189480963896
26.84 107737672384 0.6349948020484885
26.86 107738187984 0.6351738963398015
26.88 107738372540 0.6352470875738838
26.9 107738079876 0.6351706912172703
26.92 107737871744 0.6352426487890197
26.94 107737596960 0.6351251947432655
26.96 107737782788 0.635130245027779
26.98 107737736584 0.6351937471572916
27.0 107738068940 0.6354280159013792
27.02 107737842952 0.6353433997208249
27.04 107737967436 0.6352612521433053
27.06 107737743916 0.6351964199093628
27.08 107737808296 0.6351856764200747
27.1 107738424756 0.6351252277102379
27.12 107738041208 0.6352042248729033
27.14 107738747624 0.6351929370474694
27.16 107738534160 0.6351377869600927
27.18 107738548472 0.6350584940560383
27.2 107738354796 0.6350546317572586
27.22 107738478176 0.6350530851690441
27.24 107738980732 0.6350243558569265
27.26 107739202728 0.6350683587197228
27.28 107739057576 0.6350723427133839
27.3 107739068328 0.6348979435533652
27.32 107739531236 0.6348706685493927
27.34 107740122484 0.6348914322634911
27.36 107740334068 0.6350108831574223
27.38 107740778496 0.6348690644993396
27.4 107741024248 0.6347774407511372
27.42 107740640540 0.6348229623409543
27.44 107740679504 0.6348093304124087
27.46 107740238016 0.6346052694827369
27.48 107740635312 0.6345668114570683
27.5 107740187496 0.634655716872115
27.52 107740135368 0.6346527801639283
27.54 107740301796 0.6347268164664162
27.56 107739589208 0.634658752164098
27.58 107739793016 0.6345235127988751
27.6 107739362260 0.6344905069100214
27.62 107739312052 0.6344019928464715
27.64 107739038076 0.6344060819787671
27.66 107739295180 0.6343814202531773
27.68 107738907548 0.634466976175626
27.7 107739088524 0.6346256290544603
27.72 107739263408 0.6346673810239891
27.74 107739294836 0.6346610795654747
27.76 107739131908 0.6346359817234043
27.78 107739089172 0.6347782288477688
27.8 107738824988 0.6346672093384369
27.82 107738768100 0.6346739381162505
27.84 107737929896 0.6347257296621103
27.86 107738321388 0.6347483917560203
27.88 107739212712 0.6348398231489133
27.9 107739455240 0.6348818428622935
27.92 107739439700 0.6349802480419385
27.94 107738658196 0.6349223859435443
27.96 107738963320 0.6350547643997402
27.98 107738896152 0.6350929933941353
28.0 107738866948 0.635032955659223
28.02 107738539476 0.6350084337991542
28.04 107739324312 0.6350600771138255
28.06 107739276568 0.6349845306206058
28.08 107738665168 0.6351252432341045
28.1 107738300708 0.6351210499197186
28.12 107737640672 0.6351612502226571
28.14 107738210492 0.6351688825136301
28.16 107738491460 0.6350438511544576
28.18 107738761524 0.6349232669847091
28.2 107738832744 0.63504936021839
28.22 107739318900 0.6350158932238711
28.24 107739351800 0.63506510258906
28.26 107739586408 0.6349083752064052
28.28 107739957548 0.6350022887932693
28.3 107739892484 0.6350381087144831
28.32 107739796160 0.6350988067391026
28.34 107740334988 0.6350253217462312
28.36 107740822556 0.6349770172969805
28.38 107740926104 0.6351714440982309
28.4 107740554412 0.6350632996474704
28.42 107740877480 0.6350230859315236
28.44 107740835868 0.6351597741663045
28.46 107740725324 0.6350845949581048
28.48 107740639988 0.6350665654298167
28.5 107740467308 0.6350388656592629
28.52 107739958496 0.6350870790910546
28.54 107739204608 0.6349714931581742
28.56 107739163576 0.6350656395929513
28.58 107740167944 0.6351112322439951
28.6 107740041468 0.6351672633470761
28.62 107740496248 0.6350882740601309
28.64 107740986764 0.6349808373417762
28.66 107740639032 0.6348452408955862
28.68 107740017124 0.6349052666356485
28.7 107740078704 0.6348424542831018
28.72 107740079512 0.6349341200528593
28.74 107739899300 0.6349573156795613
28.76 107739111240 0.6348676118448573
28.78 107739572660 0.6347920276545438
28.8 107740340928 0.6346853143974317
28.82 107740241976 0.6347987834393878
28.84 107740320432 0.6347472744576403
28.86 107740457368 0.6346318384558042
28.88 107741016580 0.6344903359830825
28.9 107740960288 0.6345636636008636
28.92 107740187692 0.6345688828602651
28.94 107740050724 0.6347170794925283
28.96 107739746588 0.6345964963230238
28.98 107739615344 0.6346378312504262
29.0 107739222104 0.6345893820275736
29.02 107738965784 0.6347326723958171
29.04 107739067228 0.6347796350951855
29.06 107738725728 0.6346764690145859
29.08 107738455240 0.6347213669686591
29.1 107738883952 0.6347489591035678
29.12 107739514176 0.6346664678151825
29.14 107738501220 0.6347773985896709
29.16 107738405636 0.6347730630107886
29.18 107738850528 0.634639177063338
29.2 107738828528 0.6345120987206452
29.22 107738800920 0.6346115124811363
29.24 107738614784 0.6345585585639132
29.26 107738589140 0.6344717658088821
29.28 107737918524 0.6344882799241728
29.3 107737627568 0.6345203818998546
29.32 107737834572 0.6345230288287842
29.34 107737571976 0.6347628898947947
29.36 107737310976 0.6347855272325582
29.38 107737007596 0.6347200365475826
29.4 107737255572 0.6347539467197421
29.42 107736526072 0.6348738660981329
29.44 107736240508 0.6349385247105587
29.46 107735821428 0.6350840461415982
29.48 107735822476 0.6350168908204021
29.5 107735369352 0.6347817323051583
29.52 107735274068 0.6348181705546558
29.54 107734330432 0.634754846150513
29.56 107734753516 0.6346664755903696
29.58 107735451476 0.6346896489624944
29.6 107735555328 0.6347266601209094
29.62 107735332968 0.6347234471990678
29.64 107736363368 0.6347675131730359
29.66 107737073308 0.6348227007168026
29.68 107737287500 0.6348031721635998
29.7 107738313556 0.6346984122529936
29.72 107738207124 0.634640642855113
29.74 107738095024 0.6345964253686803
29.76 107737923756 0.6345844251351355
29.78 107738991916 0.6346355262087733
29.8 107738544220 0.6344364596312178
29.82 107737988184 0.6345943724693801
29.84 107738500868 0.634576473496427
29.86 107738806952 0.6343871463358727
29.88 107738885880 0.6345539951083902
29.9 107738285444 0.6345922916123107
29.92 107738030096 0.6346732454381275
29.94 107737632912 0.6345813236263658
29.96 107737672032 0.6345462068471316
