0.0 565907888280 0.6969483108483928
0.02 548769304420 0.6948712044194317
0.04 532344578508 0.6927659775487978
0.06 516600848776 0.6906711746622526
0.08 501504821348 0.6886826050483429
0.1 487025193592 0.6866542672308993
0.12 473134429772 0.684628201162418
0.14 459805334456 0.68270297290176
0.16 447010685800 0.6807052124599804
0.18 434727519200 0.67873680660366
0.2 422932620228 0.6769270620983159
0.22 411604118400 0.6751623131260867
0.24 400720732952 0.6733883105176953
0.26 390263552540 0.671682781246414
0.28 380213707672 0.6700293910544153
0.3 370553014432 0.6684001670383797
0.32 361264301072 0.6668222470393934
0.34 352332203344 0.6654488335330523
0.36 343741448980 0.6639397833527754
0.38 335477488252 0.6625406397770084
0.4 327526435816 0.6613474829365017
0.42 319874928972 0.6601796614022489
0.44 312511869832 0.6588185734984493
0.46 305423949792 0.6577537878915203
0.48 298599942708 0.6567190065902245
0.5 292029109264 0.6554553930951424
0.52 285701056024 0.6543531025172055
0.54 279606115028 0.6534222830519036
0.56 273735198264 0.6525075437289922
0.58 268079209504 0.6516300090739265
0.6 262628249876 0.6508766068792268
0.62 257376399064 0.6499475732056408
0.64 252313984780 0.6491168778620648
0.66 247435248812 0.6484355530841011
0.68 242731034372 0.6476342070573109
0.7 238196242088 0.647076564637723
0.72 233822878956 0.6465051917784886
0.74 229606199616 0.6458015285062576
0.76 225539726964 0.6451015215097421
0.78 221616557136 0.6445497572638599
0.8 217832158456 0.6441122722754924
0.82 214182298824 0.6435993167162607
0.84 210659809112 0.6429682338785118
0.86 207261094864 0.6425018867329532
0.88 203981277180 0.6419788622973606
0.9 200815193676 0.6416149123644057
0.92 197759318212 0.6412201594283001
0.94 194810328424 0.6408602533679049
0.96 191962490904 0.6405435414867151
0.98 189212978824 0.640166789120435
1.0 186559501168 0.6399156282736782
1.02 183995818280 0.6396542626299976
1.04 181521076336 0.6392243441896049
1.06 179130604336 0.6389642825124396
1.08 176821535664 0.6387784589927913
1.1 174591442360 0.6384509405677763
1.12 172437000588 0.638287771342136
1.14 170356143152 0.6381957457782323
1.16 168345368404 0.6379460861658661
1.18 166403122012 0.6377220379515712
1.2 164525839016 0.6376546190038079
1.22 162712280780 0.6374413384925042
1.24 160959192540 0.6372733571239185
1.26 159265073124 0.6370409617785828
1.28 157627214260 0.6367148042806675
1.3 156044304952 0.6365424772929477
1.32 154514178876 0.6364917889200905
1.34 153035162544 0.6364367281675234
1.36 151605454804 0.6362704606210678
1.38 150222646500 0.6362444849628475
1.4 148885877544 0.6361394622740313
1.42 147592984104 0.636101733087412
1.44 146342019920 0.6360298891963095
1.46 145133737860 0.6358947931465876
1.48 143964871380 0.6358958154310086
1.5 142834129376 0.6357586659546912
1.52 141740152524 0.6356600571821867
1.54 140682904408 0.6355708128900919
1.56 139658997016 0.6355231065048056
1.58 138669193492 0.6355355425005804
1.6 137712161328 0.6353597149957766
1.62 136784919324 0.6353778611322576
1.64 135887752048 0.6354569648479584
1.66 135020186492 0.6355408999965353
1.68 134180469132 0.6354007220275227
1.7 133367481600 0.6352637234308601
1.72 132581006548 0.6352033608323348
1.74 131820466940 0.6352769285659816
1.76 131083514348 0.6353638129630252
1.78 130370633180 0.6353660564208657
1.8 129680504536 0.6353380921657245
1.82 129013127976 0.6351447905633031
1.84 128366783032 0.6351139142604324
1.86 127740597112 0.6351210781381623
1.88 127135281952 0.6348584021824751
1.9 126548015808 0.6347630552374074
1.92 125979764416 0.6347886301853761
1.94 125429978584 0.6348434505179761
1.96 124897386580 0.6346026700825989
1.98 124381437172 0.6345461992535033
2.0 123881863732 0.6345912657442184
2.02 123398656260 0.6344746216271742
2.04 122929493264 0.634395622980172
2.06 122476323840 0.634347107606676
2.08 122036835636 0.634431134432953
2.1 121611918768 0.6344409306726613
2.12 121199252172 0.6345047340722105
2.14 120799639456 0.6345672554177215
2.16 120412009252 0.6345147313227245
2.18 120037221480 0.634407211919427
2.2 119673831192 0.6342776818860543
2.22 119321250892 0.6343270305274427
2.24 118980111504 0.6343969704472525
2.26 118649238772 0.6344626511969836
2.28 118328132240 0.6345070200719022
2.3 118017214188 0.6345892707282982
2.32 117716074080 0.6344632839913493
2.34 117423470856 0.634379193806264
2.36 117140778592 0.6344658035706907
2.38 116866728232 0.6343247059234562
2.4 116600632508 0.6343181032384736
2.42 116342997004 0.6342920881915268
2.44 116093191384 0.6343241808219038
2.46 115851099232 0.6343140569149962
2.48 115616131304 0.6343016534827387
2.5 115389189836 0.6342728040102393
2.52 115167634428 0.6341873819819469
2.54 114954122364 0.6342295965821383
2.56 114747081720 0.6342404397189716
2.58 114545964400 0.6342187580964908
2.6 114349895816 0.6341879075358389
2.62 114160706016 0.6340688641865808
2.64 113976548600 0.6340221057233523
2.66 113798082188 0.6341456725096681
2.68 113625597864 0.6341535236927242
2.7 113457459512 0.634129725860133
2.72 113293815892 0.6340817619247344
2.74 113136659032 0.634133781091604
2.76 112983756768 0.6343274973243094
2.78 112836490112 0.6342937211279523
2.8 112692496848 0.6342523755181598
2.82 112552509364 0.6342386466460376
2.84 112417166544 0.634094713295446
2.86 112285309448 0.6340378092171941
2.88 112158712764 0.6342298947823134
2.9 112034982196 0.6343163837048909
2.92 111914983908 0.6342303014944857
2.94 111798397348 0.6342747779207772
2.96 111685638776 0.6343317512436482
2.98 111576101272 0.6343770712164137
3.0 111469566456 0.6344842216758353
3.02 111366064500 0.6345874588376266
3.04 111265861108 0.6346357684550379
3.06 111167813468 0.6346222532531615
3.08 111073221972 0.6346252363223721
3.1 110981453004 0.6345793362519087
3.12 110892268512 0.6346701623335892
3.14 110805607356 0.6346248866587294
3.16 110720844988 0.6345522168897795
3.18 110638578620 0.6344779675522533
3.2 110559058452 0.6344670762163197
3.22 110482227044 0.6343799167260014
3.24 110407273588 0.634361139137555
3.26 110334604208 0.634357775431475
3.28 110263166844 0.6344027801660976
3.3 110194349112 0.6344640571684999
3.32 110128753080 0.6344739542609189
3.34 110063672456 0.6344795077729233
3.36 110000982536 0.6342101920314596
3.38 109939155164 0.6340930914124145
3.4 109879260232 0.6341789551752939
3.42 109821596668 0.6343305449384236
3.44 109765019532 0.6343254597306136
3.46 109710856712 0.6344288513323568
3.48 109657457512 0.6345332798542697
3.5 109605618856 0.6346466556445918
3.52 109554707092 0.634572198599837
3.54 109506001200 0.634635148098556
3.56 109457777308 0.6346788271829968
3.58 109412664868 0.6347535674777247
3.6 109368016144 0.6347137019598895
3.62 109324582960 0.6345534283070662
3.64 109282587052 0.634481805386401
3.66 109240885428 0.6345834876508765
3.68 109201037952 0.6344087873942796
3.7 109161993736 0.6344023420667982
3.72 109123866668 0.6342287393646673
3.74 109087494380 0.6342459833981591
3.76 109052912576 0.6343944953190328
3.78 109019022172 0.6343338087805701
3.8 108985138452 0.6342737605939891
3.82 108953027932 0.6343099010724557
3.84 108920910408 0.634401887660131
3.86 108890348884 0.6343551972652228
3.88 108860466252 0.6343577888604235
3.9 108831189036 0.634368316483175
3.92 108802721484 0.634309398570622
3.94 108774514340 0.6343338396366526
3.96 108746869740 0.6342419867375491
3.98 108720279992 0.6342846207800928
4.0 108694564976 0.6345209131827665
4.02 108669858740 0.6345202138076482
4.04 108645307668 0.6345780725130142
4.06 108621896108 0.6344599339267072
4.08 108599323260 0.6345331318157299
4.1 108578260196 0.6345979512638928
4.12 108557120436 0.6344252098967527
4.14 108536042308 0.634396947832239
4.16 108514687432 0.6344178609744358
4.18 108495125700 0.6342921539625963
4.2 108475928176 0.6343784892921479
4.22 108456803536 0.6343649711256267
4.24 108438308104 0.6343405042374004
4.26 108420505692 0.6343441316407283
4.28 108403176116 0.6342906287660962
4.3 108385450932 0.6343077109286385
4.32 108367846500 0.6343660146370875
4.34 108351510216 0.6343687465830808
4.36 108335695200 0.6344305573744707
4.38 108320905580 0.6344295643961416
4.4 108305603384 0.6345976569637463
4.42 108290565556 0.6344610862595637
4.44 108276313936 0.6344378801107992
4.46 108262297636 0.634596405825088
4.48 108249081748 0.6344742213842753
4.5 108235466580 0.634547067805563
4.52 108223703528 0.6345130677820418
4.54 108211969404 0.6346402081635328
4.56 108199805848 0.6344929880369803
4.58 108188587572 0.6344580165808642
4.6 108177723932 0.6345975946427723
4.62 108166469700 0.6344882442048124
4.64 108156029816 0.6345167777579849
4.66 108145719380 0.634619585556225
4.68 108135057176 0.6343816023153602
4.7 108125213708 0.6343272767831449
4.72 108115820844 0.634547832323517
4.74 108106630708 0.6346161796087026
4.76 108097668288 0.6346498583974678
4.78 108088742168 0.6346815586688119
4.8 108080848252 0.6345645319940383
4.82 108072847696 0.6346568899183025
4.84 108064867784 0.6346789105460331
4.86 108056186764 0.634579445418457
4.88 108047952840 0.6344732244622446
4.9 108040405912 0.6345615930229062
4.92 108032825728 0.634583147503426
4.94 108025294876 0.6345590021681705
4.96 108018414260 0.6346184332077731
4.98 108011775676 0.6346938528715276
5.0 108004796876 0.634664134523086
5.02 107997862948 0.6346923999944907
5.04 107991621216 0.6346312643770741
5.06 107985331632 0.6345870075442362
5.08 107978443860 0.6346210357553272
5.1 107972826348 0.6344906114139199
5.12 107967470296 0.6345656904267357
5.14 107960967012 0.6344555684062999
5.16 107955506224 0.6345977054341189
5.18 107949354196 0.6345765818689485
5.2 107943745244 0.6345395453891658
5.22 107937551692 0.6345821564914521
5.24 107932541764 0.6345688757552316
5.26 107927622236 0.6345275954605416
5.28 107923257580 0.6345208540152849
5.3 107919007908 0.6347477861959507
5.32 107914014248 0.6347959620378587
5.34 107909146880 0.6348891437776107
5.36 107905264212 0.6350221477522134
5.38 107900368424 0.6351912741714487
5.4 107896296696 0.6351215737666819
5.42 107892433864 0.6350684722058856
5.44 107888638508 0.6349782681123282
5.46 107884817912 0.6350157192617257
5.48 107880508900 0.6351425270416975
5.5 107876047500 0.6349537108827746
5.52 107873003960 0.6348854802780224
5.54 107869351908 0.6347746532047375
5.56 107865368356 0.634724827314219
5.58 107862864240 0.6349031947337569
5.6 107859420016 0.6347140573662223
5.62 107855949396 0.6348120958103955
5.64 107852370732 0.6347231204645034
5.66 107849422484 0.6346393461532731
5.68 107846429868 0.634674946129488
5.7 107843537708 0.6346213245091897
5.72 107840679152 0.6347019012079346
5.74 107837273312 0.6347477138856554
5.76 107834826308 0.6347139844476832
5.78 107832199148 0.6347241838200622
5.8 107829174808 0.6346087182055703
5.82 107826542796 0.6347362502688931
5.84 107824082488 0.6347678150547525
5.86 107822062276 0.6349377757797317
5.88 107819556908 0.6348558344437976
5.9 107817560140 0.6348867463195603
5.92 107815470024 0.6347918916663795
5.94 107813535156 0.6346950731615114
5.96 107810954180 0.634582382984164
5.98 107809580044 0.6345093950513856
6.0 107807902396 0.6346360311708346
6.02 107805281312 0.634744676342575
6.04 107803229752 0.6347238303722244
6.06 107801983864 0.6346417363456821
6.08 107800454908 0.6345600226389418
6.1 107798511392 0.6347372410334808
6.12 107797132140 0.6348709338986921
6.14 107796145940 0.634854279198549
6.16 107793653940 0.6349671227927424
6.18 107792800228 0.6349778433478073
6.2 107791192944 0.63507281247988
6.22 107790220500 0.6350655124568956
6.24 107788738728 0.6351031843059771
6.26 107787172548 0.6350692283065691
6.28 107785671016 0.6349522594308838
6.3 107785130440 0.6348259358970674
6.32 107783542788 0.6347913846440407
6.34 107782051188 0.6348606498396865
6.36 107780190192 0.6347417513495986
6.38 107779228480 0.6345133192800764
6.4 107778245152 0.6346041372063206
6.42 107777620432 0.6345051058049432
6.44 107777144648 0.63445696721674
6.46 107776326244 0.6343759437301002
6.48 107775451948 0.6345108959575703
6.5 107773794940 0.6346651535446846
6.52 107773601340 0.6345835648246123
6.54 107772741308 0.6345424166579613
6.56 107772018696 0.6345987535675226
6.58 107770588516 0.6347299155336606
6.6 107770767788 0.6347792210357927
6.62 107769854292 0.6349263421430607
6.64 107769976860 0.634928850569988
6.66 107769875176 0.6348835705089413
6.68 107769027732 0.634948123451673
6.7 107768156220 0.6350620236216021
6.72 107766851560 0.6353043241643939
6.74 107766065176 0.6352501743872145
6.76 107765707024 0.6352535068250633
6.78 107764072552 0.6351593807009248
6.8 107762481192 0.6350993373319348
6.82 107761927400 0.634976089642189
6.84 107761420644 0.6348915240085916
6.86 107760676968 0.634877098351128
6.88 107760720640 0.6349248280459467
6.9 107759815044 0.6347402507304605
6.92 107758804212 0.6345952786603406
6.94 107758628592 0.6345574715767991
6.96 107758344104 0.6347183418151592
6.98 107758422136 0.6345839635795874
7.0 107758382356 0.634793122945843
7.02 107758017236 0.6348250778600547
7.04 107757909784 0.6349013559187044
7.06 107756928068 0.6348414692468409
7.08 107756535964 0.634856798097134
7.1 107756027800 0.6347555677041679
7.12 107755266004 0.6346785476928137
7.14 107755029052 0.634612715821834
7.16 107753545156 0.6346664792778358
7.18 107752620280 0.6346866945209358
7.2 107751930504 0.6347126608160131
7.22 107750720624 0.6346912229749906
7.24 107749696540 0.6345371288871293
7.26 107749409448 0.6345421865969151
7.28 107749411820 0.634679421326412
7.3 107748958824 0.6345963022864384
7.32 107748681104 0.6343334909494481
7.34 107748086392 0.6344530601624191
7.36 107748412840 0.6343523837819015
7.38 107747802924 0.6343752786616517
7.4 107746929228 0.6343719808073455
7.42 107747030672 0.63450116794719
7.44 107746025668 0.6345452232444831
7.46 107746247604 0.6345193300416097
7.48 107745585580 0.6346730941173151
7.5 107744355268 0.6344778236949451
7.52 107744733008 0.634461759285995
7.54 107744776264 0.6345285646058113
7.56 107746039196 0.6345788412223569
7.58 107745680288 0.6345307414948492
7.6 107745482448 0.6344462171000596
7.62 107745081864 0.6345467958900384
7.64 107744780824 0.6345069556208889
7.66 107744029904 0.6345280429554042
7.68 107743267792 0.6346266235862892
7.7 107743206328 0.6347376248658303
7.72 107742776932 0.6347877996923073
7.74 107741782952 0.6346859082235762
7.76 107740301720 0.634725582763443
7.78 107739723360 0.6346466168209296
7.8 107739684136 0.6346515468211202
7.82 107739536484 0.6346607514461533
7.84 107739228952 0.6346438505303029
7.86 107739505912 0.634640618584045
7.88 107738943080 0.6347736071311961
7.9 107737971024 0.6346577772671806
7.92 107737408144 0.6346812398073522
7.94 107737212252 0.6345933855556118
7.96 107736874908 0.6345388473741023
7.98 107736255628 0.6345514070586744
8.0 107736004520 0.634652119392181
8.02 107735706344 0.6345504262245921
8.04 107734917048 0.6345450182280598
8.06 107734528260 0.634472609581527
8.08 107734918132 0.6345452070907958
8.1 107735278584 0.6345946290135126
8.12 107734959860 0.6346484988248842
8.14 107734774440 0.634599511864761
8.16 107734922040 0.6346192367505717
8.18 107734374048 0.634686609514326
8.2 107733873788 0.6345204500924814
8.22 107733232068 0.6345032736948732
8.24 107733166832 0.6345178603304937
8.26 107733395008 0.6345852677601407
8.28 107733293272 0.6347671112035586
8.3 107733702456 0.6347271691344274
8.32 107733354092 0.6346624660688468
8.34 107733761944 0.6344847154205332
8.36 107734278364 0.6346423180749732
8.38 107733972340 0.6346058797745289
8.4 107734354380 0.6345473768483598
8.42 107734309652 0.6346461310535048
8.44 107734295148 0.6347820287535917
8.46 107734106912 0.6347645515345729
8.48 107732994280 0.6348173717106372
8.5 107733298104 0.6348083282629619
8.52 107733351888 0.6348791414212193
8.54 107732707340 0.6349300036630492
8.56 107732290468 0.6348947849319055
8.58 107732578296 0.6349143184229844
8.6 107732250700 0.6348500895684974
8.62 107732111212 0.6348515127877844
8.64 107731910872 0.6347872285563699
8.66 107732565884 0.6347981760886224
8.68 107732909888 0.6347325621286158
8.7 107733428652 0.6347376749659019
8.72 107733858812 0.6347827872600588
8.74 107734349072 0.6347563036676647
8.76 107734394284 0.6347943041312122
8.78 107734333424 0.6346389430233569
8.8 107734438300 0.6344538985331786
8.82 107734519268 0.6343994762496099
8.84 107734471876 0.6344168489256587
8.86 107735465876 0.6344065722801403
8.88 107735351076 0.6343761538332972
8.9 107736561680 0.6342528482564693
8.92 107736120164 0.6343530470931449
8.94 107735458776 0.63443197943876
8.96 107736246752 0.6344793881150541
8.98 107736554216 0.6344288231183934
9.0 107736496948 0.6344211173185146
9.02 107736774680 0.6343387074990736
9.04 107736476836 0.6343307242561318
9.06 107735929720 0.6342750338975495
9.08 107735534328 0.6342698010905045
9.1 107735398944 0.6343033984209967
9.12 107735923340 0.6344017526036758
9.14 107735816832 0.6344359262679174
9.16 107735742348 0.6345074448947285
9.18 107735682404 0.6345361733400038
9.2 107734984500 0.6346734393844135
9.22 107734898080 0.6347028646522397
9.24 107734445548 0.6347146675861227
9.26 107734858928 0.6346800359451499
9.28 107735284640 0.6348238129770369
9.3 107735013084 0.6347742064524893
9.32 107735211692 0.6347714056140328
9.34 107735350128 0.6348474864798743
9.36 107734892248 0.6347433761212911
9.38 107734645560 0.6347455984236441
9.4 107734545128 0.6347590824685545
9.42 107735086560 0.6347587434440691
9.44 107735191268 0.6347103212026171
9.46 107735362160 0.6346924318722197
9.48 107735309840 0.6345887076519594
9.5 107734726836 0.6346086195556974
9.52 107734424752 0.6345900755182617
9.54 107734478528 0.6344940572947428
9.56 107734938368 0.6343457053580269
9.58 107735271492 0.634256842910763
9.6 107735668648 0.6342484522316529
9.62 107736357388 0.6343732261615854
9.64 107736283924 0.6345831298410647
9.66 107736436936 0.6345431533675105
9.68 107736193032 0.6345828100089477
9.7 107735744996 0.6345549246303798
9.72 107736056408 0.6345071121567744
9.74 107735727368 0.6345524837035545
9.76 107735841468 0.634449300206703
9.78 107736036228 0.6344494313971984
9.8 107735437276 0.6343794363793446
9.82 107735449124 0.6344462387320308
9.84 107735386480 0.6344651979951229
9.86 107735235000 0.6343812126989645
9.88 107735842720 0.6343707656243923
9.9 107736154536 0.6344678116801952
9.92 107736351792 0.6343902745343128
9.94 107736394928 0.6343981477213353
9.96 107736519248 0.6344230103589263
9.98 107736547208 0.6345425354072255
10.0 107737135504 0.6347141073452794
10.02 107736976708 0.6346391836208503
10.04 107737022684 0.6348191487601038
10.06 107737432068 0.6348885823704936
10.08 107737560084 0.63479378511449
10.1 107737661760 0.6349423200118283
10.12 107737700360 0.6349302747745739
10.14 107737573208 0.6349845263346869
10.16 107737569556 0.6350725765216791
10.18 107737656172 0.6351729199813001
10.2 107737636552 0.6351716689670117
10.22 107737886408 0.6351285334696581
10.24 107737700176 0.6350036759800977
10.26 107737691568 0.6350142969529541
10.28 107738451060 0.6349684224662375
10.3 107738051032 0.6349465325345649
10.32 107737962300 0.6349768759647905
10.34 107736895496 0.6350079856868868
10.36 107736470164 0.6349569829684589
10.38 107736612508 0.6348073302150457
10.4 107736324660 0.6348623625663068
10.42 107736183960 0.6348077440035623
10.44 107735708268 0.6348057225052964
10.46 107734664516 0.6346628649883628
10.48 107735404148 0.6347153212931533
10.5 107736297900 0.6346941573111476
10.52 107735260224 0.6346968754008723
10.54 107735950336 0.6347637685672854
10.56 107735550696 0.6346744949668124
10.58 107736147124 0.6346470005330774
10.6 107736893972 0.6345259040690912
10.62 107736929796 0.6346007101924795
10.64 107735960116 0.6346382893656318
10.66 107735027024 0.6346204186529705
10.68 107734948076 0.634483824196526
10.7 107735010696 0.6345435893412967
10.72 107735125220 0.6345496865012226
10.74 107734912660 0.6345048767586128
10.76 107735006628 0.6344135250642957
10.78 107735170448 0.6343670502180995
10.8 107735415560 0.6344841972345396
10.82 107735248664 0.6344995541267423
10.84 107735163332 0.6344327192720002
10.86 107735502480 0.6344973223638972
10.88 107735884552 0.6344322948168302
10.9 107735681768 0.6344789971007707
10.92 107736066080 0.6345306757347837
10.94 107735968436 0.6345416486553562
10.96 107736023512 0.6343154234535464
10.98 107736536880 0.6342588956779878
11.0 107736682236 0.6341061263364421
11.02 107736681800 0.6340045052693862
11.04 107736522500 0.6340617792153629
11.06 107735934248 0.6340890648173838
11.08 107735767180 0.6341904739913876
11.1 107735646160 0.6342695048755601
11.12 107735494288 0.6342882389735883
11.14 107735355040 0.6343427099286832
11.16 107735253324 0.6343231508558735
11.18 107734694108 0.6344153135046103
11.2 107734101508 0.6343783431587294
11.22 107734158660 0.6342880673218353
11.24 107734635100 0.6343713411470773
11.26 107734982724 0.6343774120657751
11.28 107735253492 0.6343786167345244
11.3 107734940072 0.6344401568432217
11.32 107735267356 0.6343788664190682
11.34 107735400140 0.6343414168659511
11.36 107735570920 0.6343197143682924
11.38 107735897104 0.6343995441976673
11.4 107736631408 0.6344430139418845
11.42 107737153348 0.6344022388249508
11.44 107737676860 0.6344738395689546
11.46 107737522268 0.6344473287544886
11.48 107736913124 0.6343985161092365
11.5 107737076968 0.634415040973705
11.52 107737420200 0.6344000102903811
11.54 107737063440 0.6344211295312501
11.56 107736938792 0.6346054816394624
11.58 107737345656 0.6347600683777657
11.6 107737352432 0.6349187355308169
11.62 107737343788 0.6350015052800416
11.64 107737720216 0.6349976465171981
11.66 107737478260 0.6350323246956462
11.68 107737102276 0.6349102437034861
11.7 107736549724 0.6350132747121529
11.72 107736033760 0.6349729357328262
11.74 107735300048 0.6350525528022264
11.76 107735766920 0.6349669043202629
11.78 107736130664 0.6352605187453448
11.8 107736223732 0.635114087079287
11.82 107735883236 0.6350722776571711
11.84 107736354172 0.6351261526238753
11.86 107736747828 0.6351510071006435
11.88 107736524096 0.6352337449567722
11.9 107736798456 0.6350991459993182
11.92 107736209324 0.6349264877330838
11.94 107735772796 0.6348019629831518
11.96 107735365504 0.6347726250846617
11.98 107735186680 0.6348540934826625
12.0 107735050852 0.6348276707630656
12.02 107734629312 0.6347521480833669
12.04 107734407220 0.6347558378434047
12.06 107734412636 0.6346632283691906
12.08 107734717452 0.6345079874420577
12.1 107735145524 0.6345088500149227
12.12 107734955764 0.6344329060920987
12.14 107734935468 0.6345740622971937
12.16 107734657276 0.6346697188800946
12.18 107735098508 0.6347193241160035
12.2 107735725020 0.6347047713819751
12.22 107735346620 0.6347476801909442
12.24 107735516024 0.6347678539135791
12.26 107735982680 0.6348372154514359
12.28 107736350280 0.6347614229265709
12.3 107736780336 0.634783637748961
12.32 107737769612 0.6346212623683082
12.34 107737750580 0.6344206615052326
12.36 107737404620 0.634461612802378
12.38 107737232112 0.6345716392985744
12.4 107737832996 0.6346633317868617
12.42 107737932024 0.6346422281427395
12.44 107736992360 0.6346597734274356
12.46 107737705588 0.6347366491151337
12.48 107738014252 0.6346690081794785
12.5 107737714876 0.6347047931419667
12.52 107737508140 0.6345820267065219
12.54 107738186048 0.6344574032283536
12.56 107737990660 0.6343750703108089
12.58 107738056468 0.6343064705465217
12.6 107738331020 0.6344177189834372
12.62 107738367256 0.6344917601904394
12.64 107738355464 0.6345098542403358
12.66 107739269200 0.6344949336586214
12.68 107739679276 0.6345286982460948
12.7 107739464940 0.6346839556916798
12.72 107738572816 0.6348594124199818
12.74 107739570564 0.6348005871442993
12.76 107739589240 0.6349465600320958
12.78 107739246464 0.6349481175234273
12.8 107738598108 0.6350243262634715
12.82 107738765572 0.6349250442647785
12.84 107738544368 0.6348098822306496
12.86 107738615360 0.634735532373579
12.88 107738116880 0.6349110645951491
12.9 107736882444 0.6348839620265021
12.92 107736772668 0.6349971612234432
12.94 107737728060 0.6350078213838211
12.96 107738075668 0.6349427626399575
12.98 107738206756 0.6350333824794755
13.0 107737881984 0.6348701138249262
13.02 107738304000 0.6347454167063955
13.04 107738361560 0.6348119702477462
13.06 107738015540 0.6348551307018254
13.08 107738477672 0.6350636944193496
13.1 107738599688 0.6349535527220062
13.12 107738789256 0.6350360346495881
13.14 107739436480 0.6350299136005841
13.16 107738861344 0.6349652381715202
13.18 107738586236 0.6349026330777213
13.2 107738915652 0.6349634736034553
13.22 107739143288 0.63505125929006
13.24 107739091876 0.6349513462513445
13.26 107738694052 0.6349071821391405
13.28 107737591472 0.6348341004168888
13.3 107736938980 0.634889050086397
13.32 107736730724 0.6348267294454504
13.34 107736977996 0.6348263987708613
13.36 107735944776 0.6347838356388817
13.38 107736153764 0.6346227520480685
13.4 107736546604 0.6347414826600438
13.42 107736641876 0.6348202384682151
13.44 107736778656 0.6348858236489543
13.46 107736964380 0.6349407567580783
13.48 107736094184 0.6348182597168303
13.5 107736564984 0.6348536161777445
13.52 107737080432 0.6346783419329756
13.54 107736900132 0.6348707214539073
13.56 107736629436 0.6348628440416394
13.58 107736070340 0.634816347204117
13.6 107736237160 0.6347593075812219
13.62 107736873200 0.6347566672104046
13.64 107736169052 0.6348552012488599
13.66 107736125628 0.6349728260684426
13.68 107736107104 0.6349412783735399
13.7 107735870368 0.6349752184252805
13.72 107736271036 0.6348992621240448
13.74 107736571176 0.6348089525374266
13.76 107736827056 0.6347480676266476
13.78 107736528964 0.6346474819089228
13.8 107736307668 0.6346410738546506
13.82 107736429440 0.6345677979877894
13.84 107736472352 0.6345392689233669
13.86 107735698628 0.6346851769319879
13.88 107736318064 0.6346652059612802
13.9 107736034660 0.6346772194514378
13.92 107736411704 0.6347377272985633
13.94 107736385392 0.6346601560988746
13.96 107735971176 0.6347284689009084
13.98 107736273680 0.6347170334846888
14.0 107736462536 0.6348229836363414
14.02 107736528016 0.6349097565190253
14.04 107736272664 0.6349898080985512
14.06 107736672816 0.6349339577404178
14.08 107736813448 0.6350859673045409
14.1 107736642848 0.6350702210569403
14.12 107736989908 0.6349588404430744
14.14 107737400036 0.6349741276479938
14.16 107736806004 0.634938378274329
14.18 107737060300 0.6348497737090231
14.2 107737032952 0.6347545669015988
14.22 107737172476 0.634705434278534
14.24 107737489532 0.6347452590745383
14.26 107737768604 0.6347677822143527
14.28 107738270428 0.6347431470118401
14.3 107738106648 0.6348231259737789
14.32 107738030644 0.6347370723289064
14.34 107738229300 0.6347136897854718
14.36 107738899992 0.6347021454893123
14.38 107738257208 0.6346355101838445
14.4 107738697028 0.6345381739953693
14.42 107738380000 0.6345269494259336
14.44 107738911572 0.6344437217164571
14.46 107738750056 0.6345280630329467
14.48 107738481712 0.6344230433590865
14.5 107738600304 0.6345478198371477
14.52 107738608500 0.6344937811451551
14.54 107739230848 0.6345123755970743
14.56 107739312576 0.6346262044582275
14.58 107738071216 0.6346208627467538
14.6 107738357880 0.6346663902539046
14.62 107738695120 0.6345972801098045
14.64 107738501472 0.6345751872242589
14.66 107738470348 0.6346353432906406
14.68 107738588832 0.6345444670807794
14.7 107737952592 0.6345268463560221
14.72 107738017684 0.6345361816635058
14.74 107737034916 0.6345908101325984
14.76 107736747340 0.6345790424719666
14.78 107736421080 0.6345559299460801
14.8 107736177292 0.6344418092753916
14.82 107735979728 0.6343902027581481
14.84 107736065964 0.6344424772324015
14.86 107736239132 0.6344907924577254
14.88 107736730488 0.6345331114525422
14.9 107735626640 0.6344698729192462
14.92 107735857228 0.6344741818908317
14.94 107736019576 0.6346038898681798
14.96 107736326840 0.6346013152689416
14.98 107736742512 0.6347229693022698
15.0 107737324728 0.6347192989636354
15.02 107737378296 0.6347597235250982
15.04 107738054428 0.6345646175577941
15.06 107738502104 0.6345886658086808
15.08 107738206844 0.6347338456141901
15.1 107738281324 0.6349122678869182
15.12 107738861172 0.634992603291903
15.14 107738677412 0.6350157492193382
15.16 107738816220 0.6348736485460695
15.18 107738864092 0.634732083850978
15.2 107738310744 0.6347199160466187
15.22 107739061316 0.6347468360694429
15.24 107739262364 0.6345972449749794
15.26 107738820596 0.6346657909981952
15.28 107738794160 0.6345550526646637
15.3 107739030636 0.6346518594935058
15.32 107738879616 0.634701497758998
15.34 107738244240 0.6349392673966001
15.36 107737597428 0.6350535190771655
15.38 107738065172 0.6350681100609882
15.4 107737243108 0.6351722309239626
15.42 107737048844 0.6350193298479788
15.44 107737442456 0.6348573137746598
15.46 107736557028 0.6349003725524176
15.48 107736601184 0.6347228314616395
15.5 107736089500 0.63475218556985
15.52 107736271284 0.6348821352497761
15.54 107736688580 0.6348712169574665
15.56 107737429592 0.6348147055301161
15.58 107737096704 0.634742872034098
15.6 107737880552 0.6345534657662995
15.62 107737743872 0.6345704473244047
15.64 107737978072 0.6345794341493126
15.66 107737211656 0.6346320724761172
15.68 107736240792 0.6346525723415175
15.7 107735859912 0.6347207424552603
15.72 107736534500 0.6349079942836742
15.74 107737533772 0.6348235561284904
15.76 107738315808 0.6348620152643176
15.78 107738808832 0.6349363639716686
15.8 107738977136 0.6348442855124165
15.82 107738801040 0.6346634915340857
15.84 107738970140 0.6346732810984199
15.86 107738471852 0.6346759512001977
15.88 107737901976 0.6346380831182532
15.9 107738461220 0.6346440458332836
15.92 107738350900 0.6347787552488355
15.94 107738537232 0.6345416869987779
15.96 107738462152 0.6346177425737581
15.98 107738078132 0.6346741835322068
16.0 107737537944 0.6348001609324105
16.02 107737541780 0.634770270637981
16.04 107737306768 0.6348018505478834
16.06 107737052960 0.6346857054567044
16.08 107737345132 0.6346497641518183
16.1 107737604540 0.6348085970615701
16.12 107737804176 0.6347926999191812
16.14 107738359064 0.6348154383915623
16.16 107738145384 0.6347971386367165
16.18 107738500720 0.6349891284181228
16.2 107737958120 0.6347076090112234
16.22 107737643856 0.6348430417149467
16.24 107737824772 0.6348131247832356
16.26 107737917844 0.6346527042665469
16.28 107738183844 0.6346301941095597
16.3 107738315380 0.6345545391410486
16.32 107738182652 0.6346449722316805
16.34 107738121988 0.6345472129770904
16.36 107738957840 0.6345399921710821
16.38 107739585656 0.6345553330915261
16.4 107739982908 0.6346164784550068
16.42 107740203892 0.6344410960611087
16.44 107739935856 0.6344724652201122
16.46 107739852392 0.6345611869861367
16.48 107738633580 0.6345555323477814
16.5 107737836380 0.6346080539098806
16.52 107737284944 0.6347055131667633
16.54 107737159136 0.6348054736726869
16.56 107737444040 0.6347895028211592
16.58 107737373076 0.6348172349549017
16.6 107737736104 0.6346702696329954
16.62 107738079580 0.6346459390524838
16.64 107738631492 0.6347331938650052
16.66 107739088172 0.6347761561677341
16.68 107738804184 0.6347438924559856
16.7 107739995188 0.6348437279612227
16.72 107739961120 0.634883089757609
16.74 107739598036 0.6348859525976777
16.76 107738162544 0.6347543112041769
16.78 107738810232 0.6346892634177741
16.8 107739072980 0.6347546773769513
16.82 107739653216 0.6347458918794193
16.84 107739185316 0.6347043114869446
16.86 107739154576 0.6346963617240522
16.88 107739586292 0.63471043395733
16.9 107739827704 0.6346866073054935
16.92 107740708756 0.6347300059623034
16.94 107740350160 0.6347387819486363
16.96 107740182856 0.6347563309926454
16.98 107739685520 0.6346908116519925
17.0 107739897004 0.6345994284765226
17.02 107740089268 0.6346819620698005
17.04 107739724232 0.634775660339196
17.06 107739669112 0.6347958482162729
17.08 107739118164 0.634856161605492
17.1 107739112132 0.6347764146292532
17.12 107738809140 0.6349401839069357
17.14 107739372240 0.6349106842502178
17.16 107739636456 0.6348837426007479
17.18 107739428384 0.6350188578045153
17.2 107739140744 0.6350941884020755
17.22 107739985900 0.6350205659307511
17.24 107739492596 0.6349441466377016
17.26 107739365964 0.6349198317448635
17.28 107739250012 0.6351271974980621
17.3 107739184216 0.6350424535728401
17.32 107740162012 0.6350130197964193
17.34 107739836960 0.6351180544153489
17.36 107738864256 0.6350875222602066
17.38 107738544248 0.6349987365524452
17.4 107739343864 0.6349983025495272
17.42 107739517888 0.6351211121988359
17.44 107739627432 0.6350717805397461
17.46 107739675716 0.6350776324143814
17.48 107739822080 0.6350477876886126
17.5 107739798284 0.63498776129747
17.52 107740421068 0.634999921824003
17.54 107740132688 0.6349569328180102
17.56 107740386972 0.6349943139298886
17.58 107740153708 0.6350703233424372
17.6 107739434420 0.634937985391324
17.62 107739276456 0.6349484565438039
17.64 107738717060 0.6350120677070205
17.66 107739032524 0.6349998882631626
17.68 107738809404 0.6349023268186174
17.7 107737616616 0.6347784496744207
17.72 107737406968 0.6349393255538709
17.74 107736740000 0.6348871550438848
17.76 107737308268 0.6350050124016683
17.78 107737900740 0.6349655464401542
17.8 107737396756 0.6349431330845494
17.82 107737700608 0.6348462916582297
17.84 107737756708 0.6347843472512233
17.86 107737451228 0.6347773874536937
17.88 107737803484 0.6347877849420254
17.9 107738481692 0.6346897902601919
17.92 107738510012 0.634716714978
17.94 107737857112 0.6344611604497533
17.96 107737440340 0.6344676616767356
17.98 107737479904 0.6345964877364009
18.0 107737749420 0.6345382155777466
18.02 107738504016 0.6346336413194198
18.04 107738624536 0.6344982937818796
18.06 107738326868 0.6345571028480528
18.08 107738613340 0.6344501938391721
18.1 107738084508 0.6344742806369542
18.12 107738847212 0.6345819069276106
18.14 107739071564 0.634575905740785
18.16 107739213356 0.6346359990675173
18.18 107738896372 0.6345793873766563
18.2 107739380132 0.6346599972610084
18.22 107738915444 0.6346378738559624
18.24 107739281776 0.6345840404350382
18.26 107738996444 0.6346657736884338
18.28 107739141124 0.6346164232209652
18.3 107739212040 0.634594740643651
18.32 107739144564 0.6345245162659796
18.34 107739402256 0.6344658214004167
18.36 107739851376 0.634497357845514
18.38 107739390444 0.634464572270201
18.4 107739228988 0.6342329999173891
18.42 107739388964 0.6342821310483995
18.44 107739249156 0.6343326473763232
18.46 107739408736 0.6343274747519625
18.48 107739430532 0.6344266690731435
18.5 107739233840 0.6343512386360486
18.52 107739207804 0.6344401827176898
18.54 107738828356 0.6344818112060049
18.56 107739191640 0.6345024120114309
18.58 107738834988 0.6344994063470542
18.6 107738842820 0.6344130499850035
18.62 107738997288 0.6344241300829729
18.64 107738841672 0.6343797871750956
18.66 107738948780 0.6345671098510446
18.68 107739299252 0.6348415160207042
18.7 107740106000 0.6348986276814432
18.72 107740101468 0.6349032924328644
18.74 107739881376 0.6348580438531028
18.76 107739228028 0.6349086327627416
18.78 107738992728 0.6349092257810656
18.8 107739035356 0.6348353092496546
18.82 107739761256 0.6349803635343505
18.84 107739276076 0.6349633818875561
18.86 107740149444 0.635190127694807
18.88 107740135908 0.6351204472974159
18.9 107739796080 0.635074785644912
18.92 107739027996 0.634876242872962
18.94 107739504544 0.6349123194963218
18.96 107739407124 0.6349999990771207
18.98 107738750444 0.6348003513743845
19.0 107738242004 0.6347241784997871
19.02 107738175360 0.6348599624772073
19.04 107738560376 0.6348307726438478
19.06 107737793168 0.6349109698575333
19.08 107738343052 0.6348306269606184
19.1 107738874564 0.6348571066222917
19.12 107738942100 0.6347967509189557
19.14 107739661120 0.6347612336004022
19.16 107739579412 0.6347551780188967
19.18 107739748504 0.6348770770261271
19.2 107739496328 0.6348103841404944
19.22 107738569524 0.6346775821100976
19.24 107738837012 0.6347962580880091
19.26 107739004208 0.6348334246084129
19.28 107739079540 0.6348208579775706
19.3 107738986908 0.6348625771353252
19.32 107738378936 0.6349182753687008
19.34 107738459532 0.6348886208023016
19.36 107738156500 0.6348107790185284
19.38 107738819856 0.634863946843323
19.4 107739419296 0.6348599866958118
19.42 107739803972 0.6350025298963913
19.44 107739505552 0.6349904828998156
19.46 107738651752 0.6350554345547829
19.48 107738910380 0.6351742091641233
19.5 107739656892 0.6350831755398095
19.52 107739938192 0.6351223783525879
19.54 107740010332 0.6349566649499913
19.56 107739897876 0.6349362351417025
19.58 107740362628 0.6348026722531652
19.6 107739393308 0.6347211024710269
19.62 107739447608 0.6346920560890379
19.64 107740010868 0.6347380382151242
19.66 107739874348 0.634762127813679
19.68 107739920240 0.6347045282126287
19.7 107739561164 0.6345689981442814
19.72 107738806860 0.6344911873195728
19.74 107738658916 0.6344515307422857
19.76 107738597604 0.6344687651029738
19.78 107738732680 0.634387206416753
19.8 107739145744 0.6345259946376215
19.82 107738639212 0.6345707365486462
19.84 107738487568 0.6345343184718331
19.86 107738143148 0.63436049189448
19.88 107738446648 0.6344622679068038
19.9 107738796104 0.6344615522288304
19.92 107738375668 0.6344811300530271
19.94 107738355024 0.6345986987007518
19.96 107739001284 0.6347060255205456
19.98 107738815420 0.6347113813470979
20.0 107738980620 0.6347246487789695
20.02 107739688952 0.6347882980782604
20.04 107739852756 0.6347862243042798
20.06 107739825884 0.6348880729959656
20.08 107740156860 0.6348081077666569
20.1 107739922540 0.6347666803954872
20.12 107740121496 0.6347209348756432
20.14 107740034660 0.6347102513389851
20.16 107739630096 0.634599109971502
20.18 107738704204 0.634622591640958
20.2 107739113540 0.6346311531684987
20.22 107739445040 0.6345770517210194
20.24 107739270812 0.6345055886340066
20.26 107739408444 0.6345221687411767
20.28 107739300732 0.634339161196533
20.3 107739126000 0.6342663692940036
20.32 107739647812 0.6344200705498816
20.34 107739913092 0.6343583118969476
20.36 107740024656 0.6343857427544688
20.38 107740050220 0.6344658707613516
20.4 107740632600 0.6345070531973157
20.42 107740916428 0.6343275784592711
20.44 107741195128 0.6345409844641374
20.46 107740864348 0.6346373175219037
20.48 107740691264 0.634717865303344
20.5 107740601828 0.6347831025461297
20.52 107740270900 0.6348711709780994
20.54 107740606820 0.635022760473154
20.56 107740209980 0.6348934432735531
20.58 107740306020 0.6347127563257133
20.6 107739918252 0.6348204706879232
20.62 107740523252 0.6349092854080027
20.64 107740293416 0.6349702738492042
20.66 107740772956 0.6348676578206456
20.68 107740093132 0.6349015025735495
20.7 107740204236 0.6348857003728723
20.72 107740480996 0.6349352938806558
20.74 107740618668 0.6348627694985397
20.76 107740100696 0.6348072271068131
20.78 107740788060 0.6347772646702736
20.8 107740104912 0.6346165479148262
20.82 107740146664 0.634641208855702
20.84 107740597276 0.6347033170486311
20.86 107740067604 0.6345992559303042
20.88 107740260592 0.6345184196620134
20.9 107740659592 0.6344160300069608
20.92 107740495076 0.6345274295347267
20.94 107740650024 0.6344297787314868
20.96 107740597736 0.6343912143600232
20.98 107740661728 0.6344997107417986
21.0 107740142316 0.6345276348004375
21.02 107740190804 0.6345311279434402
21.04 107740087924 0.6344570189345808
21.06 107740227660 0.6344718338602917
21.08 107740573856 0.6344564174825835
21.1 107740002012 0.6344809996157269
21.12 107740118556 0.6344192344443187
21.14 107740268344 0.6344853675493534
21.16 107740744460 0.6344913927928494
21.18 107740228556 0.6344241715971183
21.2 107739490356 0.6344868866964087
21.22 107739745556 0.6344521316747624
21.24 107739963548 0.6344109702116918
21.26 107740744912 0.6343284850201191
21.28 107740273528 0.6342889398618303
21.3 107740460136 0.6345071143909488
21.32 107740759944 0.6343641713759786
21.34 107741035328 0.6344124631449191
21.36 107741350100 0.6344557062050714
21.38 107741227552 0.6344178435152896
21.4 107741059280 0.6345291354879904
21.42 107741094724 0.6345013646626689
21.44 107740681416 0.6345233963904714
21.46 107740989244 0.6345212285065766
21.48 107740743656 0.6345776446996286
21.5 107740549292 0.6344936214143865
21.52 107739886032 0.6346115183250906
21.54 107739751800 0.6346538365345823
21.56 107739821032 0.6347794287197174
21.58 107739312852 0.6347849739057928
21.6 107739762028 0.6346784622776515
21.62 107740162912 0.63460280475197
21.64 107740114044 0.6345891818476141
21.66 107740305608 0.6346048571520471
21.68 107739873932 0.6345361223318174
21.7 107739636556 0.6344803779528208
21.72 107739740072 0.6344669855419194
21.74 107739793784 0.6344696387094942
21.76 107739092064 0.6345277593629095
21.78 107739399740 0.6345452711196656
21.8 107739239456 0.6344387505442625
21.82 107738578996 0.6343851266638105
21.84 107737391000 0.6345299278794535
21.86 107737475864 0.6344681415889721
21.88 107736903548 0.6346397500811136
21.9 107737218496 0.6347377354233125
21.92 107737846356 0.6349350096264903
21.94 107738017880 0.6347741304636159
21.96 107738643220 0.6349749797282216
21.98 107738149532 0.6350629034864458
22.0 107738448376 0.6351360487287054
22.02 107738200468 0.6350625596153762
22.04 107738028440 0.6348234077874532
22.06 107738100536 0.6349019926895629
22.08 107738230464 0.634918564199622
22.1 107738089040 0.6348003266563691
22.12 107738342728 0.6347723555684254
22.14 107738161336 0.6345853271699695
22.16 107738205608 0.6346104258566165
22.18 107738270164 0.6347423062148678
22.2 107737890620 0.6347718210077653
22.22 107737521172 0.6347710568643368
22.24 107737163272 0.6347526450589318
22.26 107736610556 0.634929544904479
22.28 107737024692 0.6348759890606311
22.3 107736807160 0.6348113518306394
22.32 107736701588 0.6347817418710917
22.34 107736839476 0.6347267331354818
22.36 107736850876 0.634816761392428
22.38 107736481640 0.6349654232445447
22.4 107736422524 0.6349935565230395
22.42 107735292096 0.635019772832045
22.44 107735465004 0.6351249478823883
22.46 107735838036 0.6351977989341714
22.48 107736971960 0.635154246222196
22.5 107737342284 0.6351867660442418
22.52 107737804416 0.6352056030568939
22.54 107737178372 0.6352081489972043
22.56 107736400292 0.6351656587220454
22.58 107735839692 0.6351489278738118
22.6 107736135036 0.6350630698169988
22.62 107736000564 0.6350244130151258
22.64 107736642340 0.6351719598517988
22.66 107736191132 0.6350505072750879
22.68 107736476160 0.6349952506133258
22.7 107737412328 0.6351052411432591
22.72 107737141720 0.6352592034944844
22.74 107737561732 0.6351812277620196
22.76 107736824328 0.6351476293055132
22.78 107738117484 0.6351277176269396
22.8 107738012476 0.6351041166607251
22.82 107738308836 0.6352128869693265
22.84 107738627088 0.6351733717753467
22.86 107739025816 0.6351915772927645
22.88 107739883748 0.6350686079491731
22.9 107739982012 0.6349951080415299
22.92 107739732468 0.6349754148469114
22.94 107739503200 0.6349090540030147
22.96 107739874692 0.6348869604153999
22.98 107739420116 0.6349352198761979
23.0 107738876096 0.6349864086713612
23.02 107739123044 0.6350080573806307
23.04 107738757844 0.6349605843760547
23.06 107739530160 0.6350922362588568
23.08 107739231040 0.6351054940893937
23.1 107739359500 0.6352291270489857
23.12 107739508292 0.6351748268773355
23.14 107739510872 0.6351826242921579
23.16 107739842108 0.6351982539049684
23.18 107740469032 0.6352075563465306
23.2 107739532508 0.6352341312696939
23.22 107739984284 0.6350500870744618
23.24 107739736484 0.6350358845565319
23.26 107740573600 0.6348631680752481
23.28 107740560868 0.6347832156186525
23.3 107740418980 0.6347449988785828
23.32 107740048276 0.6346871404331392
23.34 107739393300 0.6346226947636048
23.36 107739697312 0.6346131907508215
23.38 107740000268 0.6345982878016505
23.4 107739855404 0.6346071858019612
23.42 107739365252 0.6346361070875116
23.44 107740505168 0.6346567065648536
23.46 107740563916 0.6346707239161337
23.48 107740194524 0.6345278377984401
23.5 107740616084 0.6344337074803718
23.52 107741311560 0.6344032686512048
23.54 107740822076 0.6343974893763535
23.56 107740333252 0.6343950749936089
23.58 107740509740 0.6342736132781068
23.6 107740520284 0.6343829164585986
23.62 107740534436 0.634523140841406
23.64 107739735428 0.6345246613858574
23.66 107739759476 0.6345747854065044
23.68 107740306832 0.6346005435336868
23.7 107739555552 0.6345775788753244
23.72 107738402584 0.6345510614824051
23.74 107739244192 0.6345265351191274
23.76 107738918368 0.6345238695412794
23.78 107738803500 0.6345252721989769
23.8 107738625472 0.6344521118649555
23.82 107739131836 0.6344442389383286
23.84 107738807736 0.634423673562279
23.86 107739369488 0.6345001532219905
23.88 107740076360 0.6346230355758447
23.9 107739897756 0.6346966405461852
23.92 107740229248 0.6347852282141616
23.94 107740272464 0.6349112130072494
23.96 107738869060 0.6348962047959312
23.98 107738437968 0.6349593090823638
24.0 107738833152 0.6350080083938056
24.02 107739155780 0.635009742707342
24.04 107738608696 0.6349936982373572
24.06 107738570824 0.6349715088812856
24.08 107738372728 0.634920646858602
24.1 107738469020 0.6348922510164838
24.12 107737829184 0.6349382621171179
24.14 107737349408 0.6348681260683227
24.16 107736907508 0.6348975293941052
24.18 107736965752 0.6350084734061084
24.2 107736730428 0.634926955179393
24.22 107737067948 0.6350255382915124
24.24 107737176976 0.6351793570646233
24.26 107737675232 0.6350977927217722
24.28 107737914424 0.6349195983683366
24.3 107737366344 0.6350174237492758
24.32 107737293028 0.6349880336871663
24.34 107736829844 0.6350215856274406
24.36 107736911144 0.634910968598461
24.38 107736953244 0.6348923965239854
24.4 107737782364 0.6347450761321709
24.42 107737491448 0.6347962755044468
24.44 107736978376 0.6349722180762256
24.46 107737045900 0.6349926903103356
24.48 107737024008 0.6350847984071354
24.5 107737248332 0.6350578127618505
24.52 107737321852 0.6350389523493203
24.54 107736367508 0.6348621543961736
24.56 107736191948 0.6349523787866541
24.58 107736517368 0.6350054469249088
24.6 107736132452 0.6350015907959639
24.62 107736846436 0.6350723734444639
24.64 107736619056 0.6350930799085712
24.66 107736016744 0.63515291348694
24.68 107735170600 0.6350450793390316
24.7 107735824844 0.6350305178673287
24.72 107735889540 0.63502282753751
24.74 107736624172 0.6350486903972411
24.76 107737119192 0.6350440682602371
24.78 107737140244 0.6349508936573234
24.8 107737225440 0.6348623764319895
24.82 107737049112 0.6348509924205816
24.84 107736459736 0.6348187350454022
24.86 107736969228 0.6348554123591121
24.88 107736540132 0.6350153653844932
24.9 107736490012 0.6350043514249812
24.92 107736522564 0.6351073306141121
24.94 107736213424 0.6352571224080785
24.96 107736588912 0.6352838994106901
24.98 107736240124 0.6352063444165706
25.0 107735635916 0.6352093459232508
25.02 107735146968 0.6351751897344378
25.04 107734297996 0.6352275795318352
25.06 107734737660 0.6351001023832228
25.08 107735121672 0.6351853219536352
25.1 107734865480 0.6351538005553267
25.12 107735058296 0.63512968724479
25.14 107734923404 0.6351618862154477
25.16 107735394788 0.6350387720391643
25.18 107735502416 0.6348251195419368
25.2 107734929092 0.6349052645704966
25.22 107735645756 0.6347253376212076
25.24 107736222424 0.634703033781804
25.26 107736316016 0.6347476952123517
25.28 107735822064 0.6347815024756098
25.3 107736098644 0.6345397442451881
25.32 107736763500 0.63431418024931
25.34 107736957608 0.6343391611519916
25.36 107736490084 0.6344754193171779
25.38 107736510248 0.6343660438367905
25.4 107736314292 0.6342861908541355
25.42 107735493056 0.6344270552229783
25.44 107736585372 0.6343769530223708
25.46 107736632512 0.6343308965577881
25.48 107737036568 0.6344935889528194
25.5 107736727104 0.634746423970286
25.52 107736678256 0.634638374996792
25.54 107736862616 0.6346866135239697
25.56 107737795268 0.6347790076381779
25.58 107737465468 0.6347155266017261
25.6 107737936764 0.6347067477660147
25.62 107737478000 0.6346934212645058
25.64 107737067992 0.6346351690882364
25.66 107737540260 0.6345156589572164
25.68 107737786792 0.6346513240957143
25.7 107737321620 0.6344639209113946
25.72 107736834864 0.6346768237748601
25.74 107736991932 0.6347003616509088
25.76 107736769432 0.6347397626609736
25.78 107737223672 0.6347977741339411
25.8 107737608896 0.6348287751058831
25.82 107737534696 0.6349616122045325
25.84 107738632224 0.6347797070410318
25.86 107738721304 0.6345867872264548
25.88 107738524196 0.6346678205298587
25.9 107738756016 0.6347083173868958
25.92 107738319280 0.6347390080498088
25.94 107737530080 0.6347030058837776
25.96 107738673536 0.6347163817782469
25.98 107738562596 0.6345811101342109
26.0 107739131788 0.6346458844080326
26.02 107739039464 0.6347178432206657
26.04 107739835860 0.634765666764784
26.06 107739138436 0.6348175609229963
26.08 107739605580 0.6347835439655526
26.1 107739257836 0.6347376722906423
26.12 107740383592 0.6346127256846649
26.14 107740471788 0.6347305941773197
26.16 107740088272 0.6346927147836661
26.18 107740336712 0.6347475222992023
26.2 107739518000 0.6348676800404188
26.22 107739992512 0.6347685158951617
26.24 107739972412 0.6347218561042212
26.26 107739166936 0.6346479247983441
26.28 107738941328 0.6348248488830349
26.3 107738726012 0.634892827095646
26.32 107739118768 0.6349249131184989
26.34 107739028776 0.6350744904956168
26.36 107738312668 0.6350065548585978
26.38 107738086260 0.6350853883383706
26.4 107738787552 0.6351312683784734
26.42 107738538872 0.6352348178045368
26.44 107737842832 0.6351798052337406
26.46 107737889640 0.6352175685441245
26.48 107737208272 0.6350857478251262
26.5 107736907932 0.6349452504800088
26.52 107736890744 0.6348639316233511
26.54 107735927904 0.6348678422469723
26.56 107735006856 0.6349658543759751
26.58 107735539928 0.6348788005677493
26.6 107734917276 0.6348611901619905
26.62 107734336196 0.6348168185473255
26.64 107734534316 0.6347577450321384
26.66 107735071964 0.6346881406243708
26.68 107735074624 0.6346657532139296
26.7 107734838124 0.6347302785507482
26.72 107734306592 0.6346691231691501
26.74 107734266848 0.6345689386400077
26.76 107735059020 0.6345448027922329
26.78 107735689448 0.6344717928241856
26.8 107735956704 0.6343973992051011
26.82 107736061692 0.6345057918145054
26.84 107736544976 0.6346975573925187
26.86 107736646204 0.6348576965942963
26.88 107736554752 0.6348221327921333
26.9 107736452812 0.6348421063723584
26.92 107736669324 0.6347738339629667
26.94 107735851140 0.6348151875956678
26.96 107735258436 0.6346995047419616
26.98 107735073432 0.6348196706540354
27.0 107734881848 0.6348911423790039
27.02 107734656104 0.6349694799506451
27.04 107734420460 0.6350700781172759
27.06 107734924640 0.634924773280289
27.08 107735585024 0.6350410736699557
27.1 107735658148 0.6349952886694357
27.12 107735809396 0.6349390124804729
27.14 107735803852 0.6348878784394456
27.16 107736350832 0.6347212838760115
27.18 107736083040 0.6347664773468378
27.2 107737171612 0.6347826930496513
27.22 107737128556 0.6348690041109395
27.24 107736934760 0.6347725930071181
27.26 107737312120 0.6346985593277445
27.28 107737041564 0.6348381521114903
27.3 107736829140 0.6347096508419523
27.32 107737210792 0.6345826747164023
27.34 107737347808 0.6345405756809147
27.36 107737385048 0.6346531547344277
27.38 107737591712 0.6345540497922348
27.4 107737435712 0.6344030670687488
27.42 107737852728 0.6342954502537062
27.44 107737419796 0.6342254702553792
27.46 107736961356 0.6341893547707469
27.48 107736919464 0.6342405538503582
27.5 107737308332 0.6341912192619166
27.52 107737841616 0.6340664324392313
27.54 107737608208 0.6339560744425503
27.56 107737711492 0.6338020381225036
27.58 107738090768 0.633920838036241
27.6 107737979160 0.6339349156336289
27.62 107737989172 0.6340055811071996
27.64 107737922496 0.6341725709641501
27.66 107738121524 0.6341484415798573
27.68 107737872460 0.6342595158012648
27.7 107738269748 0.6342149801649449
27.72 107738201956 0.634285503396218
27.74 107737487952 0.6343882286338633
27.76 107737541680 0.6343065975609621
27.78 107737174852 0.6343338752859672
27.8 107737246632 0.63424363525534
27.82 107737973596 0.6341931245272133
27.84 107737968732 0.6341552517552709
27.86 107737784224 0.6341615772898379
27.88 107737553828 0.6341125400195727
27.9 107737387300 0.6340763635744886
27.92 107737617368 0.6341146693067444
27.94 107738038816 0.6342181747006365
27.96 107738378256 0.6342918386033448
27.98 107738092316 0.6343732455594518
28.0 107737596912 0.6345297751653506
28.02 107737578512 0.634724744765169
28.04 107737321936 0.6349834254454911
28.06 107737084172 0.6349117971975535
28.08 107737610028 0.6348257459992459
28.1 107737320980 0.634942035151921
28.12 107737252912 0.63507392828804
28.14 107738294232 0.6350487065400728
28.16 107737928516 0.6351943311572787
28.18 107737963448 0.6350670013119498
28.2 107738231264 0.6351163256841479
28.22 107738299604 0.6351870609553528
28.24 107738271560 0.6351777647818109
28.26 107738823012 0.635102253847021
28.28 107738177484 0.6351229408528192
28.3 107738453900 0.635161317217622
28.32 107738815664 0.6351631599090882
28.34 107739036980 0.6351354742445807
28.36 107738836280 0.6350824208048579
28.38 107738567020 0.634935299081471
28.4 107738246976 0.6350093151396365
28.42 107739134776 0.634917303416489
28.44 107738538576 0.6348106951440979
28.46 107738894160 0.6348683258667158
28.48 107738516944 0.6350832282189909
28.5 107738778920 0.6349704055437101
28.52 107739620276 0.6349325202966997
28.54 107739804560 0.6349859210239783
28.56 107738961200 0.63497713190964
28.58 107738401088 0.6349086363150718
28.6 107737823192 0.6349228797931081
28.62 107738033504 0.6350247231214556
28.64 107737785872 0.6348859874345387
28.66 107737421276 0.634857236330938
28.68 107737548756 0.6347215058186879
28.7 107737479668 0.6347360074947971
28.72 107737304900 0.6347788172617722
28.74 107737221744 0.6348747676573732
28.76 107737351992 0.6347918431079975
28.78 107737462640 0.6347577968132629
28.8 107737316396 0.6345756570929133
28.82 107737498012 0.6345129755830532
28.84 107737141776 0.6345095835346212
28.86 107737824716 0.6345151584942155
28.88 107737968428 0.6345304381647742
28.9 107737391424 0.6344981071636554
28.92 107737383636 0.6344382210364302
28.94 107736414968 0.6343186354662639
28.96 107736170948 0.6343783455293446
28.98 107737427596 0.6345084911358361
29.0 107737532176 0.6345652864014271
29.02 107737637308 0.6345537056013572
29.04 107738244596 0.6345809189955604
29.06 107738682324 0.6346107290581563
29.08 107738321332 0.6346804081890886
29.1 107739224828 0.6346961769042225
29.12 107738865848 0.6346613526708573
29.14 107738799016 0.6345497650883423
29.16 107738152344 0.6346163016760475
29.18 107737780584 0.6345922163936647
29.2 107737876884 0.6345771057560788
29.22 107737993268 0.6343714410208614
29.24 107737638012 0.6343347509056187
29.26 107737778212 0.6343351734909328
29.28 107737403192 0.6345281380326828
29.3 107737169104 0.6344512997530474
29.32 107736477588 0.6344990184705612
29.34 107736549392 0.6344290434089888
29.36 107735924528 0.6344881634438861
29.38 107735367952 0.6345018966414552
29.4 107735399324 0.6344262701984575
29.42 107735877148 0.6345077837615504
29.44 107736586644 0.6345892057092708
29.46 107736352312 0.6347202514828032
29.48 107736562584 0.6346971688581076
29.5 107736628608 0.6347957265970261
29.52 107736985960 0.6347572096831927
29.54 107737152504 0.6348347826905704
29.56 107737559020 0.634841936243426
29.58 107737613944 0.6348900358331117
29.6 107738015792 0.634793499819334
29.62 107738437224 0.6346538018235086
29.64 107738727160 0.6346676589118889
29.66 107739507736 0.6347958001913758
29.68 107738926740 0.6348217886082901
29.7 107739079668 0.6349607450855345
29.72 107738945256 0.6349836153397668
29.74 107738725692 0.6348781744000911
29.76 107737999916 0.6348512968945854
29.78 107737744384 0.6349452258349498
29.8 107737539604 0.6349199127538311
29.82 107737828392 0.6348656754620998
29.84 107738404652 0.6348140284911825
29.86 107738209260 0.6349518110654918
29.88 107737802408 0.6350542173506157
29.9 107738182724 0.6350940630314386
29.92 107738567972 0.6351388133972717
29.94 107739236212 0.6351053519314849
29.96 107739194016 0.6351070269570533
