0.0 428021844344 0.7011644157778454
0.02 415847545864 0.6988019804533925
0.04 404170261152 0.6964704120066952
0.06 392966369572 0.6941103732175382
0.08 382217331068 0.6919178160898753
0.1 371899369228 0.6897440934691157
0.12 361994930712 0.6877655063994695
0.14 352485742792 0.6858023568170415
0.16 343354752988 0.6840076060459925
0.18 334583582440 0.6820745257053861
0.2 326157581436 0.6803569465100637
0.22 318062811732 0.6787637377133454
0.24 310283803600 0.6770383390899033
0.26 302807009092 0.6753603887910808
0.28 295619734056 0.6737400701291054
0.3 288709988524 0.672282618085241
0.32 282066735112 0.670821333001072
0.34 275677818636 0.6694931656575981
0.36 269532891356 0.6681326601013309
0.38 263622087884 0.666877024725682
0.4 257936264880 0.6658669062444948
0.42 252466514088 0.6645581401824692
0.44 247202997636 0.6634029049461114
0.46 242137798796 0.6622670516846361
0.48 237261870324 0.6612727472649234
0.5 232568816840 0.660316549334943
0.52 228050921048 0.6593420058932995
0.54 223701046960 0.658423834308608
0.56 219512971308 0.6576197921399756
0.58 215479666180 0.6566435370883537
0.6 211595518360 0.6557512468459812
0.62 207855295672 0.6550220599691126
0.64 204252615088 0.6542919599041825
0.66 200781817212 0.6535798308423705
0.68 197438697112 0.6527021558331919
0.7 194218168628 0.6521818265183303
0.72 191114843872 0.6515963836601666
0.74 188124803896 0.6509789397124888
0.76 185243366288 0.6505873559574262
0.78 182465801116 0.6500174689850479
0.8 179789225328 0.649676193114947
0.82 177209874876 0.6490803747258637
0.84 174724050360 0.6485161691425732
0.86 172327970344 0.6480307686527349
0.88 170017403596 0.6475715973748715
0.9 167790177788 0.6470693761374752
0.92 165642030788 0.6466973460359994
0.94 163571710040 0.6462705820104871
0.96 161575772668 0.6459441452347127
0.98 159651053572 0.6453991814312041
1.0 157795394420 0.6452463435129827
1.02 156005181836 0.6449608776527286
1.04 154279765308 0.6445443473466683
1.06 152615167572 0.6440693631260486
1.08 151009705592 0.6436618485057544
1.1 149461316676 0.6433708744801833
1.12 147967535528 0.6432549459884305
1.14 146525945376 0.6431476941672704
1.16 145135999988 0.6428702952795586
1.18 143794605520 0.6425835267993855
1.2 142501365380 0.6422963165093883
1.22 141253128284 0.6420913891238289
1.24 140048749028 0.642008604438197
1.26 138886919936 0.6419278460448733
1.28 137766544236 0.6416406927433584
1.3 136686810268 0.6413778989311405
1.32 135643771404 0.6412049783314784
1.34 134637530492 0.6410395164048648
1.36 133667008624 0.6408797276319267
1.38 132730135872 0.6406426868986095
1.4 131826367592 0.6404214881954017
1.42 130954109244 0.6403097835476967
1.44 130112805748 0.640113968156931
1.46 129301375452 0.6399407268515036
1.48 128517091648 0.6396829505450843
1.5 127761037988 0.6396458079021008
1.52 127030727084 0.6394717276130233
1.54 126326128676 0.6392817214768782
1.56 125646037248 0.6391320098145815
1.58 124990978028 0.6390595720653621
1.6 124357995084 0.6390074012321089
1.62 123747372340 0.6389183518466051
1.64 123157810136 0.6386440960517685
1.66 122588140952 0.6384782294480307
1.68 122038951672 0.638406872717987
1.7 121509382656 0.6383212701198302
1.72 120997570976 0.6381385449559109
1.74 120503715696 0.6380602643564215
1.76 120027012916 0.6378767377760273
1.78 119567186748 0.6378135284289291
1.8 119123336112 0.6379065520699534
1.82 118695806032 0.637829362884913
1.84 118283502592 0.6377180682484311
1.86 117884727192 0.6377401158460185
1.88 117500320804 0.637605331817691
1.9 117129171824 0.637542670808421
1.92 116771812992 0.6375784678935004
1.94 116426565040 0.6375366646397973
1.96 116092846184 0.6374413819802482
1.98 115770869852 0.6374738239544322
2.0 115460036480 0.6373734091379979
2.02 115160180864 0.6373635260099014
2.04 114871439308 0.6372974388154414
2.06 114591972144 0.637272225585613
2.08 114322877892 0.6370702020337854
2.1 114062964076 0.6370505252259979
2.12 113811683316 0.6370869895247471
2.14 113570110312 0.6369915827749326
2.16 113337072788 0.6369554100009195
2.18 113111442904 0.6369396526071243
2.2 112894193252 0.6369726162270585
2.22 112684423964 0.6369884711367186
2.24 112482210444 0.636951213697478
2.26 112287698348 0.6369072628196516
2.28 112098916104 0.6368105885003519
2.3 111916551464 0.6367768351854558
2.32 111740602720 0.6368254819090192
2.34 111571090780 0.6366906201548989
2.36 111408532680 0.6366801892808417
2.38 111251441416 0.6366849645615311
2.4 111100006336 0.6365925587301755
2.42 110954158116 0.6365765496951225
2.44 110813365496 0.6366199414264166
2.46 110677119792 0.6366532077224649
2.48 110545134684 0.63658999881918
2.5 110419514324 0.6367029513530311
2.52 110297828016 0.6367661910826804
2.54 110180734472 0.6366509414522319
2.56 110068191104 0.6365429699343403
2.58 109959713244 0.6364570678762352
2.6 109855356436 0.6365033299689071
2.62 109753548248 0.6365410428888736
2.64 109655832200 0.6363915512188952
2.66 109561818680 0.6364129951473568
2.68 109471232272 0.6363643742263787
2.7 109383206180 0.6365030901206812
2.72 109298677908 0.6364802177842954
2.74 109217007388 0.6363816774571855
2.76 109139329096 0.6363030374982904
2.78 109064024180 0.6363355963041117
2.8 108991125064 0.6363827084181308
2.82 108921234376 0.6365202050060776
2.84 108853859160 0.6365750763253997
2.86 108789002484 0.636455736856532
2.88 108726470720 0.6364346276220292
2.9 108666106368 0.6362909694719491
2.92 108608782952 0.6361873070195263
2.94 108553964560 0.6360772060823672
2.96 108499751456 0.6360784456371088
2.98 108447799284 0.6360755546211837
3.0 108398300492 0.6360392176076088
3.02 108351019076 0.6361005632425316
3.04 108305396152 0.6361654244434956
3.06 108262115928 0.636140178295973
3.08 108219295356 0.6360838289402733
3.1 108178434568 0.6362001989748514
3.12 108139237364 0.6363576155745061
3.14 108102637412 0.6362567325652989
3.16 108066780308 0.6361540212972454
3.18 108031853684 0.6360004934139651
3.2 107998132100 0.6360503952917244
3.22 107965482532 0.635979230516533
3.24 107934298736 0.6359896867266581
3.26 107904683592 0.6359298454024995
3.28 107876398000 0.635834558729063
3.3 107848938888 0.6358660874215422
3.32 107823123608 0.6357795218690013
3.34 107798054336 0.6357492032354334
3.36 107774272340 0.6356457842565103
3.38 107751257444 0.6356814318105357
3.4 107729391456 0.6356842979325419
3.42 107708704200 0.6357060466153064
3.44 107687627396 0.6357261702619685
3.46 107668769260 0.6358539180418888
3.48 107650413024 0.6358102223667721
3.5 107633261356 0.6357561841757526
3.52 107616820532 0.6358341388192652
3.54 107600970296 0.6357971516698782
3.56 107585744636 0.6357123345960891
3.58 107570739000 0.6357098945602233
3.6 107556782912 0.635479267603486
3.62 107543677272 0.6354671274869244
3.64 107531576364 0.6355459383214836
3.66 107519199076 0.6355362502894076
3.68 107507503388 0.6356015223710343
3.7 107496673684 0.63556997079643
3.72 107485668324 0.6356757655926524
3.74 107475760152 0.6356415106797055
3.76 107466203508 0.6356056290216237
3.78 107457495172 0.6356177706540858
3.8 107449273628 0.6356470965199872
3.82 107440367224 0.6358002338043977
3.84 107432842464 0.6357464403134286
3.86 107425696212 0.6357154171792113
3.88 107419353856 0.6356198390013728
3.9 107412680820 0.6355787000267114
3.92 107406714792 0.6355609040226669
3.94 107401268712 0.6354696075985595
3.96 107396287596 0.6355504654361124
3.98 107392276456 0.6356147274462618
4.0 107387654592 0.6357252132748714
4.02 107383351328 0.6356633383986383
4.04 107379359508 0.6356494144311408
4.06 107375236100 0.6357154056756603
4.08 107372159312 0.6357907239281545
4.1 107369585776 0.635698066176858
4.12 107366353480 0.6356722155955793
4.14 107363406392 0.6356022578289697
4.16 107361432696 0.6355229516543065
4.18 107358981120 0.6354360399732958
4.2 107356867188 0.6354072208296416
4.22 107355642676 0.6353739349190402
4.24 107353848460 0.635317029237527
4.26 107352038304 0.6352537370161997
4.28 107350811072 0.6352789253170142
4.3 107349493268 0.6352003201756565
4.32 107349661952 0.6351326917096394
4.34 107349262492 0.6353375183290785
4.36 107349119476 0.6353512991733399
4.38 107348144456 0.6355290016418067
4.4 107347782612 0.6355385951815375
4.42 107348284820 0.6355369420922053
4.44 107347236200 0.6355437095155152
4.46 107348217932 0.6356191448788622
4.48 107347671028 0.6356312482503903
4.5 107349071404 0.6355850768052121
4.52 107349156864 0.6356570018213707
4.54 107350178952 0.6356460325162755
4.56 107350880272 0.6356693629163288
4.58 107351984748 0.6356721303478572
4.6 107351825348 0.6355260842626
4.62 107352092396 0.635637677034854
4.64 107353944572 0.6355135267356552
4.66 107354325252 0.6355622701999906
4.68 107355670128 0.6355352104398286
4.7 107356622772 0.6355564576739478
4.72 107358276740 0.6353449158603658
4.74 107359670324 0.6353056731578895
4.76 107360733944 0.6354476272048022
4.78 107362222024 0.6353542319570269
4.8 107363988968 0.6353338530111239
4.82 107365802564 0.6352963535431848
4.84 107367439164 0.6352656927504698
4.86 107369335588 0.6353063173626057
4.88 107371860244 0.635251744094639
4.9 107373424464 0.6352300254087936
4.92 107375244880 0.6352259182486245
4.94 107377307656 0.6351715857674384
4.96 107379915724 0.6352249324376118
4.98 107382090084 0.6354769579495709
5.0 107384615564 0.6354865062907004
5.02 107386894100 0.6355975567642456
5.04 107389354896 0.6355194554733039
5.06 107390792676 0.6354541522803737
5.08 107393312356 0.6354061862361192
5.1 107394928464 0.6353815704168224
5.12 107397196736 0.6354127835932174
5.14 107399094548 0.635429959742149
5.16 107400595892 0.6353018843328629
5.18 107402966148 0.6353398566094968
5.2 107404908004 0.635393594030031
5.22 107407341492 0.6353904710299835
5.24 107409202636 0.6354100414082702
5.26 107411831980 0.6353725331149042
5.28 107414135460 0.6354321941908254
5.3 107416470436 0.6354879677821876
5.32 107418992976 0.6355298339251819
5.34 107421816664 0.635415952248944
5.36 107424065808 0.6353325118162926
5.38 107427076920 0.6351891897941826
5.4 107428556184 0.6352952030611301
5.42 107431050596 0.635224149556401
5.44 107432638328 0.6351535094633847
5.46 107435000744 0.6350845155678497
5.48 107437403932 0.6350722277059341
5.5 107440396032 0.6350715854557503
5.52 107442852780 0.6350044699972778
5.54 107445256820 0.6349624899860355
5.56 107447576016 0.6349350553755144
5.58 107449967780 0.6348801123841066
5.6 107451595444 0.6347570337112265
5.62 107454423232 0.6348776363297709
5.64 107456812740 0.6348767950537715
5.66 107459127644 0.6349954301433683
5.68 107460479036 0.6350374335479261
5.7 107463015928 0.6349687154266621
5.72 107464770540 0.6348676912686437
5.74 107466804920 0.6348911684156725
5.76 107469243876 0.6351137098708981
5.78 107470364068 0.6351578656753843
5.8 107473364068 0.6350711420944228
5.82 107475421348 0.6350935227110973
5.84 107478314096 0.6351478407731166
5.86 107480305884 0.6351213325191742
5.88 107483246936 0.6351604500029118
5.9 107485307140 0.6351229425556106
5.92 107487798540 0.6350011085628604
5.94 107489766016 0.6349256239724367
5.96 107492382496 0.634890348207665
5.98 107494527860 0.6349790219323961
6.0 107496553716 0.634933365819705
6.02 107498901060 0.6350147878191842
6.04 107500771568 0.6351248924718742
6.06 107502979984 0.635032519694033
6.08 107504387184 0.635005477780324
6.1 107506288740 0.6350075350581303
6.12 107508774456 0.6349557278353398
6.14 107510997060 0.6350288382724311
6.16 107513351592 0.6349576656191744
6.18 107515237324 0.6350088635803419
6.2 107517835768 0.6350182161124278
6.22 107519633644 0.6348835051088682
6.24 107522926436 0.6348784459598145
6.26 107524833180 0.6346987604908003
6.28 107527616844 0.6346342867384054
6.3 107529066256 0.6347909376216603
6.32 107531243932 0.6347445861286994
6.34 107532674020 0.6346230386483855
6.36 107533611992 0.6346988329276865
6.38 107534461664 0.6347669999523635
6.4 107536246000 0.6348188952632141
6.42 107538325916 0.6349328249837627
6.44 107541115844 0.6349558341083228
6.46 107542859720 0.6349206941946033
6.48 107544467900 0.6346886716871958
6.5 107546159012 0.6346557302295589
6.52 107547400512 0.6346038941844351
6.54 107549727368 0.6343786897901764
6.56 107551967524 0.6342803475845837
6.58 107554556048 0.6344498276442351
6.6 107556880140 0.6345525167700616
6.62 107558983536 0.6345869520311429
6.64 107560107412 0.6346485884815292
6.66 107561968928 0.6347371527039459
6.68 107563807632 0.6348061612209907
6.7 107565603148 0.6346844652965681
6.72 107567830956 0.634564584526787
6.74 107569325752 0.6344990758945619
6.76 107570432440 0.63456175237987
6.78 107571751960 0.63457379806132
6.8 107573323192 0.6345594514926904
6.82 107574585744 0.6345278492643427
6.84 107575831660 0.6345291294679861
6.86 107576911284 0.634526243574314
6.88 107578291024 0.6344994490245455
6.9 107580201080 0.6345557869451046
6.92 107581379452 0.6345507929498553
6.94 107582981652 0.6345035819066184
6.96 107584661764 0.6345836578518901
6.98 107586523896 0.6345709499754053
7.0 107587301268 0.6345853135450767
7.02 107588799272 0.6345537607996098
7.04 107590071472 0.6345400635752427
7.06 107591643504 0.6345025329453712
7.08 107593016744 0.6344323758349749
7.1 107594268352 0.634438988320006
7.12 107595106556 0.6343588798678396
7.14 107596697848 0.6344042557429195
7.16 107597848884 0.6344726795871961
7.18 107598795680 0.6343405381450578
7.2 107600229616 0.6343915914093015
7.22 107601492448 0.6345538443543521
7.24 107603069392 0.6345648327767541
7.26 107603956616 0.634562110954815
7.28 107604730088 0.6345691222462015
7.3 107606215952 0.6345513675900065
7.32 107607095192 0.6346356460735354
7.34 107608378588 0.6346880838877169
7.36 107608828672 0.6346330574225251
7.38 107610355720 0.6346982422620274
7.4 107612435648 0.6346851776396714
7.42 107613201588 0.6347782868775178
7.44 107614237936 0.6348550617988474
7.46 107615437524 0.6346771758500502
7.48 107616679836 0.6346522948724754
7.5 107618168852 0.6346195257447854
7.52 107619805460 0.6346558661649802
7.54 107620123004 0.634547449946886
7.56 107621599592 0.6346162926753356
7.58 107623431088 0.6346362191811837
7.6 107624869100 0.6346071032543072
7.62 107626635204 0.6344942983415414
7.64 107627145524 0.63441555181311
7.66 107628519052 0.6344631421638838
7.68 107630018616 0.6344593023294121
7.7 107630862248 0.6344679189276654
7.72 107631658812 0.634417586140487
7.74 107633209516 0.6344303140354561
7.76 107634867988 0.6344546194985519
7.78 107636090232 0.6343372709255317
7.8 107637228792 0.634220260281605
7.82 107638191292 0.6342651012977006
7.84 107639786380 0.6342294193791291
7.86 107641171584 0.634264571737897
7.88 107642393060 0.634219171865793
7.9 107643224236 0.634304181907577
7.92 107644127292 0.634279287175535
7.94 107644601708 0.6341868597023254
7.96 107645284984 0.6343282863440749
7.98 107646025188 0.634364083860522
8.0 107647002268 0.6343707505720864
8.02 107647635940 0.6342686855353135
8.04 107649063016 0.6344345412018078
8.06 107649929716 0.634444843437668
8.08 107650621104 0.634369320187653
8.1 107651224208 0.6345134780114695
8.12 107652563832 0.6345360426289125
8.14 107654145648 0.6347013804124337
8.16 107655360184 0.6347847956630865
8.18 107655320388 0.6348547078347024
8.2 107656016848 0.6348892309872447
8.22 107655886428 0.634724139758724
8.24 107656753784 0.6346927654988473
8.26 107658028912 0.6347603381365478
8.28 107658635912 0.6344861559933426
8.3 107660125052 0.6346248612000112
8.32 107661427004 0.6347325379986539
8.34 107662107288 0.6345637895689948
8.36 107663338948 0.6345946580456843
8.38 107663730900 0.6347544671188785
8.4 107664995544 0.6348191554722904
8.42 107666243424 0.634911744372497
8.44 107667377812 0.6348977086901949
8.46 107668770136 0.6347472778266652
8.48 107669707340 0.6348294791874514
8.5 107671017896 0.6348829282172436
8.52 107672284848 0.6349214939844523
8.54 107672837772 0.634878724646245
8.56 107673730032 0.6348885305843803
8.58 107674269876 0.6348748914598511
8.6 107673916772 0.6349659613850847
8.62 107675029124 0.6349801612071162
8.64 107675946732 0.6350639762321162
8.66 107676097720 0.6350131296830757
8.68 107675617832 0.6349588414822556
8.7 107676832880 0.6349769218774146
8.72 107677970988 0.6350829490047512
8.74 107678571164 0.6350038871223376
8.76 107678888928 0.6350490562917306
8.78 107679695388 0.6351053002844437
8.8 107679787256 0.6348872939843097
8.82 107680727816 0.6348706224259799
8.84 107681485148 0.6347771434667193
8.86 107681884604 0.6346803374055068
8.88 107682422264 0.6347587184446508
8.9 107683931788 0.6348676768874628
8.92 107684709340 0.6348624193327989
8.94 107685250132 0.6349471259127646
8.96 107685466012 0.6348444390190069
8.98 107685830212 0.6348909297816228
9.0 107686014176 0.6348815477490031
9.02 107686624896 0.6348150833212957
9.04 107687229284 0.6347752836828082
9.06 107687749416 0.6347280102363762
9.08 107687971816 0.6347662770368675
9.1 107688705240 0.6347874250744346
9.12 107689351432 0.6348067790510276
9.14 107689445548 0.6346416702390099
9.16 107690338200 0.6347077013686807
9.18 107691128872 0.6345987643799399
9.2 107690944404 0.6344823855053965
9.22 107692173084 0.6345483573249954
9.24 107691953168 0.6345007711919333
9.26 107692555248 0.6345270061251339
9.28 107693489396 0.6345041896579693
9.3 107694304332 0.6345379020046003
9.32 107694666708 0.63457917417487
9.34 107694889408 0.6345782881084016
9.36 107695099188 0.6347105613213683
9.38 107694892268 0.6345615342129713
9.4 107695289648 0.6346568994182923
9.42 107695296556 0.6348520638381562
9.44 107695784512 0.6349037808858047
9.46 107696049072 0.6347842110700759
9.48 107696960868 0.634873116046068
9.5 107697698136 0.6349818538148416
9.52 107697850688 0.6350055914199474
9.54 107698020716 0.6349910404805975
9.56 107699244444 0.6349170964787507
9.58 107699805812 0.6349811819680786
9.6 107699720548 0.6351124357588003
9.62 107699692208 0.6350679247850979
9.64 107700101624 0.6348968770609442
9.66 107699863976 0.634840084369119
9.68 107700399496 0.6349209783794884
9.7 107700959688 0.6350160231823829
9.72 107701651152 0.635179878558681
9.74 107702306460 0.6350475890104879
9.76 107702768124 0.6349584323697143
9.78 107702619684 0.6349786731197236
9.8 107703627476 0.6350648240332095
9.82 107703932868 0.6350167294146074
9.84 107703757176 0.6348567955007761
9.86 107703949784 0.6349466998187443
9.88 107704284116 0.6348813813100737
9.9 107705305660 0.6348849517362769
9.92 107705563328 0.6348377532472474
9.94 107705463720 0.6348301191457523
9.96 107705958632 0.6348917373658025
9.98 107706440528 0.6348544570304641
10.0 107706549520 0.6350496862263539
10.02 107706321144 0.6350601754144282
10.04 107706206184 0.6350001788454163
10.06 107706831852 0.635093081172415
10.08 107706416120 0.635007095048378
10.1 107707163356 0.6349221827143529
10.12 107707947260 0.6350476900516417
10.14 107708464088 0.6350786036710657
10.16 107709222876 0.6350723818330716
10.18 107709987476 0.6350445562079383
10.2 107709880312 0.6350606497897624
10.22 107710210244 0.6350608187121061
10.24 107710107200 0.6351616759977087
10.26 107710471152 0.6351872756905683
10.28 107710588380 0.6351738400264463
10.3 107710563064 0.6350183327888748
10.32 107710767112 0.6350742431809306
10.34 107710511300 0.6350811210173022
10.36 107710166096 0.635187041820515
10.38 107710811344 0.6351540563772964
10.4 107711228512 0.635054624139425
10.42 107710953520 0.6350293390913239
10.44 107710978156 0.635168303597335
10.46 107710844768 0.6352041767408485
10.48 107711581352 0.6350621450438247
10.5 107711944112 0.6350166118932917
10.52 107711521668 0.634918269767044
10.54 107712207836 0.6348260285893834
10.56 107711542012 0.6347605273286402
10.58 107712560532 0.6347722236853555
10.6 107713109120 0.6346609329621288
10.62 107713109820 0.6346924367211879
10.64 107713726544 0.6346919590787807
10.66 107714155996 0.6346449173966529
10.68 107714296176 0.6346185366579814
10.7 107714541268 0.6345412589021675
10.72 107715118280 0.6345872544383834
10.74 107715438316 0.6345972713050267
10.76 107716142656 0.6345222930242477
10.78 107716355372 0.6344130061549589
10.8 107716716340 0.6343399881819685
10.82 107716289488 0.634301683838076
10.84 107716811760 0.6342884403988353
10.86 107716925096 0.6343655091387375
10.88 107716630588 0.6343912864274353
10.9 107716326080 0.6344083044254994
10.92 107716742424 0.6343774060632195
10.94 107717267640 0.6343473341736352
10.96 107717460208 0.6343692689518542
10.98 107718388356 0.6343753841622447
11.0 107719382112 0.6343504912924771
11.02 107719110536 0.6344563864070654
11.04 107719160728 0.6344317382372828
11.06 107718922392 0.6344826342564358
11.08 107719380332 0.6344731860180467
11.1 107720381664 0.6344629602623623
11.12 107720802036 0.6345795160609615
11.14 107720682776 0.6344782619813514
11.16 107720130992 0.6344581807762956
11.18 107720228436 0.6344036135609582
11.2 107720675836 0.6343928368970465
11.22 107720801968 0.6343455802512137
11.24 107721023640 0.6344355504589305
11.26 107721381428 0.6344158499526584
11.28 107721358972 0.6346932345889542
11.3 107721757548 0.6346883083210364
11.32 107722412460 0.6345969616746269
11.34 107723655052 0.6348285083888308
11.36 107724079036 0.6347693725331894
11.38 107724610484 0.6347556699969081
11.4 107724765532 0.6348145207073677
11.42 107724895248 0.6347660012623199
11.44 107724903348 0.6347961848200155
11.46 107724498972 0.6348170260579381
11.48 107724343404 0.6349348248919693
11.5 107724775088 0.6350213099536778
11.52 107724827672 0.6348495030744095
11.54 107724247728 0.6349170965201749
11.56 107723880644 0.6347524408377381
11.58 107723216684 0.6345866254587874
11.6 107723511648 0.634534075480979
11.62 107723388688 0.6346107728113948
11.64 107723105220 0.6345611543085484
11.66 107723290468 0.6345178568543495
11.68 107723255964 0.6344359931513455
11.7 107723338644 0.6344707103930703
11.72 107723681388 0.6345710812802137
11.74 107723672160 0.634665174195266
11.76 107723992624 0.6345675487365168
11.78 107724382068 0.6344355665831505
11.8 107723768092 0.6342914835617349
11.82 107724028244 0.6342180432122536
11.84 107723719852 0.6342089924806023
11.86 107724654856 0.6344222207936694
11.88 107724942952 0.63437269079736
11.9 107725585704 0.6343704943946014
11.92 107725985220 0.634394915643045
11.94 107726969144 0.6344486223782068
11.96 107726813432 0.6345109888947063
11.98 107726372784 0.6345576022010843
12.0 107727234000 0.634468799168133
12.02 107727313740 0.6345443947790397
12.04 107726510428 0.6344997928565177
12.06 107727121188 0.6343905555067814
12.08 107727663296 0.634399809305321
12.1 107727474048 0.6344034077948842
12.12 107727445152 0.6343800782870268
12.14 107727475588 0.6345335118155938
12.16 107727110192 0.6345111508773643
12.18 107727198128 0.634395176934372
12.2 107727240232 0.6344429218362032
12.22 107727457264 0.634414803043368
12.24 107727324160 0.6345623361983797
12.26 107727857768 0.6346179209414977
12.28 107728154932 0.634725387103995
12.3 107728139568 0.6348543459792878
12.32 107727919424 0.6348742978227211
12.34 107727885252 0.6348199676942287
12.36 107727863768 0.634636974031191
12.38 107727479192 0.634647633497082
12.4 107727488576 0.6346450830200443
12.42 107726710476 0.6346147563214941
12.44 107727123436 0.6346113329900034
12.46 107727607944 0.634617715233891
12.48 107728002732 0.634570536527338
12.5 107727958132 0.6345985768577307
12.52 107727027400 0.6344408212171808
12.54 107727268052 0.6344518307975697
12.56 107728146880 0.634519271037665
12.58 107728167956 0.6346437620660951
12.6 107728234512 0.6346420193969589
12.62 107728172056 0.6346690700855537
12.64 107728261628 0.6347612010053201
12.66 107728267672 0.6346792955610558
12.68 107728394304 0.6346168525603162
12.7 107728989528 0.6345424910808749
12.72 107728949236 0.63438511167903
12.74 107728975064 0.6344258059891148
12.76 107729090568 0.6344197936791444
12.78 107729609340 0.634438260388727
12.8 107728575124 0.6344820568818677
12.82 107727846592 0.6343868920673617
12.84 107727562952 0.6342798352780115
12.86 107727719540 0.634204758494281
12.88 107728193460 0.6341920695533607
12.9 107727793864 0.6344167158804711
12.92 107728176244 0.6344856322000562
12.94 107728721568 0.6344799536761809
12.96 107728625624 0.6345513166648262
12.98 107728995228 0.6345819703076654
13.0 107728862448 0.634559983802512
13.02 107728884556 0.6346006768995809
13.04 107728805620 0.6346461934338411
13.06 107729444672 0.6347278709432582
13.08 107729860872 0.6347976937420208
13.1 107729692252 0.6346983441799307
13.12 107729286052 0.634644324762952
13.14 107729219328 0.6345213458488462
13.16 107729574696 0.634424438845434
13.18 107730056524 0.6344111172235207
13.2 107729646224 0.6345630912767593
13.22 107729723756 0.6344813169218411
13.24 107729894112 0.6345545515272523
13.26 107729339064 0.6344800773722493
13.28 107729198408 0.6346025139965533
13.3 107728900444 0.6345200228091041
13.32 107729253892 0.6344779653871377
13.34 107729768880 0.6344983681216426
13.36 107729647984 0.6345204122424739
13.38 107729883860 0.6345500373890374
13.4 107730062356 0.6346258910147121
13.42 107729645648 0.6346818020057807
13.44 107729619604 0.6345930107746949
13.46 107729835908 0.634568460467148
13.48 107728989952 0.6345516432033222
13.5 107728372216 0.6345657658297241
13.52 107728273800 0.6345668668822336
13.54 107728962156 0.6345725232734876
13.56 107728771488 0.634735536171927
13.58 107729464532 0.6346472451908843
13.6 107729780440 0.6346752988789787
13.62 107730207900 0.6345423517958424
13.64 107730259204 0.6344416431482458
13.66 107731393356 0.6344992506803693
13.68 107731641732 0.634556222326773
13.7 107731939400 0.6344486980877069
13.72 107731602708 0.6343534603572892
13.74 107732042280 0.6343472339651716
13.76 107732313652 0.6343582505602922
13.78 107732454364 0.6343001811617532
13.8 107732587488 0.6342455748441898
13.82 107732782324 0.6342381533146173
13.84 107733468440 0.634310683154438
13.86 107733179416 0.6342881929948467
13.88 107733542540 0.6342817492890843
13.9 107734387248 0.6343058838628836
13.92 107735058436 0.6344167239529127
13.94 107735308880 0.6343905179883977
13.96 107735772584 0.6345298678208255
13.98 107735877180 0.6345834426407683
14.0 107735675632 0.6346064800654518
14.02 107735231872 0.634458275958959
14.04 107734964508 0.6346459139914915
14.06 107735607848 0.6347070583182216
14.08 107734809484 0.6346268072041674
14.1 107734412936 0.6345354556925586
14.12 107734818840 0.6345171594103882
14.14 107734616152 0.6345626063098166
14.16 107734671684 0.6345556607794045
14.18 107734402172 0.6345416722617016
14.2 107734550484 0.6346336809072196
14.22 107735699692 0.6346867534227385
14.24 107735819240 0.6347332566102974
14.26 107735902360 0.6347566485631321
14.28 107735011248 0.6347162506045025
14.3 107735110708 0.6345718661651001
14.32 107734938456 0.634491745607179
14.34 107734256860 0.6344340523716817
14.36 107734500960 0.6344605479078591
14.38 107734890368 0.634484208639143
14.4 107735265756 0.6345669877098274
14.42 107735621652 0.6345181005097025
14.44 107735554716 0.6343948719324317
14.46 107735236152 0.6344876641063457
14.48 107735040304 0.634451568683707
14.5 107734616680 0.6345305199875931
14.52 107734116828 0.6345289092238524
14.54 107734572504 0.6346770910990585
14.56 107734588336 0.6346607819442461
14.58 107734528036 0.6348201630543251
14.6 107734380360 0.6349333686390715
14.62 107733245212 0.6349248868959348
14.64 107733627024 0.6348823293164363
14.66 107733508496 0.6349279044997203
14.68 107733202492 0.6349234756795008
14.7 107733054548 0.634897559235234
14.72 107733357952 0.6349382276838118
14.74 107733548584 0.6349043360453538
14.76 107733076364 0.6348189170047008
14.78 107733066920 0.6350032608101042
14.8 107733409956 0.6351591214185601
14.82 107733682548 0.6350744753792453
14.84 107733963596 0.6350748318119965
14.86 107734274428 0.6350094576759305
14.88 107733601120 0.6349463380223725
14.9 107733900012 0.6348932829733864
14.92 107733718712 0.6347200637543127
14.94 107733680652 0.6347981757854506
14.96 107733521756 0.6347274909875427
14.98 107733075328 0.6346873933850516
15.0 107733330496 0.6345914915873353
15.02 107733437500 0.6346827369687027
15.04 107733306728 0.6347254186975948
15.06 107733711324 0.6345783759667856
15.08 107732982660 0.6346203274338298
15.1 107733034548 0.6348083135446112
15.12 107733035300 0.6348781976768143
15.14 107733037508 0.6348928690290561
15.16 107732689632 0.6349987215756029
15.18 107732971824 0.6351072883573294
15.2 107733553368 0.6350538100312859
15.22 107732582952 0.6350833913879151
15.24 107732062804 0.6349572236132918
15.26 107732301584 0.6350777908239373
15.28 107731941860 0.6349633606692178
15.3 107731754768 0.6350332503055157
15.32 107732068336 0.6349653753499602
15.34 107732204332 0.6349015985779851
15.36 107732427056 0.6348801408105307
15.38 107731846820 0.6349214882566808
15.4 107730889356 0.6348544793703123
15.42 107731133796 0.6348064147712347
15.44 107731097704 0.6348280348986035
15.46 107731084948 0.6349449837074764
15.48 107730306356 0.6349547450822175
15.5 107730156000 0.6348113459962005
15.52 107731008116 0.6349682914902268
15.54 107731542400 0.6348522532176438
15.56 107731327424 0.6349024921596003
15.58 107731056460 0.6347789658956697
15.6 107731129320 0.6348419790352563
15.62 107731197380 0.6349535255003811
15.64 107731573192 0.6349568971416559
15.66 107731559164 0.6350247324154825
15.68 107731288236 0.6349142292197486
15.7 107730557592 0.6348921867631122
15.72 107730619640 0.6349400615205767
15.74 107729778652 0.6349611848908221
15.76 107729726088 0.6349890240877336
15.78 107729884420 0.635012158837403
15.8 107730213068 0.6350842483791103
15.82 107731111632 0.6352314055902305
15.84 107731282804 0.6352304581823229
15.86 107731409584 0.6351486090440951
15.88 107731887448 0.6349988611496751
15.9 107731375924 0.6349586593094783
15.92 107730564028 0.6349275183424781
15.94 107730985972 0.6348352759831171
15.96 107730955776 0.634872061523484
15.98 107731401628 0.6348863876823064
16.0 107731401880 0.6348497339881876
16.02 107731419860 0.6348574224059986
16.04 107731180468 0.6350528059774593
16.06 107731762444 0.6350245764173812
16.08 107731699504 0.6351078438026709
16.1 107731563468 0.6350435727868392
16.12 107731012540 0.6351166642734019
16.14 107731847012 0.6350558910891316
16.16 107731441528 0.6349570802464533
16.18 107730952944 0.6350769015954673
16.2 107730046708 0.6350389811201089
16.22 107729932688 0.6350482641980835
16.24 107729947408 0.6349667584646129
16.26 107729402456 0.6348696737134727
16.28 107729573440 0.6347504840253354
16.3 107729769528 0.6348020445576558
16.32 107729353540 0.6347229825811525
16.34 107729418228 0.6348037241995026
16.36 107730037100 0.634821290902861
16.38 107730255304 0.6347526689679244
16.4 107729978596 0.6346920803527356
16.42 107729836636 0.634552214768636
16.44 107730162268 0.6347691012062945
16.46 107730352464 0.6348294727287046
16.48 107730108784 0.6348971597929063
16.5 107730110588 0.6349472497123068
16.52 107730761680 0.634962616498433
16.54 107731671060 0.6349069493052184
16.56 107732412092 0.6347996488922766
16.58 107732167572 0.6347366439925104
16.6 107732258076 0.6347437643508202
16.62 107732246340 0.6348226300011437
16.64 107732359920 0.6347158156526082
16.66 107732542708 0.6346128577273351
16.68 107732688080 0.634501248887061
16.7 107733586136 0.6345348730632406
16.72 107733468096 0.6346254663827375
16.74 107733832084 0.6346873125748113
16.76 107734594768 0.6346923753959658
16.78 107734180112 0.6347314079094453
16.8 107734717556 0.634731962697624
16.82 107734082700 0.6346817648562579
16.84 107734811496 0.6346857190249914
16.86 107734874180 0.6347429026661371
16.88 107735523452 0.6346479161377714
16.9 107736293492 0.6348719899898586
16.92 107736197128 0.6347917715020678
16.94 107736566520 0.6348778630704968
16.96 107736488072 0.6347738915682692
16.98 107737527252 0.6347054431448997
17.0 107737135304 0.6346280836562418
17.02 107736604812 0.6348494039376167
17.04 107737016868 0.634905887510171
17.06 107736673284 0.6349007120765486
17.08 107737135192 0.6346936526815115
17.1 107737472204 0.6346345254456711
17.12 107737732204 0.634610845797353
17.14 107737703056 0.6348299729755417
17.16 107738224112 0.6349324775879728
17.18 107739443600 0.6349487251053042
17.2 107739678592 0.6350715670746994
17.22 107739074432 0.63492934392154
17.24 107738743804 0.6349381957660305
17.26 107738676620 0.634987079145937
17.28 107738931280 0.6350652023349556
17.3 107739246844 0.6350920151347462
17.32 107739246132 0.63504706731966
17.34 107738959788 0.6351830764501633
17.36 107738531632 0.6351476321195796
17.38 107737369848 0.6351890571085725
17.4 107737286352 0.6350046936043919
17.42 107736967604 0.6350690438989819
17.44 107737656216 0.6349584570324286
17.46 107737337604 0.6350496484984988
17.48 107736909728 0.6350239509809918
17.5 107737160128 0.6348715135411414
17.52 107737008772 0.6348914698558759
17.54 107736392340 0.6348745448843842
17.56 107736964088 0.6348849605401115
17.58 107736418036 0.6349314362240734
17.6 107736238420 0.634847851378459
17.62 107735624136 0.6347445717033713
17.64 107735323884 0.6347493997779042
17.66 107735631340 0.6347306063929279
17.68 107735942360 0.6348987938072518
17.7 107735895792 0.6351054274130885
17.72 107736037368 0.6350756659760993
17.74 107735797668 0.6351467364374113
17.76 107735505888 0.6351963538848637
17.78 107735584928 0.6352156334099585
17.8 107736122972 0.6351784127563234
17.82 107735954732 0.6350498977464558
17.84 107735942456 0.6349771247876532
17.86 107735667360 0.6348284262552731
17.88 107736594700 0.6348994190803476
17.9 107736565960 0.6349997964660289
17.92 107736683236 0.6349680199269154
17.94 107736640836 0.6348153118099803
17.96 107736747728 0.6349329123403147
17.98 107737764404 0.6348414612789393
18.0 107737313484 0.6347168692343508
18.02 107737555992 0.6348730437518719
18.04 107737381168 0.6348555751664887
18.06 107737837580 0.6349886312104684
18.08 107737450216 0.6349707333369633
18.1 107736861596 0.63489429661843
18.12 107736855704 0.6348190519303074
18.14 107736685348 0.6347878159832682
18.16 107737614736 0.6348191102674849
18.18 107737868052 0.6347696635522309
18.2 107737934696 0.6348498294986109
18.22 107738289548 0.6348237058797037
18.24 107738247316 0.6349155659539105
18.26 107738498820 0.6347998974844244
18.28 107737441236 0.6346726149341969
18.3 107737851344 0.6347779034107399
18.32 107737842600 0.6349238134284276
18.34 107738428892 0.6348994401258399
18.36 107738718500 0.6350182901545011
18.38 107739435568 0.6349617609462765
18.4 107738850116 0.634884563798638
18.42 107738396700 0.6348104208376264
18.44 107738043084 0.6346619916243966
18.46 107738424672 0.6346364089496431
18.48 107738984916 0.6345984036237193
18.5 107738458964 0.6345346587091762
18.52 107738287768 0.6345610179818039
18.54 107738102764 0.6345984937207095
18.56 107738760368 0.6346588296096343
18.58 107739048932 0.6346885425300484
18.6 107738521800 0.6348392140381737
18.62 107738604380 0.6348981762732695
18.64 107738675312 0.6350163455443932
18.66 107738698968 0.6349225216068642
18.68 107739270184 0.6348939166979817
18.7 107739126928 0.6350139229049326
18.72 107738694172 0.6350923310346723
18.74 107738582812 0.6350060363874176
18.76 107738953532 0.6350913908474105
18.78 107738984740 0.6351428265849078
18.8 107738172244 0.6350172160513119
18.82 107738252996 0.6348822280575827
18.84 107737910212 0.6348922296472541
18.86 107738241016 0.6348818734851902
18.88 107738753136 0.6348656947266477
18.9 107738974312 0.6347992551406765
18.92 107739297788 0.6348412420943416
18.94 107739447128 0.6349970759350856
18.96 107739646788 0.6349414083270026
18.98 107739893516 0.6349295971295746
19.0 107740261768 0.6349976995625077
19.02 107739715160 0.6351073572885854
19.04 107739561176 0.6350149497755917
19.06 107739046132 0.6351158966638237
19.08 107738647036 0.6350327394864594
19.1 107737926580 0.6351802962504186
19.12 107737391852 0.635098534117799
19.14 107737099980 0.6350800206264631
19.16 107737984384 0.6350493436881574
19.18 107737604708 0.6349695543221808
19.2 107737424476 0.6349116562220375
19.22 107737023720 0.6348841887765511
19.24 107736937508 0.6347181373672139
19.26 107736934180 0.6347042745264734
19.28 107736951292 0.6346684460731622
19.3 107737165700 0.634598143152676
19.32 107737424336 0.6346739596963731
19.34 107738195932 0.6347478604181922
19.36 107738287836 0.634674100125992
19.38 107738290976 0.6348000113590321
19.4 107738706872 0.6347580280843261
19.42 107738861572 0.6347350343457681
19.44 107738730816 0.6345501295304913
19.46 107738732556 0.6345272010009273
19.48 107739169148 0.634527187390984
19.5 107739695896 0.6345099512874286
19.52 107739022456 0.6346053353426763
19.54 107738928352 0.6345870753609013
19.56 107738747632 0.6345129970298242
19.58 107737892240 0.6346516460711374
19.6 107737507744 0.6345847238830145
19.62 107737287400 0.6345863710818342
19.64 107736837736 0.634517698794744
19.66 107736857976 0.6345299170218217
19.68 107736481372 0.6343918802102673
19.7 107735583584 0.6343426030574154
19.72 107735795244 0.6342711466681731
19.74 107737007488 0.6343308093797587
19.76 107736943720 0.6342844785141559
19.78 107736709380 0.6342840814348272
19.8 107736242448 0.6343838492642632
19.82 107736335964 0.6344138469867543
19.84 107736504688 0.6346341839065488
19.86 107737173680 0.6346680375807935
19.88 107736929700 0.634642991544435
19.9 107736813772 0.6347488678704666
19.92 107736390448 0.6348505509793123
19.94 107736460768 0.634822735347512
19.96 107735508428 0.6348270250578931
19.98 107735408988 0.6349554355052335
20.0 107735059984 0.6349587892563928
20.02 107735088252 0.6348533171994962
20.04 107734949540 0.6348429823778126
20.06 107735713964 0.6346940238424088
20.08 107735733520 0.6347700042876803
20.1 107735853040 0.63473362976375
20.12 107736306268 0.63476616565536
20.14 107736586424 0.6347181498556457
20.16 107736208528 0.634707061981171
20.18 107737141560 0.6346109950907612
20.2 107736626016 0.6345808842801115
20.22 107736798700 0.6346483889379726
20.24 107737322848 0.6346170313887246
20.26 107737597800 0.6346698575890237
20.28 107737702892 0.6348443145315952
20.3 107738242644 0.6347598422842708
20.32 107737666456 0.6345517675264843
20.34 107737016476 0.634412735578686
20.36 107737384828 0.6345205004390236
20.38 107737174908 0.6345367629012855
20.4 107738066640 0.6345476311005047
20.42 107737914640 0.634627572915625
20.44 107737923044 0.6345514081695095
20.46 107737668104 0.6346917895836743
20.48 107737210944 0.6346349911079285
20.5 107737849736 0.6345614195959524
20.52 107737674156 0.6346410850115867
20.54 107737056696 0.6345997639503914
20.56 107736827668 0.6346529919887058
20.58 107737415048 0.6345845158898428
20.6 107737551552 0.6346679936664263
20.62 107738007296 0.6346911548732134
20.64 107738386936 0.6346890668744427
20.66 107737971396 0.6346471349818952
20.68 107738569744 0.6346480025796233
20.7 107739084576 0.6346798485420551
20.72 107739131464 0.6345868973625064
20.74 107739100216 0.6345913256866488
20.76 107739812952 0.6347042270193559
20.78 107740393924 0.6347864154989928
20.8 107740150020 0.6346632567740815
20.82 107740121828 0.6346067841274914
20.84 107739835688 0.6346629375933934
20.86 107739651356 0.6347065498511562
20.88 107739759852 0.6346902272721793
20.9 107738805864 0.6347142127372907
20.92 107738632796 0.6347273983454773
20.94 107737903404 0.6347552442186649
20.96 107737142376 0.6345805587163129
20.98 107736859944 0.6347372413720239
21.0 107736438144 0.6347407141334129
21.02 107736350376 0.6348455784728636
21.04 107735866304 0.6348109894929148
21.06 107735902644 0.6348023650995701
21.08 107735958688 0.634707765170526
21.1 107736187456 0.6349018750155995
21.12 107736896736 0.6347007272209934
21.14 107737794836 0.6346944844571263
21.16 107737746460 0.6347406246578241
21.18 107737747204 0.634784495014935
21.2 107738871332 0.6348819489661989
21.22 107738751412 0.634907860345589
21.24 107738229852 0.6348312087417766
21.26 107737977864 0.634878080662665
21.28 107737973704 0.6347271622375138
21.3 107738243560 0.6348477044016733
21.32 107738669596 0.6348750337096021
21.34 107738678232 0.6348738464120938
21.36 107738914224 0.6348389545711921
21.38 107739642988 0.6347301030939909
21.4 107739720988 0.6346837350035858
21.42 107739905224 0.6347635689906441
21.44 107738742028 0.634687338664068
21.46 107738951480 0.6345582131899237
21.48 107739338956 0.6344732758843868
21.5 107739033200 0.6345503043839553
21.52 107739348128 0.6345536511470905
21.54 107739518512 0.6344049899410457
21.56 107739574776 0.6344128295922905
21.58 107739157028 0.6343713385011835
21.6 107738273212 0.634387461089726
21.62 107738144700 0.6343406224535219
21.64 107738727456 0.6344104580781152
21.66 107738801692 0.634510221435956
21.68 107738553152 0.6344288535031471
21.7 107738676700 0.6344839313319564
21.72 107738694396 0.6343941830562629
21.74 107738422868 0.6342956093296345
21.76 107738555144 0.634174053365554
21.78 107737557460 0.6340414962027368
21.8 107737221860 0.6341584205786871
21.82 107737636352 0.634189747963064
21.84 107737783504 0.6342527670634814
21.86 107737552256 0.634457014042906
21.88 107736595388 0.6345358821532963
21.9 107736586416 0.6344583061829444
21.92 107736764496 0.6345501433911818
21.94 107736602092 0.6344872806323879
21.96 107737315320 0.6344265142613335
21.98 107736864844 0.6343299102947347
22.0 107736724956 0.63433917929771
22.02 107736520588 0.6344277378034996
22.04 107736891132 0.6344166185780924
22.06 107736337868 0.6345025096289709
22.08 107736428596 0.634472799645507
22.1 107736484168 0.6345982663989747
22.12 107736227404 0.6346240847186652
22.14 107735988608 0.634596487428597
22.16 107735887832 0.6345340635546544
22.18 107734860260 0.6347299684752278
22.2 107734017664 0.6347738691278594
22.22 107733546468 0.6347818330031304
22.24 107732727640 0.6347852996165588
22.26 107732125764 0.6347797023708073
22.28 107732889380 0.6347568077198091
22.3 107732862284 0.6348521634818893
22.32 107732811044 0.6347828350583431
22.34 107732821168 0.6349387185546614
22.36 107733161332 0.6349684214247245
22.38 107733309472 0.6350046020029947
22.4 107734076900 0.6351446892578719
22.42 107734191792 0.6351632122596049
22.44 107734413912 0.6350893603196818
22.46 107734830008 0.6350302549082854
22.48 107734382516 0.635010081288815
22.5 107733673240 0.6349330713947159
22.52 107733566096 0.6348565511353279
22.54 107734122740 0.6348054442178432
22.56 107734372904 0.6345838536567192
22.58 107734297944 0.6345713596084898
22.6 107734233692 0.6345665198640804
22.62 107734027264 0.6345212761231128
22.64 107734422924 0.6345543469995454
22.66 107734925364 0.6346021215255923
22.68 107735379068 0.6346142313527203
22.7 107735970412 0.6343620616842294
22.72 107736209768 0.6345306313333343
22.74 107736607916 0.6343901125906729
22.76 107736749648 0.634525804239329
22.78 107737196160 0.6345262197197881
22.8 107737512176 0.6345932537973965
22.82 107737997200 0.6347319146659023
22.84 107738114964 0.6347492320567851
22.86 107738901532 0.6347094577350788
22.88 107738593144 0.634685971853489
22.9 107739313836 0.6345426940482937
22.92 107739536928 0.6343618781902158
22.94 107740027432 0.6343958512217478
22.96 107740043528 0.6343810270595545
22.98 107739675008 0.6344370545910138
23.0 107739718396 0.6344414472010959
23.02 107740062712 0.6344643167375094
23.04 107740231332 0.6345761827103386
23.06 107740781992 0.6345261817475781
23.08 107739809060 0.6345169465438002
23.1 107739746192 0.6345194884716704
23.12 107739344260 0.6345064996545167
23.14 107739425780 0.634547927711903
23.16 107739815040 0.6344391005632966
23.18 107740020488 0.6342701984745128
23.2 107739822608 0.6343178986967049
23.22 107739446644 0.6343793136043793
23.24 107739459992 0.6343701333769577
23.26 107739815840 0.6345003677445954
23.28 107740234464 0.6345706003936005
23.3 107740483864 0.6347329067905824
23.32 107739770676 0.6346441325212411
23.34 107738773876 0.6346588177565828
23.36 107738885004 0.6345181584409418
23.38 107738576628 0.6346636371592572
23.4 107738666192 0.6346789892383731
23.42 107739032180 0.634678264210598
23.44 107737795340 0.6345248796648222
23.46 107737456520 0.634571854864519
23.48 107737400088 0.6345938172622777
23.5 107737348808 0.6345559341284723
23.52 107737543140 0.6346315445959482
23.54 107737210324 0.6347113074907029
23.56 107737541352 0.6347205399318514
23.58 107737107552 0.6347364972917404
23.6 107737015780 0.6347381041778263
23.62 107736520928 0.6346885677163141
23.64 107736348500 0.6347101069232759
23.66 107736862292 0.6348653827752141
23.68 107736773952 0.6349545043603491
23.7 107736456380 0.6348231910355179
23.72 107736056668 0.634619353709961
23.74 107736225968 0.6346660722909264
23.76 107735817756 0.6346486437336092
23.78 107735880776 0.6347657291019424
23.8 107736311988 0.6349875002046191
23.82 107736468296 0.634921207384572
23.84 107735883788 0.6347800532306767
23.86 107735995100 0.6348173422667037
23.88 107736684792 0.6348847270687412
23.9 107736497928 0.6350226415785318
23.92 107736317000 0.6350352795544827
23.94 107736578348 0.6350631743305319
23.96 107736887216 0.635062855909348
23.98 107736821220 0.6351048902679486
24.0 107736950816 0.6351089895636408
24.02 107736622884 0.6349852115918707
24.04 107736513444 0.6350143088226774
24.06 107737072140 0.6349621412815383
24.08 107736995520 0.6347900785440039
24.1 107737261876 0.6347615987443807
24.12 107737943284 0.6347434385155364
24.14 107738205304 0.6347889782112816
24.16 107738159160 0.6347904730486845
24.18 107738619616 0.6346469572406869
24.2 107738368984 0.6347110063781106
24.22 107738267804 0.6347891213299244
24.24 107738108620 0.6346856443987822
24.26 107737698520 0.6345469999643446
24.28 107737122408 0.6344538823821237
24.3 107737288408 0.634419106805
24.32 107737797284 0.6344722791255405
24.34 107738074948 0.6345050606241401
24.36 107738451504 0.6346688697154422
24.38 107738316812 0.6346609327650832
24.4 107739658384 0.6346501106721433
24.42 107739173464 0.6345550302190224
24.44 107738471288 0.6346146019085277
24.46 107738536236 0.6347185722155664
24.48 107738303280 0.6348359807879845
24.5 107738072536 0.6347507436891339
24.52 107738455268 0.6347369307930115
24.54 107738699152 0.6348511872732857
24.56 107739433076 0.6349088032716639
24.58 107739251472 0.635006789497761
24.6 107739112604 0.634942942838061
24.62 107739026660 0.6348962400809477
24.64 107738877732 0.6349115078072332
24.66 107738524376 0.6349201150205817
24.68 107738266600 0.6349817839599549
24.7 107738595972 0.6348293144489399
24.72 107737916716 0.6348314872730624
24.74 107738292988 0.6347918602830744
24.76 107737407652 0.6346836416623736
24.78 107737221228 0.6347035390925568
24.8 107736905260 0.6346568711198779
24.82 107737777124 0.634700622721266
24.84 107737823896 0.6347094938205949
24.86 107738044712 0.6347518427021976
24.88 107737981300 0.6348382991399899
24.9 107737858924 0.634917660108455
24.92 107737180048 0.6347542332801566
24.94 107737384080 0.6347261817077454
24.96 107737631968 0.6346800966482815
24.98 107737473484 0.6347171807179898
25.0 107736993828 0.6345401321412398
25.02 107736830976 0.6345182183830299
25.04 107737448068 0.6344043778074152
25.06 107737470280 0.6344384140695495
25.08 107737636456 0.6345627809154566
25.1 107737651480 0.6346218493867332
25.12 107737557264 0.6346571155470145
25.14 107737898780 0.634721726788426
25.16 107738759724 0.6347940096372677
25.18 107738748860 0.6346165000754068
25.2 107738811744 0.6343997093643219
25.22 107738506404 0.6344315274882916
25.24 107738304200 0.6344355884694437
25.26 107738362116 0.6344413076944567
25.28 107738254808 0.6345717535576995
25.3 107737872256 0.6345204651911328
25.32 107737599044 0.6345005229368326
25.34 107737398804 0.6345880344556757
25.36 107737619168 0.6345448588325833
25.38 107737190832 0.6346215422468047
25.4 107736622916 0.6347197328002925
25.42 107737014120 0.6346667929581434
25.44 107737312968 0.6347005070554954
25.46 107737651708 0.6346450470928906
25.48 107737934072 0.6346041680169316
25.5 107737911468 0.6346257048880795
25.52 107738070724 0.6345831944360603
25.54 107737678288 0.6347134406722297
25.56 107738177704 0.6347238339958216
25.58 107738316300 0.6347463348317242
25.6 107738065588 0.6346891834810406
25.62 107738074660 0.6346349482892588
25.64 107737933908 0.6346956615129036
25.66 107737580216 0.6347492096634595
25.68 107737269812 0.6348961577229334
25.7 107736978272 0.6349340002930248
25.72 107737565400 0.6348541486391771
25.74 107737175900 0.6349275123733744
25.76 107737298980 0.6348279478936677
25.78 107737711884 0.6346968621539281
25.8 107737486752 0.6347590417492714
25.82 107737633932 0.6347939995190153
25.84 107738056332 0.6347559353867952
25.86 107738333376 0.6346268731215692
25.88 107738542192 0.6346750869700346
25.9 107738409824 0.634837008620232
25.92 107738221480 0.6347662784098922
25.94 107738740024 0.63471447207341
25.96 107739274432 0.6345820869593282
25.98 107739390240 0.6345415929447112
26.0 107739873668 0.634560769732347
26.02 107740324672 0.6345242318351919
26.04 107740341016 0.6345609431801187
26.06 107739954204 0.6345250165843043
26.08 107739516204 0.6346337398377914
26.1 107740038692 0.6346985171687413
26.12 107739895140 0.6347417358880083
26.14 107740438188 0.6347375661046324
26.16 107740488852 0.6345978787711009
26.18 107739966140 0.6345730335366782
26.2 107740016928 0.6344667526312662
26.22 107739728096 0.6342688181137284
26.24 107739230416 0.6343430185183254
26.26 107739317024 0.634454612757193
26.28 107738992720 0.6344519059512941
26.3 107738849852 0.6344375350190452
26.32 107738545288 0.6345210787083992
26.34 107738416608 0.6344542976589992
26.36 107737495888 0.6344841987553987
26.38 107737920976 0.6344708814653122
26.4 107738386584 0.634633942561919
26.42 107738860636 0.634579398749788
26.44 107738657432 0.6345054153077415
26.46 107738426456 0.6343522936710563
26.48 107738755992 0.634513691607906
26.5 107738737256 0.634454211655725
26.52 107738485612 0.6344949927422685
26.54 107738910684 0.6345713026919239
26.56 107739689096 0.6345693067968112
26.58 107739964028 0.6344406133557303
26.6 107740159128 0.6343265978767836
26.62 107740571008 0.6344015654979972
26.64 107740860708 0.6345054597050706
26.66 107740126968 0.6345652219797486
26.68 107740625216 0.6346173819510481
26.7 107740140284 0.6344985010732596
26.72 107740135556 0.6346874458482439
26.74 107739140264 0.6347649195998587
26.76 107738527740 0.6347487402373863
26.78 107738604456 0.6347381216974702
26.8 107738586832 0.6347110131383857
26.82 107739015344 0.6346949381180054
26.84 107738681928 0.6348565154707355
26.86 107739512908 0.6348160250390559
26.88 107739550216 0.6348493620748755
26.9 107739773656 0.6349449877353485
26.92 107740262020 0.6351324281322301
26.94 107739610116 0.6351488783558654
26.96 107739368548 0.6352482396853736
26.98 107739700944 0.6351620898665467
27.0 107739760340 0.6351066754847201
27.02 107740013992 0.6350411974963608
27.04 107739293956 0.6351266884485633
27.06 107739502776 0.6351884403663979
27.08 107740090612 0.6351083698010189
27.1 107739698696 0.6350111420464951
27.12 107739886868 0.6349598296283954
27.14 107740172028 0.6349092970887369
27.16 107739499964 0.6349802825722806
27.18 107739932072 0.6351564936896048
27.2 107740587976 0.6350356575710379
27.22 107740948536 0.634846615176109
27.24 107741169016 0.6348540763353402
27.26 107740535872 0.6348020002607588
27.28 107740866888 0.6346637965343397
27.3 107741132708 0.6347528327124375
27.32 107741049008 0.6346380060661256
27.34 107740895860 0.6345646412708761
27.36 107741422196 0.6347066412269579
27.38 107741038608 0.6347086445252867
27.4 107741657316 0.6347128708750427
27.42 107741998528 0.6347946527664597
27.44 107742011084 0.6347307665674429
27.46 107741553112 0.6346835090057901
27.48 107741361856 0.6347430118541494
27.5 107741031244 0.6348406839452567
27.52 107741572584 0.6347402146249788
27.54 107741900824 0.6346037084221824
27.56 107741713084 0.6346437403503463
27.58 107742611456 0.6346116322283624
27.6 107742305656 0.6344287470046833
27.62 107742344048 0.6344285481708515
27.64 107741986040 0.6344796127920487
27.66 107742630308 0.6344662772574285
27.68 107742911876 0.6344337903848303
27.7 107743123480 0.6343084244858315
27.72 107742393676 0.6344393931143677
27.74 107742463164 0.634462516077185
27.76 107742467776 0.6344901607723981
27.78 107742550960 0.6342190037667382
27.8 107742421644 0.6341328108493115
27.82 107742192160 0.6342803220018957
27.84 107741764408 0.6343107865974407
27.86 107741332276 0.6342881453349543
27.88 107740992780 0.6344619785223466
27.9 107740399644 0.6342917249019635
27.92 107739997360 0.6342394513567798
27.94 107740122016 0.6343043409280058
27.96 107740166620 0.6341064215055244
27.98 107740287764 0.634168874167262
28.0 107740100528 0.6342171332042283
28.02 107739118888 0.634143754159716
28.04 107739142600 0.634137072936136
28.06 107739426748 0.6342402851406517
28.08 107738728140 0.6343262801247729
28.1 107738804536 0.6342995998790533
28.12 107738780972 0.6343106964935935
28.14 107738766060 0.6343519297955925
28.16 107738764116 0.6342740971175492
28.18 107738540684 0.6342970834964816
28.2 107739156712 0.6342387112989691
28.22 107739645744 0.6342587127691377
28.24 107740039220 0.6343111296501106
28.26 107740004148 0.6341657313104097
28.28 107739516528 0.6342851455720933
28.3 107739729412 0.6343174253897677
28.32 107739422696 0.6343922732169135
28.34 107739836732 0.6344272898987967
28.36 107740137532 0.6345004104976332
28.38 107740621796 0.6346069540699271
28.4 107740695572 0.6346351187302228
28.42 107740790176 0.6345282682347236
28.44 107740765204 0.6345536015106964
28.46 107741588916 0.6345373751577623
28.48 107741187836 0.6344194134641685
28.5 107741718320 0.6344982030938026
28.52 107741786528 0.6346507087759288
28.54 107742427940 0.6345350278777716
28.56 107743307608 0.6345365771509444
28.58 107742924720 0.6346661625271101
28.6 107742360608 0.6346796335907388
28.62 107741544776 0.6345962023780084
28.64 107741268672 0.6345307817863661
28.66 107742202024 0.6344876111897413
28.68 107742324536 0.6345233560949097
28.7 107741856188 0.6344921226912752
28.72 107741704476 0.6344341126670614
28.74 107742202360 0.634294566089336
28.76 107742622496 0.6342467805115078
28.78 107742652168 0.6342397360635227
28.8 107742144120 0.6342311648877865
28.82 107742801372 0.6342932927602162
28.84 107741824552 0.6342677607964635
28.86 107741696052 0.6342715601895579
28.88 107741946888 0.634260131208621
28.9 107742194736 0.634358296978748
28.92 107743230756 0.6344377934084448
28.94 107743018088 0.6344603522827525
28.96 107743122304 0.6345764449019019
28.98 107742418984 0.6345609539858146
29.0 107742267784 0.6345429898257301
29.02 107742445940 0.6345798802244672
29.04 107743009148 0.6345411727571015
29.06 107742735668 0.6346700137822378
29.08 107742787476 0.6346416217990523
29.1 107742927488 0.634595796445024
29.12 107742749292 0.6344598724496381
29.14 107742059396 0.6346476911887877
29.16 107742700056 0.6345875212487884
29.18 107742740924 0.6346153558774253
29.2 107742682720 0.6348713249818345
29.22 107743059464 0.6347872314005047
29.24 107742131048 0.6346640135516948
29.26 107741637440 0.6346584476480875
29.28 107741296068 0.6345552945239997
29.3 107741560940 0.6345804917544092
29.32 107740775584 0.6345769617256671
29.34 107741017028 0.6346410776737568
29.36 107740798348 0.6346872742317936
29.38 107740226928 0.634753947318635
29.4 107740459800 0.6346818019099926
29.42 107740098880 0.6347232042986337
29.44 107739735384 0.6349115106722225
29.46 107739673456 0.6348508444011194
29.48 107739820376 0.6348338409493575
29.5 107739489600 0.6349684055119027
29.52 107739938464 0.6350080575003694
29.54 107739836596 0.6348517106428586
29.56 107739920652 0.6349339522010259
29.58 107739634732 0.6351339611152332
29.6 107739886276 0.6351703386175256
29.62 107739944136 0.6351091673015634
29.64 107740276064 0.6352210781468512
29.66 107739635480 0.6349796720125305
29.68 107739078596 0.6351591679912991
29.7 107738892336 0.6351632457331458
29.72 107738739932 0.6351129246246687
29.74 107738439232 0.6351219848922048
29.76 107737468316 0.6349856639513028
29.78 107736881316 0.6349728092314226
29.8 107735979632 0.6350591067332128
29.82 107736192160 0.6350261268372068
29.84 107736217888 0.6352149127587732
29.86 107736315564 0.6352461308567828
29.88 107736520148 0.6352572104033571
29.9 107736813844 0.6352944663979591
29.92 107736169280 0.6351855930259649
29.94 107736436832 0.635152518748895
29.96 107735812908 0.6351499555290369
