0.0 655626644744 0.6898880876026812
0.02 635144796776 0.6883348486135125
0.04 615531201712 0.686569624384792
0.06 596741166720 0.6847402571863173
0.08 578734817752 0.6828371722978421
0.1 561475183440 0.681039343774906
0.12 544926748180 0.6791159513693987
0.14 529054909728 0.6774540061836284
0.16 513828978400 0.6756953219061679
0.18 499217565596 0.6741289900127003
0.2 485193302516 0.6724697593100082
0.22 471728253852 0.67068704663495
0.24 458797773456 0.6691080549327724
0.26 446376379696 0.6674385412857328
0.28 434441964612 0.6660862673983801
0.3 422973732012 0.6644950921176898
0.32 411950384496 0.6628832157842014
0.34 401352953528 0.6613336695422471
0.36 391162148100 0.6599652669333754
0.38 381360623048 0.6585209392126523
0.4 371931337124 0.6571468082072679
0.42 362859794068 0.6559822474796982
0.44 354129247160 0.6550528107512512
0.46 345726874844 0.6538698219009762
0.48 337637379488 0.6527634728714204
0.5 329848998776 0.6517479189805908
0.52 322349610532 0.6507177382563097
0.54 315125965360 0.649839927574349
0.56 308166595088 0.648988131733119
0.58 301461507720 0.6480597500453875
0.6 295000612296 0.6472310588767849
0.62 288774408320 0.6464079419917674
0.64 282774096756 0.6456835475386574
0.66 276988049876 0.644904059930155
0.68 271409457252 0.6441952131448816
0.7 266030224076 0.6434918714751892
0.72 260841979928 0.642928007887033
0.74 255837890708 0.6423522302175533
0.76 251010733804 0.6416312573551313
0.78 246354347836 0.6412446184899846
0.8 241861556196 0.640787175511174
0.82 237526078648 0.6402556734648793
0.84 233341555984 0.639642517198044
0.86 229302403312 0.639029833823366
0.88 225403223148 0.6385906559755562
0.9 221639258768 0.63806964571521
0.92 218005245296 0.6376761111904933
0.94 214496651060 0.6374952086310939
0.96 211107559932 0.637157241528021
0.98 207834212012 0.6369823191984628
1.0 204672766168 0.636585815195934
1.02 201617635616 0.636346900725157
1.04 198666915280 0.636082571761047
1.06 195815783944 0.6358259836936135
1.08 193060243732 0.6357402288308344
1.1 190398787132 0.635552752613251
1.12 187825997748 0.6353301050000165
1.14 185338664668 0.6349668681973523
1.16 182935149812 0.6346732875633347
1.18 180610935532 0.6344465430302587
1.2 178364679656 0.6344404503401427
1.22 176192323968 0.634393822854319
1.24 174091291432 0.6342633392226034
1.26 172060650496 0.6342150461057622
1.28 170096896052 0.6340217628918381
1.3 168196938572 0.6338392222939941
1.32 166358879388 0.6336878207042651
1.34 164580850404 0.6336640135961386
1.36 162860994360 0.6335505080434314
1.38 161197275644 0.6333873743320199
1.4 159587291456 0.633214690523019
1.42 158029447336 0.6330354284013189
1.44 156521452484 0.6329750136601766
1.46 155062851176 0.6328732969596177
1.48 153651308352 0.6327520856816435
1.5 152284805620 0.6327618229836743
1.52 150961527460 0.6327303504859895
1.54 149680556460 0.6327339388895139
1.56 148441286752 0.63261508342715
1.58 147240418416 0.6325793370152603
1.6 146078543784 0.6324860144842875
1.62 144954274836 0.632678444198367
1.64 143864057196 0.6326032828559831
1.66 142808364776 0.632600874383798
1.68 141786489916 0.6327856148039605
1.7 140796726668 0.6327643332867756
1.72 139837646236 0.6327975557298345
1.74 138909119312 0.632777161955961
1.76 138008898624 0.6326964359712923
1.78 137137056128 0.6325623842065975
1.8 136293176328 0.6324461660830278
1.82 135475168968 0.6323304704872823
1.84 134682908200 0.632392388606495
1.86 133914060112 0.6322451974642814
1.88 133169467812 0.6322954809785658
1.9 132447863484 0.632130801876303
1.92 131748802028 0.6321808355669462
1.94 131070514108 0.6321009796714081
1.96 130412208548 0.6321070445907231
1.98 129775075848 0.6320531775474406
2.0 129157448128 0.6320800646025115
2.02 128558347908 0.6321179135336056
2.04 127977134872 0.6322310575536509
2.06 127413650436 0.6322501349399773
2.08 126867770460 0.6322160036521087
2.1 126338329684 0.6322673795223446
2.12 125824860476 0.6323245515959549
2.14 125326502672 0.6324579065063364
2.16 124843522012 0.6325044203417768
2.18 124374337428 0.632550479746014
2.2 123918567976 0.6324951130646181
2.22 123477070152 0.6324321957330883
2.24 123049056292 0.6324574290854234
2.26 122632975780 0.6324954331354193
2.28 122228941128 0.6325235911153793
2.3 121836965700 0.6326192211862731
2.32 121457393728 0.6326333196228591
2.34 121088050124 0.6325396786267
2.36 120730553864 0.6325495883950418
2.38 120383482872 0.6325652349507156
2.4 120046703984 0.6326259234095892
2.42 119718676132 0.6327408929992073
2.44 119401587996 0.6328176095024712
2.46 119093740016 0.6328341991381113
2.48 118794050300 0.6329482116303201
2.5 118502981500 0.6330862908853901
2.52 118219698956 0.6331586084090645
2.54 117945882704 0.6330429538490281
2.56 117679659544 0.6330483838047061
2.58 117420645724 0.6329216566051641
2.6 117169081196 0.6328666884222037
2.62 116925687472 0.6328426455921596
2.64 116688407860 0.632873415006941
2.66 116457891132 0.6327034664280212
2.68 116233867972 0.6326008037269399
2.7 116016982436 0.6327281821395125
2.72 115805956948 0.6329078516352765
2.74 115600530912 0.6329960943149047
2.76 115400081576 0.6330787832310205
2.78 115206808728 0.633232816819712
2.8 115017898924 0.6332874036842022
2.82 114835149284 0.6333789503863498
2.84 114657257864 0.6333218734206382
2.86 114483712640 0.6333245833056691
2.88 114315368096 0.6332995726611392
2.9 114151351212 0.6333131339822926
2.92 113992229904 0.6334690982976503
2.94 113837204680 0.6335744616770864
2.96 113686196876 0.6334951041102581
2.98 113538801488 0.6334589448379948
3.0 113396605712 0.6334500649133152
3.02 113258624312 0.633361057523354
3.04 113123859964 0.6333204891174908
3.06 112993079464 0.6332803840307174
3.08 112865677796 0.6334894751034347
3.1 112741643024 0.6335042673575203
3.12 112621020468 0.6335511502847905
3.14 112502915916 0.6336520260781069
3.16 112387788636 0.6337777050125009
3.18 112276331108 0.6336383683340532
3.2 112167948980 0.63350639936036
3.22 112062216668 0.6334688866891872
3.24 111959296660 0.6335941328818997
3.26 111859487052 0.6336899818648054
3.28 111763031512 0.6337197390803094
3.3 111668923360 0.6336707276582655
3.32 111577424268 0.6337659362038907
3.34 111488102068 0.6338613305138385
3.36 111399675960 0.633620742580377
3.38 111314404232 0.6336929656681687
3.4 111231065836 0.633866855863616
3.42 111150400492 0.633969994191847
3.44 111071809648 0.6340056107868782
3.46 110995372532 0.6340230279624588
3.48 110919787076 0.6340578219505163
3.5 110846737692 0.6341559079715775
3.52 110775818460 0.6340940990297217
3.54 110707169912 0.6340413761130097
3.56 110639022676 0.6339658363502992
3.58 110573137948 0.63403733603306
3.6 110509447696 0.6340585136477023
3.62 110447389136 0.6340815697520177
3.64 110387030996 0.6341383042104367
3.66 110327592404 0.6342164947413416
3.68 110270452516 0.6342247649797175
3.7 110214186024 0.6341793871222801
3.72 110158981228 0.6341006160390396
3.74 110105172132 0.634213448097703
3.76 110053656060 0.6342238191379104
3.78 110002569472 0.6342501987721473
3.8 109953046892 0.6341779337026964
3.82 109905236032 0.6341943896178109
3.84 109857846248 0.6341322959441551
3.86 109812106312 0.6341951471729341
3.88 109767899928 0.6343078612297893
3.9 109724974764 0.634316679696052
3.92 109681911088 0.6343608414806523
3.94 109639940152 0.6343752932505116
3.96 109599535028 0.6343072761297668
3.98 109559617764 0.6340843940723608
4.0 109520545816 0.6342165048638869
4.02 109482270000 0.6341038177949514
4.04 109444839340 0.6340239104991758
4.06 109409192928 0.6340599769788118
4.08 109374130324 0.6341227068191281
4.1 109340214024 0.6341712649523636
4.12 109306233024 0.634283960999734
4.14 109272428056 0.634197017464753
4.16 109240520440 0.6340938647441399
4.18 109208815044 0.6339708799792911
4.2 109178252836 0.6340688008065035
4.22 109148114524 0.6340144343828684
4.24 109118823168 0.6340791419438901
4.26 109090633888 0.634193584197466
4.28 109062422788 0.6340337787381695
4.3 109035260620 0.6340942233390381
4.32 109008247784 0.6339549577838274
4.34 108982274752 0.6338490260627477
4.36 108957145508 0.6338384162258314
4.38 108932078000 0.6339076173664111
4.4 108908291420 0.6339505317362251
4.42 108885146684 0.6340082034229635
4.44 108862269232 0.6340163788267754
4.46 108839443928 0.6340604544847256
4.48 108817605032 0.6339257840873861
4.5 108796133048 0.6340201961195516
4.52 108774371336 0.6341620509203282
4.54 108754953340 0.6341505010098099
4.56 108735280580 0.6340610770125897
4.58 108716796056 0.63410612484157
4.6 108698444004 0.6341875937836863
4.62 108679263492 0.6340577275385026
4.64 108660492176 0.6339360267578867
4.66 108642535764 0.6340329138210976
4.68 108624450892 0.6339249510700495
4.7 108606791500 0.6341522327449526
4.72 108589418080 0.6343412572279921
4.74 108573149592 0.6342761923278991
4.76 108557795428 0.6342016482382473
4.78 108542311416 0.6340676943020525
4.8 108527558320 0.6341735860598957
4.82 108512830852 0.6340844272925399
4.84 108497643484 0.6340488031905386
4.86 108482848264 0.6340573145120958
4.88 108468713488 0.634211642688601
4.9 108455012848 0.6343621264966535
4.92 108442013624 0.634243190758851
4.94 108428513016 0.6343293280417597
4.96 108415330056 0.6344583817970421
4.98 108403004340 0.6344355785672386
5.0 108390187756 0.6344617579359297
5.02 108377956600 0.634482427857309
5.04 108366069956 0.6343785753876262
5.06 108354488064 0.6343527916664473
5.08 108342741648 0.6344047269147632
5.1 108331045344 0.6342167902809815
5.12 108320415080 0.6341741379476404
5.14 108310513516 0.63410238292572
5.16 108299217484 0.6342013770959912
5.18 108289342292 0.634098256082744
5.2 108279187900 0.6339315974003488
5.22 108269384788 0.6338343872179459
5.24 108260191308 0.6338919567081289
5.26 108251487988 0.6337657233364985
5.28 108242447800 0.6338854732727234
5.3 108233624352 0.6339614827796505
5.32 108224485972 0.6340600543097412
5.34 108216244116 0.6341097296862855
5.36 108207526588 0.6342854924981751
5.38 108199105580 0.6343860426943727
5.4 108191808032 0.6343456155278513
5.42 108183567108 0.6342769882757446
5.44 108175913380 0.6342363454808695
5.46 108167771076 0.6343889073485395
5.48 108159299924 0.6344945256522341
5.5 108152309652 0.6346084635150631
5.52 108145957896 0.6346561963028697
5.54 108138863260 0.6344796838346958
5.56 108131506740 0.634287746306728
5.58 108124905480 0.6342209078396512
5.6 108118279628 0.6343778446812769
5.62 108111391484 0.634370999906712
5.64 108105022016 0.6344928876138138
5.66 108098493000 0.6346581471851418
5.68 108091361636 0.634661251210106
5.7 108085322000 0.6345039042230113
5.72 108078527980 0.6345230506710438
5.74 108072554712 0.6345537251333419
5.76 108066712276 0.6344885110433534
5.78 108060409908 0.6344498095858538
5.8 108054860324 0.6343062848631478
5.82 108049174068 0.6342168404958817
5.84 108044309260 0.6341693652986231
5.86 108038898872 0.63417455589383
5.88 108034137244 0.6342319186819236
5.9 108029032588 0.6344185419393765
5.92 108024648624 0.6343557418246484
5.94 108019312948 0.634360526517773
5.96 108013861652 0.634362655024326
5.98 108009216828 0.6345163804595643
6.0 108004951928 0.6344839162238158
6.02 108000015256 0.6345137398654568
6.04 107995831156 0.6346106649869009
6.06 107991827276 0.6346527746066595
6.08 107987705064 0.6346964481398503
6.1 107983740544 0.6347242064179522
6.12 107978736244 0.634733760675654
6.14 107975158128 0.6347540722772645
6.16 107971810280 0.6347273152336286
6.18 107967305388 0.6346343451227792
6.2 107963241172 0.634503634485719
6.22 107958202752 0.6345444534065605
6.24 107954079228 0.634598998552252
6.26 107951014624 0.6344648075877708
6.28 107946049028 0.6345714423334435
6.3 107942716144 0.6346242037265653
6.32 107938538532 0.634642432704666
6.34 107935200228 0.6347479315297613
6.36 107932231852 0.6347219535796371
6.38 107928690844 0.6346796775427905
6.4 107925554504 0.6346969882267439
6.42 107922096368 0.6347261793985715
6.44 107919502904 0.6346146897802173
6.46 107917144128 0.6346664970720887
6.48 107914403752 0.634794037180668
6.5 107912308764 0.634651013477747
6.52 107908732108 0.6345987535245152
6.54 107905822452 0.634481564314862
6.56 107903031876 0.6344893994909127
6.58 107900651056 0.634511958111643
6.6 107897724456 0.6344894120209039
6.62 107895694788 0.6344640487630332
6.64 107893304376 0.6346174419553386
6.66 107890671956 0.6346432106257803
6.68 107888384384 0.6346541346359191
6.7 107886219324 0.6347203272228882
6.72 107883898840 0.6347684186328153
6.74 107881595112 0.6347553547070579
6.76 107879147552 0.6348846257865868
6.78 107876831080 0.6346736925401318
6.8 107874806064 0.6346785240193176
6.82 107873583628 0.6346424473318566
6.84 107871717276 0.63465087323442
6.86 107869120828 0.6345227143290839
6.88 107866592480 0.6347036741732545
6.9 107864399204 0.6346673432137001
6.92 107862467244 0.634658641206852
6.94 107860767484 0.6346680146334582
6.96 107859237988 0.634565507792011
6.98 107857499924 0.634600828647328
7.0 107856037464 0.6345139270604367
7.02 107854466992 0.6344121992057405
7.04 107852690740 0.634406919377815
7.06 107850936032 0.6345383243742175
7.08 107849331776 0.634621101084607
7.1 107846942720 0.6345666117502085
7.12 107845229792 0.6346219168369363
7.14 107843844500 0.6346998222841225
7.16 107842790360 0.6346659498497051
7.18 107841516240 0.6345983057045038
7.2 107840200880 0.6346402267150786
7.22 107838497752 0.6347703107999009
7.24 107837007288 0.6348403397292846
7.26 107836027844 0.6349285334766375
7.28 107834306532 0.6350671193920763
7.3 107833210236 0.6349890373807793
7.32 107832369564 0.634962025817585
7.34 107830720856 0.6349220516513053
7.36 107829506876 0.6350029486824735
7.38 107827537440 0.6351181852419315
7.4 107825980280 0.6351634009201866
7.42 107824051848 0.6351645013322074
7.44 107822016220 0.635301737575
7.46 107820084508 0.6352967140592413
7.48 107818435768 0.6351782939240831
7.5 107816866936 0.6352470736962864
7.52 107815533236 0.635307848053112
7.54 107814228548 0.6353422075008991
7.56 107813436508 0.6351646034363274
7.58 107810855624 0.6350639433004761
7.6 107809678460 0.6351066439898414
7.62 107808360528 0.6348788618265445
7.64 107808200596 0.6349184325762238
7.66 107806830936 0.6349164907821451
7.68 107805598680 0.6349139754034011
7.7 107804660752 0.6349591169626273
7.72 107803753116 0.6349068408724042
7.74 107802496152 0.6347122651964039
7.76 107801461108 0.6346507571498783
7.78 107801831020 0.6345691159818543
7.8 107800787404 0.634617700444722
7.82 107799259568 0.6345632586793245
7.84 107798547288 0.6344765172939506
7.86 107798163908 0.6343018073902016
7.88 107797468452 0.6342690262083359
7.9 107796615764 0.6344519906530398
7.92 107795481308 0.634297126908627
7.94 107794961084 0.6343454027543004
7.96 107793871480 0.6342249888940263
7.98 107793694844 0.6342689720165294
8.0 107793023036 0.6343818112227682
8.02 107791808924 0.634333827116153
8.04 107790912540 0.6344375197254583
8.06 107789675252 0.6344386093578597
8.08 107788730844 0.6345420966985472
8.1 107787942696 0.6347414558870919
8.12 107787434124 0.6348495767688422
8.14 107785856400 0.6348555763829876
8.16 107785676736 0.6347630714462481
8.18 107785691308 0.6348101878270765
8.2 107785099072 0.6349297485680656
8.22 107785165968 0.6349005318225298
8.24 107784631088 0.6348831626385718
8.26 107784481644 0.6347971696942157
8.28 107784259128 0.6348249974231315
8.3 107783465680 0.6348194711166283
8.32 107782353024 0.63485871605353
8.34 107781582500 0.6348717633565448
8.36 107781819976 0.6348507047591873
8.38 107780952320 0.6348597621142967
8.4 107780372112 0.6348201907454402
8.42 107779242104 0.6349140947182135
8.44 107779018724 0.6348407440129652
8.46 107778912536 0.6347145941187609
8.48 107778592936 0.6345468697207868
8.5 107777904156 0.6345398929320549
8.52 107777550024 0.6345270150110469
8.54 107777739604 0.6345491010120603
8.56 107777268872 0.6344956002821764
8.58 107776595444 0.6344385992944754
8.6 107775264452 0.6344699180335898
8.62 107774027784 0.6344576494744131
8.64 107773196844 0.6344261185778949
8.66 107772460044 0.6345529918728492
8.68 107770971044 0.634651358264545
8.7 107771087224 0.6347353548826395
8.72 107770858912 0.6345009754671744
8.74 107770036984 0.634538277641044
8.76 107769133388 0.6346089476053905
8.78 107768730536 0.6347129156146138
8.8 107767687412 0.6346491615415967
8.82 107767918744 0.6346784912100749
8.84 107767779528 0.6347261352538822
8.86 107767028532 0.6346952281583442
8.88 107767429828 0.634749762164527
8.9 107766766112 0.6345902729170564
8.92 107765558912 0.6344832419911324
8.94 107764953408 0.634317074652991
8.96 107764096432 0.6342712837386065
8.98 107763383740 0.634231791377319
9.0 107763232380 0.6341744876409003
9.02 107762974176 0.6341297355129116
9.04 107761969600 0.6341572416518266
9.06 107761702520 0.6342583375074194
9.08 107761760904 0.6342613097400794
9.1 107760790208 0.6342866198062376
9.12 107760189636 0.6342792112339682
9.14 107759817868 0.6342933193078867
9.16 107759538200 0.6342926330510307
9.18 107759488548 0.6344190032855769
9.2 107759298352 0.6344397804635875
9.22 107757883332 0.6345052530180267
9.24 107757512844 0.6344767513728172
9.26 107757402360 0.6345470370405855
9.28 107757596532 0.634542638934559
9.3 107757329436 0.6344660068016774
9.32 107756556824 0.6345595083268001
9.34 107757080652 0.634643176821123
9.36 107757375052 0.6345505517387844
9.38 107756898136 0.6343880465783732
9.4 107756637884 0.6343454846102434
9.42 107757155056 0.6343032438327344
9.44 107756408556 0.634413271395897
9.46 107756018820 0.6345762952980025
9.48 107755839392 0.6346482580812124
9.5 107756304288 0.6347342805155074
9.52 107755982816 0.6347310843928642
9.54 107755366104 0.6347715917625432
9.56 107755277656 0.6347728177190873
9.58 107755802220 0.6348973668214231
9.6 107755044612 0.6348678775267874
9.62 107755532984 0.6347731656574898
9.64 107756723348 0.6348273432123563
9.66 107756600468 0.6348844376614378
9.68 107756201716 0.6347880992379109
9.7 107756200932 0.6347497455681775
9.72 107756161368 0.6346559384302385
9.74 107755782968 0.6345918576007155
9.76 107755504236 0.6346895820744021
9.78 107754935772 0.6348892410392307
9.8 107754908892 0.6347632707220291
9.82 107754313140 0.6346072585511574
9.84 107753979488 0.6345968797206936
9.86 107753449104 0.6346277850881388
9.88 107753858420 0.6348069076665431
9.9 107752775284 0.6348128317351088
9.92 107751947596 0.6348901420749888
9.94 107751596300 0.6348730168066239
9.96 107751751052 0.6347645656407823
9.98 107751354108 0.6347202401584389
10.0 107751495256 0.6345661340152904
10.02 107751495704 0.6346446596270059
10.04 107752089700 0.6346572154957631
10.06 107751559916 0.6346368150781025
10.08 107751218068 0.6345518933977057
10.1 107750921624 0.6345888963458423
10.12 107751056372 0.634648189225145
10.14 107750849792 0.634622297527774
10.16 107750522052 0.6344014574751067
10.18 107750628452 0.6344277594985072
10.2 107751060536 0.634405602919734
10.22 107750098900 0.6343609012080091
10.24 107749169236 0.6342712942266379
10.26 107749111724 0.6344714426019709
10.28 107749655836 0.634539844117173
10.3 107749527032 0.6344660549600545
10.32 107750280196 0.6343566256601243
10.34 107750215380 0.6344031462173612
10.36 107750035216 0.6343158078733104
10.38 107749809136 0.6343297432993914
10.4 107749380192 0.6342874115606086
10.42 107749085112 0.6343365253365336
10.44 107748620296 0.634279181679696
10.46 107748417924 0.6343373915029119
10.48 107748170656 0.6342960322113229
10.5 107747416100 0.6343924161307906
10.52 107747461884 0.6343914125327177
10.54 107747233316 0.6342293495799047
10.56 107747062240 0.6344154748993549
10.58 107746661084 0.6345372359962664
10.6 107746896948 0.6345786910750124
10.62 107746992976 0.634626758128363
10.64 107746647796 0.6346742956609828
10.66 107746192252 0.634738466517774
10.68 107745661024 0.6347254071136784
10.7 107745835376 0.6346482032806118
10.72 107746340440 0.63460914656987
10.74 107746463008 0.63464947100443
10.76 107746233724 0.6346518198938491
10.78 107746024260 0.634648134811876
10.8 107746531568 0.6344678887250483
10.82 107745452988 0.6345748537354128
10.84 107745120424 0.6345771457668702
10.86 107744618436 0.634540486714468
10.88 107744379092 0.6346335845940608
10.9 107744038912 0.6346995511730329
10.92 107743619112 0.6347160611360152
10.94 107743669632 0.634760127583575
10.96 107743198500 0.6347745793295508
10.98 107743875700 0.6348391699067657
11.0 107744687164 0.6349062238921189
11.02 107744617156 0.6349831127656193
11.04 107743729432 0.6350968726634166
11.06 107743077208 0.6349838747807005
11.08 107743310512 0.6350676167036423
11.1 107743707588 0.6349783142472786
11.12 107743931008 0.6349875123965364
11.14 107744265020 0.635052818003489
11.16 107743738808 0.6351062439562397
11.18 107744121192 0.6351352579931846
11.2 107744018900 0.6351613158009541
11.22 107743547768 0.6352269659634686
11.24 107743552684 0.6351679307014128
11.26 107744499824 0.6350664285978994
11.28 107744233068 0.6350555564474346
11.3 107744462296 0.6349900452096802
11.32 107742779608 0.6349617944527898
11.34 107742814548 0.6350749619320798
11.36 107742978172 0.6349824645623281
11.38 107742465588 0.6349624284141567
11.4 107742280284 0.6349130780079562
11.42 107742878392 0.6349533410186159
11.44 107742528540 0.6347837500057695
11.46 107742765100 0.6348297322717741
11.48 107743146948 0.6348042359746893
11.5 107742347060 0.63476855378345
11.52 107742424952 0.6347780889356163
11.54 107742470708 0.6348753172745969
11.56 107742617716 0.6348975403181104
11.58 107742922832 0.6349549132785445
11.6 107742788248 0.6350876227907991
11.62 107742665140 0.6351110458728442
11.64 107741945900 0.6350732891806563
11.66 107741800644 0.6349053698393179
11.68 107740784960 0.6349110113913011
11.7 107740685160 0.6348922334482577
11.72 107740482948 0.6347487092831762
11.74 107739996356 0.6347725842043391
11.76 107739835060 0.6347718848631236
11.78 107740436892 0.6345515967766026
11.8 107740138016 0.6346101013909305
11.82 107740185032 0.6345531118529029
11.84 107740267860 0.6345517676189965
11.86 107739797300 0.6345814765958844
11.88 107739936536 0.6346491303544164
11.9 107740527212 0.63478747790687
11.92 107740631292 0.6347181351528537
11.94 107740382824 0.6348700694860945
11.96 107740241360 0.6348433347687703
11.98 107740689416 0.6347913478719647
12.0 107739946816 0.634819613065469
12.02 107739479980 0.6349167060132206
12.04 107739271632 0.6350003284654013
12.06 107739044128 0.6350188922965647
12.08 107738120796 0.6348777444148895
12.1 107737908792 0.6347809798544894
12.12 107738163888 0.6348013239425188
12.14 107737909312 0.6348661979879484
12.16 107737827852 0.6350008685448822
12.18 107737109912 0.6349955567140259
12.2 107737260980 0.6349263274246896
12.22 107737458328 0.6348390062278574
12.24 107737716440 0.6347682960870827
12.26 107737604776 0.6346961167807955
12.28 107737595576 0.6346749573911529
12.3 107737723556 0.6346688688172507
12.32 107739106328 0.6346936806831946
12.34 107739060432 0.6348022686819956
12.36 107738850424 0.6346489441126653
12.38 107738469080 0.6346307355650809
12.4 107737589128 0.6345970911569696
12.42 107737533664 0.6345287054375108
12.44 107737595268 0.6345065953190805
12.46 107737496480 0.6346134754699925
12.48 107737900352 0.6346758423427581
12.5 107738354268 0.6346959628438046
12.52 107738245524 0.6347753757899334
12.54 107737548960 0.6348730867558139
12.56 107738212856 0.6349628737818211
12.58 107737988524 0.6349703395368158
12.6 107738257492 0.6350552517534469
12.62 107738284036 0.634931521910007
12.64 107739269492 0.6348292991504118
12.66 107739564664 0.6347297746160538
12.68 107739994044 0.6346283504067584
12.7 107740608260 0.6346032276396548
12.72 107741372124 0.634550989603411
12.74 107741240212 0.6344851036088508
12.76 107741160564 0.6343924161353222
12.78 107741443428 0.6344696513930861
12.8 107741199220 0.6343238016677634
12.82 107740990300 0.6343320115080743
12.84 107741329464 0.6343400377829249
12.86 107741436976 0.6342654292366263
12.88 107741642680 0.63438621367541
12.9 107741500288 0.6344408170683601
12.92 107740860500 0.6344891991206133
12.94 107740695788 0.6346433788165091
12.96 107740373788 0.6345877590015097
12.98 107740367336 0.634690004380401
13.0 107740308888 0.634737756698825
13.02 107740570568 0.6346631607939264
13.04 107740124216 0.6347139144547702
13.06 107740725884 0.6346389642964478
13.08 107740427920 0.6347643241502208
13.1 107740767800 0.6349497525884615
13.12 107740617156 0.63499093413617
13.14 107741215524 0.6349502014088264
13.16 107740914576 0.6348818552194849
13.18 107740849192 0.6348835776114778
13.2 107741189728 0.6348526385127178
13.22 107740841880 0.6347269136718059
13.24 107740970596 0.6346626115882344
13.26 107741120820 0.6346968374530154
13.28 107741917884 0.6346462747348456
13.3 107741813448 0.6347388879213565
13.32 107741553288 0.634738973501531
13.34 107741410464 0.6347988664773243
13.36 107740795880 0.6346919178514231
13.38 107741142740 0.6345854854010271
13.4 107740172944 0.6347073465016971
13.42 107739787260 0.6347765834716461
13.44 107738963188 0.6347489440052325
13.46 107738672680 0.6347054566597596
13.48 107739059296 0.6345959399946843
13.5 107739300368 0.6345590231775299
13.52 107738587336 0.6346363319259769
13.54 107738602628 0.6347324049720913
13.56 107738156300 0.6346698258035248
13.58 107738522032 0.6346317896085625
13.6 107739300296 0.6347142763078124
13.62 107738348652 0.6347071878538149
13.64 107738283404 0.6346210520357749
13.66 107738059876 0.6347251550939383
13.68 107737714468 0.6348399440187766
13.7 107737625820 0.6349795166459941
13.72 107737638508 0.634976751550933
13.74 107738055076 0.6349573945000081
13.76 107738680396 0.6349497474043049
13.78 107738539596 0.634925096985325
13.8 107737892732 0.6349236368140989
13.82 107737965180 0.6349081666098924
13.84 107737070000 0.6347835904641057
13.86 107737038892 0.6348145224114832
13.88 107736626520 0.6348132736463986
13.9 107737654684 0.6347338804267306
13.92 107737292132 0.6347422682380616
13.94 107737749548 0.6346876797360591
13.96 107736971780 0.6347914659683854
13.98 107736594320 0.634864021225181
14.0 107736485012 0.6348134068091589
14.02 107736182832 0.6348496494845279
14.04 107736294332 0.6348892117117431
14.06 107736062424 0.6348948453876502
14.08 107735986100 0.6349585233870424
14.1 107736207624 0.6349914964917167
14.12 107736088820 0.6349354448170303
14.14 107735985576 0.6348522599379461
14.16 107735982636 0.6347177097752869
14.18 107736742676 0.6345650202499149
14.2 107737084352 0.6345670228635076
14.22 107737265352 0.6346874430159518
14.24 107737289048 0.6347346914204699
14.26 107737340104 0.6348622258150416
14.28 107736935220 0.6349122529523035
14.3 107736886424 0.6348149912450657
14.32 107736651800 0.634799439452953
14.34 107736238008 0.634766904417239
14.36 107735939792 0.634776822836656
14.38 107736724904 0.6348261784967419
14.4 107737399408 0.6348984145791102
14.42 107737017348 0.6348841618631953
14.44 107737985888 0.6349000929232566
14.46 107737924212 0.6349445416981223
14.48 107737697148 0.6351226515117603
14.5 107737439232 0.6351642020091043
14.52 107737018324 0.6350694924917228
14.54 107735472788 0.6350833897931859
14.56 107735987140 0.6350287089481212
14.58 107736777144 0.6350847039586388
14.6 107736881920 0.635081153137841
14.62 107737044272 0.6351177373085997
14.64 107737216660 0.6351238668367216
14.66 107737073828 0.6351648520765737
14.68 107737295248 0.6350612811780469
14.7 107736890392 0.6350667834506268
14.72 107736912324 0.6349722656744645
14.74 107736234876 0.6349749573905359
14.76 107735981116 0.6347530332561762
14.78 107736197596 0.6348215398933607
14.8 107736522896 0.6348977583720644
14.82 107736212776 0.6348804934530923
14.84 107735952720 0.6349503513302822
14.86 107736064700 0.6350262053734174
14.88 107735755716 0.6351642840648605
14.9 107735296316 0.6352704988035605
14.92 107735541728 0.6352368835329947
14.94 107736119608 0.6352010272197033
14.96 107736487012 0.6351714433275687
14.98 107736399892 0.6351285118984685
15.0 107736361012 0.6353152337894433
15.02 107736640884 0.6352223613103549
15.04 107736927588 0.6350830423765824
15.06 107736877804 0.635183389577544
15.08 107736930324 0.6350010930408405
15.1 107737170032 0.6348346448835002
15.12 107737225040 0.6347955920121089
15.14 107736742048 0.6348282513816168
15.16 107736151232 0.6347147217790428
15.18 107735742568 0.6345943898467742
15.2 107736024116 0.6346763948770541
15.22 107736133572 0.6346319954529516
15.24 107735973380 0.6344288626689066
15.26 107736558836 0.6344819722622407
15.28 107736540952 0.6346082185778658
15.3 107736478208 0.634623149792281
15.32 107736272140 0.6345923457543252
15.34 107736611528 0.6345716175284667
15.36 107737111184 0.6346184485751547
15.38 107737149004 0.6345520881163784
15.4 107736512204 0.6346539405743393
15.42 107735772628 0.6345154168826201
15.44 107735446148 0.6345914910824116
15.46 107735915520 0.6346178944184855
15.48 107736337696 0.6347644093893592
15.5 107736585572 0.6348176588441458
15.52 107736876908 0.6348802489048282
15.54 107736550172 0.6349374144096502
15.56 107737026980 0.634870065752836
15.58 107736942264 0.6349081440718456
15.6 107737018380 0.6349124010255272
15.62 107737314988 0.6350088807549669
15.64 107737670756 0.6347898511986376
15.66 107737934340 0.6346324719581627
15.68 107738173228 0.6347450296508387
15.7 107737728760 0.6347814425566348
15.72 107738006892 0.6348129153329629
15.74 107738624600 0.6346652664757142
15.76 107738716152 0.6346393823743939
15.78 107738722516 0.634591498724429
15.8 107738731596 0.6344422405868464
15.82 107739332864 0.6344254581014586
15.84 107739109084 0.6345446764211657
15.86 107738804792 0.6344637009208843
15.88 107739294868 0.634665378239808
15.9 107739666512 0.6347397425319579
15.92 107739739800 0.6347781648207671
15.94 107738444844 0.6348013409715887
15.96 107738809820 0.634617740716886
15.98 107738214556 0.634682342020396
16.0 107739040624 0.634479531879143
16.02 107739983240 0.6344711793274511
16.04 107739837816 0.634552724769226
16.06 107740095688 0.634523293668381
16.08 107739033020 0.6345732756705011
16.1 107739335712 0.6347210575399013
16.12 107738947688 0.6345646097979626
16.14 107738231820 0.6345909592556531
16.16 107737984584 0.6347494592981595
16.18 107738069304 0.6349641720512654
16.2 107738369432 0.6349196696144006
16.22 107738027924 0.6348452434251244
16.24 107737800364 0.6348094675229572
16.26 107737774764 0.6348448626365205
16.28 107737954240 0.6348405389592678
16.3 107736891668 0.6349200698910972
16.32 107736906896 0.6347249100509424
16.34 107737401320 0.6347637583719793
16.36 107737428692 0.6347871757357184
16.38 107737045180 0.634681336928594
16.4 107737632632 0.6346923389572633
16.42 107737644264 0.634687994060313
16.44 107738420328 0.6347000218852525
16.46 107737435896 0.6348159770921177
16.48 107737950000 0.6348094300793747
16.5 107737452168 0.6347470384010799
16.52 107738070684 0.6347931291646538
16.54 107738452032 0.6347262989955358
16.56 107738512968 0.6346312037474844
16.58 107739153352 0.634672651714216
16.6 107739116660 0.6345652191298935
16.62 107738959748 0.6344550605793084
16.64 107738539932 0.6343835682224417
16.66 107737805180 0.6342433607160318
16.68 107737699220 0.6342509419108329
16.7 107737932920 0.6341613109526283
16.72 107737676228 0.6343136731695336
16.74 107737528608 0.6343563940781844
16.76 107737633408 0.6343954247210206
16.78 107738298308 0.6344795488867
16.8 107738128732 0.6343584825164129
16.82 107737605656 0.6345023320912389
16.84 107736596000 0.634512908515635
16.86 107736291460 0.6345838414755242
16.88 107736230744 0.6346826717678998
16.9 107737041152 0.6346120622054671
16.92 107737606144 0.6345045482948884
16.94 107737200028 0.6345247938127392
16.96 107737316116 0.634437933184339
16.98 107737907604 0.6344091980724169
17.0 107738499932 0.6342622600642488
17.02 107738481460 0.6342016922048272
17.04 107738286160 0.634138898334907
17.06 107737884256 0.6341712188317951
17.08 107737842344 0.634119444560529
17.1 107737147556 0.634148560995238
17.12 107737411736 0.6340586652556576
17.14 107737615856 0.6340943790992493
17.16 107738324944 0.6342249322498933
17.18 107738231440 0.6341731442450262
17.2 107738233868 0.6342509017140299
17.22 107738100772 0.6342511454259862
17.24 107738862048 0.6342038709561768
17.26 107738748236 0.6343274256974418
17.28 107738597784 0.6344836683198213
17.3 107738898984 0.6345347331047365
17.32 107738807880 0.6343922780181
17.34 107738853552 0.6345224872635272
17.36 107738993672 0.6344804492767318
17.38 107738871364 0.634444924371305
17.4 107738707184 0.6345620704031952
17.42 107739145272 0.6346003007722686
17.44 107738854360 0.6345373030171227
17.46 107738712396 0.6345051605489588
17.48 107738897920 0.6343801757273372
17.5 107738623584 0.6343471217939327
17.52 107738359676 0.6342326680627032
17.54 107738764860 0.6341118435319766
17.56 107738773944 0.6341400973376219
17.58 107738827668 0.6341292058747141
17.6 107739064320 0.6341786367145522
17.62 107739029052 0.6341172805535309
17.64 107739278000 0.6341796275731906
17.66 107738785584 0.6343697547812848
17.68 107739414296 0.6344635765442959
17.7 107739682480 0.634507883310662
17.72 107739726888 0.6346115623129523
17.74 107739662956 0.6346171903751151
17.76 107738334016 0.634591773080802
17.78 107738113204 0.6346536565523747
17.8 107737752952 0.6345703710009715
17.82 107737675700 0.6346321741903607
17.84 107737886668 0.6347983711458614
17.86 107737797916 0.6347255942931389
17.88 107737479340 0.6347096253129662
17.9 107736999984 0.634602703690362
17.92 107736924396 0.6345126842457769
17.94 107737425304 0.6343520451625502
17.96 107737376488 0.6345472098429925
17.98 107737434844 0.6345104757496773
18.0 107737372692 0.634588029634858
18.02 107737688176 0.634486467969504
18.04 107737721996 0.6342524745338979
18.06 107736940152 0.6343521910804379
18.08 107736704328 0.6343080832843164
18.1 107736882612 0.6342477938086748
18.12 107736900316 0.634189147180602
18.14 107735860764 0.6342033918096168
18.16 107735380408 0.6343549808404432
18.18 107735179244 0.6342536468340962
18.2 107735427172 0.634288702177653
18.22 107736508632 0.6342609422651644
18.24 107736429564 0.6342115458460735
18.26 107736954604 0.6342769880192197
18.28 107737561780 0.6344128268490735
18.3 107737068972 0.6343482497231918
18.32 107737076488 0.6343373572286803
18.34 107737019536 0.6343631221571602
18.36 107736897360 0.6345242551335514
18.38 107736627216 0.6344783036021497
18.4 107736764444 0.634590288617601
18.42 107736884692 0.6346285724198937
18.44 107736900500 0.6345798893273853
18.46 107736487720 0.6347754965845912
18.48 107736556300 0.634633494309856
18.5 107737193912 0.6346900003808845
18.52 107738000300 0.634587302979934
18.54 107737801840 0.6346952374498284
18.56 107737847096 0.6346736821263015
18.58 107737988168 0.6346373144120636
18.6 107738111596 0.6347404263559059
18.62 107738356100 0.6347762558204817
18.64 107737769896 0.6348073569183589
18.66 107737465736 0.6347409432661839
18.68 107737342032 0.6346512123355325
18.7 107736749200 0.6346702311054552
18.72 107737039232 0.6346767722217789
18.74 107737345828 0.6347438206237619
18.76 107737854780 0.6347201349440328
18.78 107737637188 0.634725988824419
18.8 107737437044 0.6349242869578156
18.82 107737196548 0.6347998496040441
18.84 107737434540 0.6349379935892907
18.86 107737846000 0.634969380182059
18.88 107738077540 0.6349331505954674
18.9 107738211640 0.6349639531765263
18.92 107738705116 0.6348748559080135
18.94 107738769340 0.634844410096858
18.96 107739626672 0.6349215249101632
18.98 107739119428 0.6348929194663375
19.0 107738962636 0.6348053805261428
19.02 107739238252 0.6346228998145863
19.04 107739517524 0.6346030923923864
19.06 107739488356 0.6347374343902386
19.08 107739978232 0.6346898133561574
19.1 107740897740 0.6347113366427066
19.12 107740112520 0.6346511365446064
19.14 107739689724 0.6346921393601765
19.16 107739187100 0.6344602656092568
19.18 107739461112 0.6342975807121138
19.2 107739360468 0.6342659701100123
19.22 107738696696 0.6343316853514548
19.24 107738392248 0.6341478661065075
19.26 107738659092 0.6342277926415263
19.28 107738426784 0.6342831378956658
19.3 107738869904 0.634315323866747
19.32 107739692644 0.6343886645451716
19.34 107739626176 0.6344498163504005
19.36 107739899124 0.6344736546937525
19.38 107739974632 0.6344886733411171
19.4 107740067596 0.6345106725231315
19.42 107740113440 0.6346089808017426
19.44 107741097036 0.6346208569803728
19.46 107740931652 0.6345569163158458
19.48 107740835076 0.6346589347775655
19.5 107740216524 0.6346889285338289
19.52 107740055176 0.634561463206022
19.54 107739562080 0.6345553044657928
19.56 107739517696 0.634395672182801
19.58 107739646580 0.6344460562776488
19.6 107740148628 0.6345759474863144
19.62 107740371900 0.6345677014866695
19.64 107740148724 0.6346194809337491
19.66 107740014708 0.6343785441940544
19.68 107740968008 0.6343499377333853
19.7 107740673976 0.6342584895110881
19.72 107740543088 0.6343660887989964
19.74 107740210516 0.6342770935913745
19.76 107739869348 0.6341672548929588
19.78 107739980272 0.6342179111211415
19.8 107739944636 0.6341399197715665
19.82 107740167720 0.6341329429546447
19.84 107740160612 0.634148988958926
19.86 107739925304 0.6342126210449631
19.88 107740185084 0.6342759121308374
19.9 107740135096 0.6343939171174032
19.92 107739551096 0.6344357145938475
19.94 107740481824 0.6344713506419277
19.96 107740877384 0.6344499442727154
19.98 107740390828 0.6345316703328628
20.0 107740047040 0.6344428389040748
20.02 107740132208 0.6345137410824297
20.04 107740800720 0.6346819845677962
20.06 107741480428 0.6347194508588787
20.08 107741047284 0.6345334440739332
20.1 107741380452 0.6346154244173772
20.12 107741092248 0.6345033786362382
20.14 107740738256 0.6346151907601189
20.16 107740580380 0.6346188287339416
20.18 107740079708 0.6347078647279402
20.2 107740596188 0.6347019172491616
20.22 107740869752 0.6347196708705696
20.24 107741087844 0.6348100213847809
20.26 107740759840 0.6348614356084844
20.28 107741292900 0.6349434224956957
20.3 107741920444 0.6348595467298659
20.32 107741327444 0.6348354571783739
20.34 107742464020 0.6347003265965736
20.36 107743095092 0.6347604448359739
20.38 107742684516 0.6346988287002381
20.4 107742233916 0.6346985368050885
20.42 107742415740 0.6346349419258424
20.44 107742446512 0.6346407397353024
20.46 107742125096 0.6346116215554163
20.48 107742203464 0.6344655678915639
20.5 107742052060 0.6345471634061737
20.52 107741737196 0.6345576504303748
20.54 107740956776 0.6346497685364423
20.56 107741045084 0.6345337403229405
20.58 107741825280 0.6346630873849848
20.6 107741556092 0.6346250689131572
20.62 107741895052 0.6347200912931561
20.64 107741745448 0.6348837282788009
20.66 107741839280 0.6348262914690699
20.68 107741849716 0.6348634199870392
20.7 107741507684 0.6347552096197527
20.72 107740785188 0.6347258649004157
20.74 107740274812 0.6346777206514312
20.76 107740092968 0.6345663951185522
20.78 107739524464 0.634878907724783
20.8 107739832076 0.6348054854809346
20.82 107738780792 0.6347368025508779
20.84 107738878704 0.6346579684068577
20.86 107738679780 0.6345462477941561
20.88 107739292720 0.6344435026519019
20.9 107739241912 0.6344647823658046
20.92 107739094412 0.6343355135982578
20.94 107739763212 0.6343558465731735
20.96 107739635720 0.6343041299824216
20.98 107739309900 0.6343688654925954
21.0 107739552284 0.6342002724225855
21.02 107739205500 0.634151534771274
21.04 107738649400 0.6341158423080091
21.06 107738322220 0.6341623917126501
21.08 107738830640 0.6341922638609765
21.1 107738739844 0.634275268962035
21.12 107739204796 0.634384167903651
21.14 107740105872 0.6344570083451585
21.16 107740283872 0.634503000007139
21.18 107740270716 0.6346399740089285
21.2 107740446144 0.634637783080205
21.22 107740533896 0.634712519008982
21.24 107740073736 0.6347648515740245
21.26 107740395156 0.6346470205818939
21.28 107740082172 0.6346965889699601
21.3 107740681988 0.634656939976227
21.32 107740957316 0.6347288386811409
21.34 107740438088 0.6346728987534206
21.36 107740130132 0.6347494470503121
21.38 107739819168 0.6347023073726654
21.4 107738030396 0.6346205395015554
21.42 107738193872 0.6345423113039845
21.44 107737901896 0.6345585196365641
21.46 107737898460 0.6345253766082959
21.48 107737897220 0.6344053604104586
21.5 107738260568 0.6344312565007371
21.52 107738656004 0.6344733692905062
21.54 107738120448 0.6346053684315771
21.56 107737777156 0.6346113597131198
21.58 107738265968 0.6346360349009228
21.6 107738139732 0.63467367961709
21.62 107738584292 0.6346949526965797
21.64 107738186016 0.6346630028382259
21.66 107737504736 0.6346448894230978
21.68 107737595308 0.634651153922577
21.7 107737875516 0.6347136562231557
21.72 107737906072 0.6347261971725116
21.74 107737761036 0.6346102439430807
21.76 107738136476 0.6345951403181722
21.78 107738638872 0.6346826473318454
21.8 107737836588 0.6347082468564961
21.82 107738157456 0.634540130611416
21.84 107737983564 0.634418992008032
21.86 107738548444 0.6344459449647987
21.88 107738482728 0.6343791283625106
21.9 107738482200 0.6344359779454565
21.92 107738800112 0.6345473310285191
21.94 107738826556 0.6345819712861724
21.96 107737949376 0.6344319145484901
21.98 107738489212 0.6343453253463595
22.0 107738770996 0.6343481254399428
22.02 107738281320 0.6342767084594682
22.04 107738352392 0.6343294496352014
22.06 107737441148 0.63452521152045
22.08 107736902344 0.6343983674110178
22.1 107736694904 0.6344637842590004
22.12 107737304692 0.634418979986672
22.14 107737817488 0.6344932668968927
22.16 107737797352 0.6344180288559882
22.18 107737687128 0.6343236447763207
22.2 107737051360 0.6344453479726037
22.22 107738007684 0.6343692810280075
22.24 107737346284 0.634149367048295
22.26 107737359980 0.6342182703125343
22.28 107737714168 0.6342758531938207
22.3 107736819048 0.6342770468910758
22.32 107736895636 0.6343183522147016
22.34 107737359536 0.6342669071065155
22.36 107737303720 0.6342144776385139
22.38 107736779856 0.6341560080431605
22.4 107736275028 0.6343362697103291
22.42 107737055164 0.6344434554806446
22.44 107737201108 0.6343672762980342
22.46 107737464368 0.634308620333919
22.48 107737806428 0.6341147537943528
22.5 107738189016 0.6340686353961384
22.52 107738309508 0.6341519642564156
22.54 107738541260 0.6341922260571806
22.56 107738539304 0.6342767560286535
22.58 107738238156 0.6341670083750999
22.6 107738585028 0.6343369506335018
22.62 107738363624 0.6344073602225644
22.64 107737900204 0.6343252977604281
22.66 107737242848 0.6344028283557047
22.68 107736937244 0.6346242506779183
22.7 107737414712 0.6345200459841476
22.72 107737508736 0.6346956917988018
22.74 107736908856 0.6346397820051171
22.76 107736895152 0.6345117491675869
22.78 107737103872 0.6345546017879263
22.8 107737926436 0.6346068653304571
22.82 107737657036 0.6347237429657603
22.84 107737097048 0.6346436103183726
22.86 107736779324 0.6347220454144871
22.88 107737074820 0.6347605268805041
22.9 107736659036 0.6348356818124092
22.92 107736127188 0.6348411750970064
22.94 107735619816 0.6350739079550493
22.96 107735464756 0.6350672932069956
22.98 107735084704 0.6350630601299332
23.0 107735307012 0.6349412034323789
23.02 107735449852 0.6348594632322886
23.04 107736117364 0.6349966317997648
23.06 107736528456 0.6350328906594768
23.08 107736634716 0.6350635108341819
23.1 107738029172 0.6350134116277715
23.12 107738200240 0.6349721941249237
23.14 107739352160 0.6350262187150923
23.16 107739313892 0.6351781413703282
23.18 107739157284 0.6351354144240151
23.2 107738779852 0.6350886374571998
23.22 107738965692 0.6349870176815308
23.24 107738767128 0.6350659037477685
23.26 107738904512 0.6349473478129631
23.28 107738707876 0.6349528182482278
23.3 107739697200 0.6349799040044952
23.32 107739342932 0.6349233460873094
23.34 107739069920 0.6349869626015792
23.36 107739406812 0.6350911308160279
23.38 107740049560 0.63492834675912
23.4 107740298940 0.6350452032156639
23.42 107740680256 0.6349844823168957
23.44 107740349048 0.6349576342144542
23.46 107740116944 0.6350012900405444
23.48 107738956172 0.6349383930773459
23.5 107738968380 0.6349932130397465
23.52 107738849100 0.6351509120859564
23.54 107739104172 0.6351756542463469
23.56 107738456140 0.6350967033898643
23.58 107738073620 0.6349341882324789
23.6 107738055472 0.6348292554744036
23.62 107738073704 0.6349212137070661
23.64 107739084300 0.6349806356297657
23.66 107740309244 0.6349684303544065
23.68 107739649584 0.6350550120782429
23.7 107740001400 0.6350187084976705
23.72 107740373180 0.6351029522980499
23.74 107740607988 0.6351228594000803
23.76 107739917276 0.6350774692117218
23.78 107740142768 0.6351968724294432
23.8 107740416372 0.635073929766651
23.82 107740301140 0.6351758152515614
23.84 107739786632 0.6350781859722373
23.86 107740454236 0.6349848832919607
23.88 107741150396 0.6349952950035788
23.9 107741194480 0.6348762980219793
23.92 107740958916 0.6348068475998929
23.94 107741276308 0.6347477159139169
23.96 107740086572 0.6346661697012328
23.98 107739431892 0.6348371296970741
24.0 107739906880 0.6350053161842675
24.02 107739878708 0.6349073205540899
24.04 107740141932 0.6348298825912868
24.06 107740027612 0.6348509493747225
24.08 107740162164 0.634914428772116
24.1 107739852360 0.6348441043331677
24.12 107740072076 0.6349322860413844
24.14 107739132088 0.6349350532177367
24.16 107739085328 0.6348429685982189
24.18 107738833044 0.6347971986882148
24.2 107739273916 0.6349246069946213
24.22 107739287988 0.6349235187902486
24.24 107739590560 0.6350261293716065
24.26 107740000744 0.6348589644517987
24.28 107739790752 0.6348620477014585
24.3 107740152332 0.6347753533581543
24.32 107741022012 0.6348277381230416
24.34 107741448792 0.6348244197944104
24.36 107741220928 0.6348543275147832
24.38 107741800492 0.63477363361402
24.4 107741662132 0.6346438533174339
24.42 107741234796 0.6345139864110416
24.44 107740804828 0.6347006648008865
24.46 107740745404 0.6346242007942245
24.48 107740661084 0.6345900493324366
24.5 107741422528 0.6346190625577843
24.52 107741846116 0.6344565517325074
24.54 107741818760 0.6344402312336074
24.56 107741802892 0.6344523118234298
24.58 107742265608 0.6343175650564598
24.6 107741569384 0.6343990642894413
24.62 107741579248 0.6344701491707048
24.64 107740989088 0.6345865089682468
24.66 107740861096 0.634407223612072
24.68 107741915912 0.634286522809275
24.7 107741531868 0.6343923097745403
24.72 107741475124 0.634306181488815
24.74 107741369544 0.6342826617156222
24.76 107740615164 0.6344180168574971
24.78 107740876260 0.6343141000724734
24.8 107740625724 0.6342919442718427
24.82 107740267776 0.634306431010577
24.84 107740368160 0.6344191988680122
24.86 107740353868 0.6345476594181593
24.88 107740475976 0.6345202339288848
24.9 107740068760 0.634636870505097
24.92 107740533608 0.6345388047852868
24.94 107740728312 0.6344058275342348
24.96 107740448492 0.6342549351823433
24.98 107739892424 0.6342304187412147
25.0 107739979368 0.6342101641471073
25.02 107738825960 0.6341022821233775
25.04 107738870024 0.6341913722270549
25.06 107739121376 0.6341669680243895
25.08 107739180944 0.6341947046052481
25.1 107738948660 0.634227749839635
25.12 107738134572 0.6341741095301686
25.14 107737826224 0.6342731295773244
25.16 107737340004 0.6342823181769102
25.18 107737478292 0.6342549953743324
25.2 107737267144 0.6343080748654886
25.22 107737202796 0.6341404375478445
25.24 107737029604 0.6342317445360507
25.26 107737277500 0.6344348146881601
25.28 107738013416 0.6345855754044262
25.3 107738344264 0.634551432723786
25.32 107738709760 0.6345035225909905
25.34 107739511028 0.6344838712854511
25.36 107738727188 0.6345022797359154
25.38 107738020976 0.6345299367136272
25.4 107738481856 0.6344726334624343
25.42 107738311216 0.6345341352529639
25.44 107738599844 0.6344793364649194
25.46 107738780876 0.6345819325817676
25.48 107739437820 0.6344961369861228
25.5 107739367220 0.6344378270273459
25.52 107738895816 0.634404686002412
25.54 107738748016 0.6344065567567083
25.56 107739503040 0.6344217445879525
25.58 107739768736 0.6344585260760167
25.6 107739020160 0.634523996760441
25.62 107738842168 0.6344328750046517
25.64 107738763772 0.6343246284323464
25.66 107738762212 0.6343227317486844
25.68 107738934768 0.6342295562081366
25.7 107738892920 0.6341408893408749
25.72 107738816680 0.6341855131471359
25.74 107738839440 0.6343891197084364
25.76 107738752408 0.634305343822728
25.78 107738588692 0.6344286836244852
25.8 107738545980 0.6343934194489914
25.82 107738772820 0.6343693571532365
25.84 107739037468 0.6345727396001936
25.86 107738786532 0.6345322773586045
25.88 107739132028 0.6345129096205342
25.9 107739088996 0.6345018615190487
25.92 107738724504 0.6345755757120257
25.94 107738237948 0.634494246263631
25.96 107737788912 0.634591915359758
25.98 107738007540 0.6344584729710689
26.0 107737979552 0.6344961359942622
26.02 107737988864 0.6345071007948564
26.04 107737946980 0.6343592666627274
26.06 107737645668 0.6345474309225789
26.08 107737903016 0.6344556618431558
26.1 107737944480 0.6345349846526327
26.12 107737991896 0.6346677342299445
26.14 107738270148 0.6346482937388713
26.16 107738469008 0.6346516881583804
26.18 107737715288 0.6346497031466822
26.2 107738344748 0.634671346141778
26.22 107738111600 0.6348840897537604
26.24 107738720412 0.6348773275504485
26.26 107738470168 0.6347368069538367
26.28 107738285156 0.6348951255146338
26.3 107738687536 0.6349409206097454
26.32 107738914276 0.6348440773142503
26.34 107738555608 0.6348749244959838
26.36 107738311664 0.6349576597893105
26.38 107737806572 0.6350607819246438
26.4 107737285236 0.6349550658040313
26.42 107737311048 0.634970025666481
26.44 107738216992 0.6348195682670124
26.46 107738761712 0.6347785858764305
26.48 107738549544 0.6349097169471788
26.5 107738121116 0.634896199442485
26.52 107738149756 0.6349774898516655
26.54 107737919736 0.634902814287403
26.56 107737613844 0.6349190663152802
26.58 107737588776 0.634905798545441
26.6 107737540840 0.6346931482662171
26.62 107737274500 0.6345282548555315
26.64 107737476428 0.6345624659456207
26.66 107737180356 0.6346010755490493
26.68 107736860416 0.6346050076280698
26.7 107737654588 0.6345912362875072
26.72 107736796488 0.6345266671166818
26.74 107736137440 0.6345052456022879
26.76 107735635808 0.6345890003120205
26.78 107736267012 0.6345182863591159
26.8 107736076644 0.6346092800466224
26.82 107736392820 0.6346285945710853
26.84 107735987008 0.6346522533125655
26.86 107735702952 0.6346853735958858
26.88 107736062032 0.6346348644185689
26.9 107736043568 0.6347672117221352
26.92 107736493232 0.6346862503057047
26.94 107735832364 0.6347069089010213
26.96 107735675716 0.6348283370862631
26.98 107735747744 0.6348189563913953
27.0 107736443432 0.6347413161835112
27.02 107736241492 0.6346979793195252
27.04 107736607960 0.6347546758114659
27.06 107736772660 0.6347868579693885
27.08 107735974148 0.634701661822632
27.1 107736351148 0.6346941879865187
27.12 107736716544 0.6346703527202977
27.14 107736831956 0.6345338364793329
27.16 107737688212 0.6344994012376042
27.18 107738407640 0.6346484814947069
27.2 107738831892 0.6346910882796082
27.22 107738728600 0.6346086274135077
27.24 107738147068 0.634545850076864
27.26 107738255512 0.6345614812033943
27.28 107738736520 0.6346648190387942
27.3 107739203664 0.6347858130703827
27.32 107739521996 0.6347999385520507
27.34 107739245368 0.634721636661182
27.36 107738366608 0.6348051230159194
27.38 107738531800 0.6347841256954608
27.4 107738666524 0.634780936981375
27.42 107738929136 0.6346965253228126
27.44 107738995940 0.6347180234661473
27.46 107739156828 0.6347790997070283
27.48 107739198900 0.6348112049973357
27.5 107739491472 0.6349023733478273
27.52 107739626708 0.6349053547594968
27.54 107739049404 0.6348284191907125
27.56 107739124352 0.6348439511193664
27.58 107739341944 0.634927823443336
27.6 107739315436 0.634898582545855
27.62 107739616356 0.6348092427722467
27.64 107740152812 0.6347990870926151
27.66 107740538568 0.634574189584088
27.68 107740579616 0.634517216968828
27.7 107740668028 0.6345998827265018
27.72 107740541436 0.6346504236421977
27.74 107740700160 0.634686871260398
27.76 107741226256 0.634655331026641
27.78 107741562772 0.6346666296546392
27.8 107741802124 0.6346246120547213
27.82 107741525600 0.6345954510653387
27.84 107741720292 0.6346989424312204
27.86 107742263188 0.634635568136829
27.88 107742214336 0.6347717081081791
27.9 107742020204 0.6348195271396937
27.92 107741807928 0.6347579765401163
27.94 107741990944 0.6347191465844482
27.96 107740980836 0.6346364993689823
27.98 107741506412 0.6346073851957463
28.0 107740807600 0.6346548861726182
28.02 107740596432 0.6346736523001708
28.04 107740005564 0.6346168625039863
28.06 107739495528 0.6344804318617947
28.08 107738816932 0.6345047738047065
28.1 107738879436 0.6344090896099724
28.12 107739238240 0.6344561543626936
28.14 107739006040 0.6344975845151635
28.16 107739502236 0.6344171209036329
28.18 107739534928 0.6342254662243803
28.2 107738894304 0.6342799856190848
28.22 107738464948 0.634168872126109
28.24 107737659244 0.6341105927534753
28.26 107737233464 0.6342186875360094
28.28 107737258964 0.6344132855030321
28.3 107738070404 0.6344777284341313
28.32 107737571776 0.634458948210486
28.34 107737213316 0.6346298942280608
28.36 107737057668 0.6346508901092429
28.38 107737406744 0.6345869391340897
28.4 107738573904 0.63442932896213
28.42 107738991824 0.6345484564795808
28.44 107739161512 0.6345315710320266
28.46 107738830496 0.6346482087399044
28.48 107738481756 0.6346598866208856
28.5 107738688948 0.6346655775855194
28.52 107738362848 0.6346749536877256
28.54 107738663420 0.634485235291082
28.56 107738310620 0.6346013529122331
28.58 107738726956 0.634559595186712
28.6 107738315128 0.6346883732209462
28.62 107737955808 0.6344728970664166
28.64 107738367616 0.6344953894880141
28.66 107738144472 0.6344903528463406
28.68 107737893636 0.6345175142616202
28.7 107737979324 0.6345758191548853
28.72 107737814556 0.63436758687941
28.74 107738417952 0.6344413098954838
28.76 107737878140 0.6345584652941656
28.78 107738341984 0.6345685486539966
28.8 107738749324 0.6346358292381105
28.82 107739120224 0.6345724645048338
28.84 107739075936 0.6346012758846726
28.86 107738623844 0.634729578917622
28.88 107738508496 0.6346553191627313
28.9 107738013280 0.6346585802298649
28.92 107737856552 0.6346704148228868
28.94 107738424576 0.6346051250939057
28.96 107737620676 0.6345896082942276
28.98 107737766356 0.6345391576430083
29.0 107738025304 0.6345698951103956
29.02 107738264656 0.6345577871876749
29.04 107737995600 0.6345568992512406
29.06 107737517760 0.6346138857936663
29.08 107737998972 0.6346888173827689
29.1 107737845756 0.6347632949087476
29.12 107737412488 0.6346852169788624
29.14 107737723060 0.6346869803019888
29.16 107737457888 0.6346772200839943
29.18 107736908256 0.6346421693312616
29.2 107737520316 0.6347243786361625
29.22 107738163744 0.6349174588171831
29.24 107738401900 0.6348145767657837
29.26 107737720212 0.634849736490662
29.28 107737678164 0.6349725659513846
29.3 107737887524 0.6349374004553359
29.32 107737511404 0.6349630044403619
29.34 107737868304 0.6348525874728201
29.36 107738090336 0.6349417006048017
29.38 107738531824 0.6348896879858309
29.4 107738667684 0.6348161015030322
29.42 107739093688 0.634711660957015
29.44 107739638420 0.6345903759241903
29.46 107738479208 0.6346958513555921
29.48 107738605680 0.6347636147679369
29.5 107738464656 0.6347733126238961
29.52 107738781744 0.634728187982268
29.54 107738383364 0.6346395259671525
29.56 107737894268 0.6346682268707591
29.58 107737625760 0.6345896464946169
29.6 107738118544 0.6346150644182901
29.62 107738152328 0.6345082440735683
29.64 107737251912 0.6347311726281865
29.66 107737508360 0.63473951801631
29.68 107737219672 0.6348281193193998
29.7 107736948004 0.6348633028095578
29.72 107737866988 0.6347169376212296
29.74 107737073900 0.6346560680074247
29.76 107737456736 0.6344278159410948
29.78 107737418600 0.6344250863487463
29.8 107737482052 0.6344112800608578
29.82 107737195384 0.6344429792939801
29.84 107737552164 0.6346355670312535
29.86 107737141060 0.634604528295616
29.88 107736607024 0.6343809566281907
29.9 107736380384 0.6343405408334413
29.92 107736581928 0.6343530909513664
29.94 107737154360 0.6343427605289348
29.96 107736845028 0.6343282481653292
