0.0 435180289902 0.16924332346258258
0.02 433366316908 0.1698070548803962
0.04 431621471748 0.17041915089520773
0.06 429943091680 0.17098928002648403
0.08 428329049030 0.1715143426473521
0.1 426776571454 0.17198764486964926
0.12 425283646482 0.17239752538513664
0.14 423847735874 0.1728466162899478
0.16 422466441306 0.1732603727105685
0.18 421138368608 0.17361605255045076
0.2 419861015188 0.17400242455908815
0.22 418633156794 0.1743338349581698
0.24 417452414980 0.17467421818123202
0.26 416317270648 0.1749584201249664
0.28 415225451552 0.17523662246397237
0.3 414175992816 0.1754609022096089
0.32 413167113692 0.1757064880706257
0.34 412197178458 0.17596239483926257
0.36 411264840060 0.17617544042959582
0.38 410368390158 0.1763901472581413
0.4 409506906620 0.17660740823285564
0.42 408678929134 0.17678994574527895
0.44 407883222320 0.17696218157085183
0.46 407118504720 0.1771052045372002
0.48 406383487106 0.17727470884672714
0.5 405677310288 0.17742817459697413
0.52 404998551606 0.17757265795968713
0.54 404346603436 0.17770226600880362
0.56 403720086508 0.177855848834915
0.58 403118532778 0.1779594277229461
0.6 402540748706 0.17805574872735175
0.62 401985697208 0.17819530167026176
0.64 401452718374 0.17830509155415553
0.66 400940839324 0.17839074935174049
0.68 400449515536 0.17849015392395667
0.7 399977715216 0.17854499894840994
0.72 399524607902 0.1786615249125736
0.74 399089529472 0.1787442580806809
0.76 398672035212 0.17880944249478978
0.78 398271288144 0.17884498181462785
0.8 397886788652 0.17894099587231682
0.82 397517727964 0.1790034866345401
0.84 397163920118 0.17903170142147368
0.86 396824355918 0.17911776840116295
0.88 396498790000 0.17916064338044993
0.9 396186632004 0.17919223113121152
0.92 395887339800 0.17920864364153738
0.94 395600565156 0.17924531455341816
0.96 395325207616 0.17926392198673738
0.98 395061504554 0.17931394490863892
1.0 394808630184 0.1793243482806842
1.02 394566270062 0.1793462166168931
1.04 394334273260 0.1793704061289602
1.06 394111936252 0.17939665279382302
1.08 393899214442 0.17946295805507417
1.1 393695527636 0.17944318529211306
1.12 393500438638 0.17945820569185572
1.14 393314033352 0.1794614000532791
1.16 393135268922 0.1794933515983092
1.18 392964350978 0.1795185767082476
1.2 392800683768 0.17958968704572303
1.22 392644529386 0.1795763397371747
1.24 392495029616 0.17954031216271266
1.26 392352202222 0.1795577672001246
1.28 392215672706 0.17955785249013212
1.3 392084999270 0.17957089844329868
1.32 391960522414 0.17958360576014015
1.34 391841962720 0.179621308197011
1.36 391728542750 0.17965306236563006
1.38 391620459886 0.1796353668385976
1.4 391517182144 0.17971088158310694
1.42 391418849460 0.1797307726132344
1.44 391324761666 0.17974507397731412
1.46 391235282454 0.17973920735373367
1.48 391150123548 0.17975778675676085
1.5 391069030822 0.17971970143500865
1.52 390992114544 0.17976105949482188
1.54 390918471282 0.17972734551267178
1.56 390848717330 0.17973832474612841
1.58 390782470662 0.1797266674846243
1.6 390719556810 0.17973357270911394
1.62 390659741582 0.17970220713397936
1.64 390603087648 0.17972788192599395
1.66 390549485382 0.17970001213269526
1.68 390498424464 0.17967488241417026
1.7 390450418630 0.17965648161141917
1.72 390404722224 0.17965510346447178
1.74 390361621830 0.17969675897369441
1.76 390321096098 0.1797045800679917
1.78 390282906188 0.17972851752768057
1.8 390246798544 0.17974110107637253
1.82 390212860656 0.1797104943178449
1.84 390180753366 0.17971876043202584
1.86 390150429536 0.1797035715881151
1.88 390122356784 0.17972120660563684
1.9 390096257694 0.17975161143375604
1.92 390071613868 0.17973944874245945
1.94 390048443170 0.17971982763388147
1.96 390026896100 0.17974799650485207
1.98 390006839774 0.17975119846515167
2.0 389988094552 0.17976745692382745
2.02 389970743620 0.179776089661217
2.04 389954787674 0.179792887921869
2.06 389940074600 0.17978504780227433
2.08 389926480440 0.17981896632698563
2.1 389914099052 0.17980726153701904
2.12 389902754860 0.17980449605916635
2.14 389892420306 0.17979246942225913
2.16 389883114264 0.1797899834123013
2.18 389874864066 0.1797321308633374
2.2 389867296064 0.17973710029549572
2.22 389860746786 0.17972326371372047
2.24 389855039828 0.17972777360799744
2.26 389850081888 0.1797560394440358
2.28 389845877254 0.17974615784731673
2.3 389842387370 0.1797339425886597
2.32 389839592050 0.17972807250415646
2.34 389837335794 0.17972693120734737
2.36 389835658216 0.17974662108676745
2.38 389834603144 0.17973718760634105
2.4 389834314102 0.17975691902377922
2.42 389834277542 0.17972292672631246
2.44 389835160142 0.17971783031250033
2.46 389836209914 0.17973137506356512
2.48 389837826916 0.17975958656987423
2.5 389839800460 0.1797464919677011
2.52 389842171136 0.17972163090961168
2.54 389845087246 0.17975911001559644
2.56 389848443456 0.1797590359579469
2.58 389851653692 0.1797791568838913
2.6 389855582532 0.17975905439887177
2.62 389859546150 0.1797704889059594
2.64 389864298302 0.17981108189302497
2.66 389869156348 0.17977550813084536
2.68 389874299684 0.1797941058333464
2.7 389879505574 0.17979863726466067
2.72 389884937798 0.17982845555677474
2.74 389890414426 0.1797817974579332
2.76 389896190432 0.17977975672612356
2.78 389902413610 0.17978734794717094
2.8 389908751812 0.17979534192112842
2.82 389915077844 0.17974134630902863
2.84 389921444410 0.17973376428419863
2.86 389928108570 0.17973065585234804
2.88 389935025776 0.1797394061806059
2.9 389942182026 0.17970087098016166
2.92 389949247188 0.1796754587632007
2.94 389956282192 0.17965490488681857
2.96 389963590224 0.17965455555726526
2.98 389971070644 0.17962148538072323
3.0 389978579404 0.1796012914987652
3.02 389986238218 0.179641145553339
3.04 389994052632 0.1796082864311201
3.06 390001659346 0.17956721803798215
3.08 390009545992 0.17955715725977878
3.1 390017008180 0.1795369240692236
3.12 390025022196 0.1795189227477971
3.14 390032897660 0.17949459614462365
3.16 390040857924 0.1795198150457337
3.18 390048588144 0.1795105258097364
3.2 390056315166 0.17953849770108182
3.22 390064033872 0.17952088450663684
3.24 390071871592 0.17949181799276448
3.26 390079746548 0.17950696073624633
3.28 390087440930 0.1794859198369509
3.3 390095303304 0.17948266968675014
3.32 390103260100 0.1794571096219402
3.34 390110920440 0.1794531812234069
3.36 390118779538 0.17948797669797362
3.38 390126452282 0.17952804544956844
3.4 390134306202 0.17954223169046948
3.42 390142113010 0.1795132462680826
3.44 390149873780 0.17952174642505747
3.46 390157387138 0.1795135660468479
3.48 390165029322 0.17950726734127703
3.5 390172569350 0.17948940507184422
3.52 390180469340 0.17949331315779612
3.54 390188089056 0.17950259405287444
3.56 390195441968 0.17945861654174922
3.58 390202849812 0.1794711025003521
3.6 390210229150 0.17952839383728245
3.62 390217664806 0.1795246910048239
3.64 390225114934 0.17955064882517446
3.66 390232391350 0.17954565782227186
3.68 390239478888 0.1795075404017147
3.7 390246592606 0.17947887154704503
3.72 390253662378 0.1794540968143878
3.74 390260748332 0.17949593795829255
3.76 390268081672 0.1795112860908734
3.78 390275169960 0.17947723734151977
3.8 390282046746 0.17950012807415594
3.82 390288783008 0.17948034507241667
3.84 390295574374 0.17945270882974557
3.86 390302371202 0.1794267752352431
3.88 390309062330 0.1793950592680963
3.9 390315567300 0.1793439981356545
3.92 390322183042 0.1793154471802964
3.94 390328464214 0.179301691007161
3.96 390334983304 0.17930887442074497
3.98 390341290254 0.1792788298522066
4.0 390347381734 0.1793089119255817
4.02 390353997668 0.17929248429441197
4.04 390360154696 0.17928496645708242
4.06 390366356888 0.1792949266262272
4.08 390372327978 0.17928692121030587
4.1 390378301574 0.1792703840345532
4.12 390384323990 0.17924114166074442
4.14 390390407514 0.17926851119518872
4.16 390396119812 0.17921496148356977
4.18 390401705670 0.17920626864728212
4.2 390407486016 0.17923770267319597
4.22 390413271936 0.17922607452312928
4.24 390418947842 0.17918077233727425
4.26 390424343246 0.17920973016897168
4.28 390429879762 0.17920483713856317
4.3 390435559912 0.1791846515435568
4.32 390440718504 0.17919428982247437
4.34 390446204644 0.17919876557418588
4.36 390451713390 0.17919929954887415
4.38 390456890468 0.17917736213781468
4.4 390462036928 0.1791776723444588
4.42 390467112034 0.1791559149481834
4.44 390472248642 0.17914783266262135
4.46 390477136866 0.17920818153113252
4.48 390482025808 0.17924678551357345
4.5 390486783080 0.17924891758711006
4.52 390491771760 0.17923070516719608
4.54 390496697030 0.17920684212793825
4.56 390501592404 0.17926867045393005
4.58 390506063230 0.17924595865998824
4.6 390510747228 0.17922405117547913
4.62 390515191242 0.17923459781946893
4.64 390519767012 0.17929482844977937
4.66 390523988980 0.17925680512833747
4.68 390528232576 0.17924447302261975
4.7 390532551304 0.17924656761062777
4.72 390536851840 0.17927431182324166
4.74 390541277752 0.17925268072095604
4.76 390545388406 0.17927011339887539
4.78 390549741158 0.17927430246425022
4.8 390553822196 0.1792714242066361
4.82 390557956456 0.1792744138312657
4.84 390562066470 0.17929049352090343
4.86 390565864708 0.17931851626240886
4.88 390570027384 0.17931053509028744
4.9 390573792240 0.17928518649173186
4.92 390577624538 0.17929377434594385
4.94 390581334474 0.1792979982092732
4.96 390585295830 0.17926429630450558
4.98 390588804504 0.17926743297725123
5.0 390592448234 0.1792511969882422
5.02 390595852450 0.17926378510859795
5.04 390599240482 0.1792350704385252
5.06 390602735898 0.1792254396730139
5.08 390606059914 0.17924064971811396
5.1 390609497508 0.17924835174117743
5.12 390612942562 0.17922110890506648
5.14 390616283402 0.17922823773422233
5.16 390619564406 0.17922448125063686
5.18 390623084564 0.1792473460182596
5.2 390626300338 0.1792288330399933
5.22 390629620332 0.17923304169269952
5.24 390632820106 0.17925570359770543
5.26 390636025456 0.17923335066025556
5.28 390639342338 0.1792406504804482
5.3 390642177946 0.1792872513633433
5.32 390645240952 0.17927095426458617
5.34 390648213370 0.1792667463294907
5.36 390651185096 0.17925040444374135
5.38 390654055628 0.17922244039296004
5.4 390656880694 0.17920021390622268
5.42 390659535558 0.17921335335863375
5.44 390662200490 0.17922585230533838
5.46 390664654040 0.17922887474240687
5.48 390667388540 0.17920003574064394
5.5 390669980402 0.17925455167866677
5.52 390672455416 0.17922903453778238
5.54 390675205386 0.17923382458413656
5.56 390677516872 0.1792700090182903
5.58 390680203180 0.17928078313833923
5.6 390682606224 0.17930643348075032
5.62 390685017510 0.17930920175432957
5.64 390687447766 0.17928222459342225
5.66 390689822830 0.17931605252715033
5.68 390692115486 0.1793255964077324
5.7 390694507928 0.17929389729211984
5.72 390696951064 0.17926349379031525
5.74 390699146218 0.17926156024488776
5.76 390701248208 0.17925676920064088
5.78 390703623108 0.17928863410096385
5.8 390705810546 0.17931288541469706
5.82 390708035882 0.17926746605355165
5.84 390710034270 0.1792759030022882
5.86 390712222460 0.1792703376428941
5.88 390714320844 0.17928442331039368
5.9 390716421210 0.17926231671349704
5.92 390718465668 0.1792716769737318
5.94 390720506064 0.17929755856524834
5.96 390722479464 0.17930494025412455
5.98 390724425182 0.17932360720757742
6.0 390726471000 0.17933636471743017
6.02 390728595632 0.17934119211032196
6.04 390730374904 0.17930975353249395
6.06 390732000336 0.17930033894574288
6.08 390734133912 0.17928515411055618
6.1 390735773280 0.17929289821459815
6.12 390737956406 0.1793053965338711
6.14 390739718030 0.17934903846146497
6.16 390741572166 0.17925808471584448
6.18 390743398526 0.17924075045722873
6.2 390745142984 0.1792572808734405
6.22 390746761220 0.1792718371337319
6.24 390748361466 0.17923897650614098
6.26 390750139348 0.17920612647867878
6.28 390751767966 0.17917899695104367
6.3 390753332562 0.17915237366510528
6.32 390755011588 0.17916995135341401
6.34 390756661228 0.1791507497234311
6.36 390758154426 0.17919640317972424
6.38 390759870022 0.17915847812507854
6.4 390761189392 0.179208304150528
6.42 390762640750 0.1791879979079566
6.44 390764164484 0.17918362303111585
6.46 390765701188 0.17917008899065742
6.48 390767073358 0.17918914226746474
6.5 390768586726 0.1791741007461443
6.52 390769990744 0.17916374272926472
6.54 390771389706 0.17917244744361305
6.56 390772650878 0.17922197348668192
6.58 390774275288 0.1792193627141734
6.6 390775781792 0.17923085490489185
6.62 390777076694 0.17916057297082766
6.64 390778210464 0.17917327118232207
6.66 390779739178 0.1791833547592821
6.68 390781332156 0.17917565555343828
6.7 390782688638 0.1791607534551555
6.72 390784013444 0.17917277795524905
6.74 390785146538 0.17913765523736486
6.76 390786413158 0.179152630674185
6.78 390787495136 0.17914481374333602
6.8 390788605688 0.17920357787633961
6.82 390789627964 0.17927102444811654
6.84 390790901408 0.179279055253407
6.86 390791895992 0.1792968911108932
6.88 390793139856 0.179300143445817
6.9 390794224648 0.17932822289213746
6.92 390795300940 0.17936341498021885
6.94 390796434282 0.17931847593991548
6.96 390797611710 0.17931871405891373
6.98 390798697802 0.17929294932112969
7.0 390799583990 0.17931239725995937
7.02 390800719068 0.1792744522553508
7.04 390801869656 0.17929660504335532
7.06 390802975290 0.1792716260657668
7.08 390803731648 0.17926707168909373
7.1 390804893536 0.17923173528559713
7.12 390805764864 0.17921959638656443
7.14 390806961436 0.17920179969008065
7.16 390807747168 0.17918845596782557
7.18 390808691304 0.17921777807456302
7.2 390809677204 0.17923366278711114
7.22 390810530152 0.1792041150601398
7.24 390811559490 0.1791987237225682
7.26 390812377472 0.17918234257537669
7.28 390813196090 0.17918004912464555
7.3 390814059636 0.17916997320914618
7.32 390814707502 0.17916145878425832
7.34 390815539932 0.17918366750359987
7.36 390816422426 0.17913985418683434
7.38 390817538958 0.17917139064004728
7.4 390818356430 0.17917269560207996
7.42 390818928234 0.1791730500071022
7.44 390820026418 0.17914347761180033
7.46 390820670154 0.17912558160548653
7.48 390821403830 0.17912958223470568
7.5 390822073318 0.17916510018023904
7.52 390822690678 0.17917656069862126
7.54 390823304216 0.17912749396772987
7.56 390824051540 0.17913510165829039
7.58 390824807512 0.17910788933294713
7.6 390825366796 0.17908728487515113
7.62 390826337124 0.1790431189181587
7.64 390827020826 0.17906255605594534
7.66 390827640930 0.17906479030144004
7.68 390828263282 0.17913467243485265
7.7 390828895014 0.17913185180792615
7.72 390829654054 0.1791282717805785
7.74 390830376414 0.17913643071680063
7.76 390831004604 0.17910152140052227
7.78 390831614592 0.17910420213205136
7.8 390832203808 0.179096704916488
7.82 390832661898 0.1791127342012186
7.84 390833452398 0.1791190444968268
7.86 390834077598 0.17911510134474193
7.88 390834790030 0.1791262903938356
7.9 390835613912 0.17913684005343616
7.92 390836500408 0.17909578688840672
7.94 390836864956 0.1790762199471019
7.96 390837441100 0.17909248505001518
7.98 390838082360 0.1790779909195584
8.0 390838789904 0.17908240751528784
8.02 390839431762 0.17906810177287458
8.04 390839965106 0.17908061530395275
8.06 390840228764 0.17908358327317114
8.08 390840557922 0.17907703288398852
8.1 390841130962 0.17906661549249595
8.12 390841491192 0.1790627300993982
8.14 390842040832 0.1790668743660813
8.16 390842469962 0.17910590363604215
8.18 390843033888 0.17907804082395357
8.2 390843497702 0.1791069807289663
8.22 390843859560 0.17916918053007627
8.24 390844516390 0.1791731798674314
8.26 390844917814 0.17917314614916174
8.28 390845318856 0.17911276338258977
8.3 390845926982 0.17913383622683504
8.32 390846544174 0.17913647994846993
8.34 390847110294 0.17913891456085484
8.36 390847707284 0.17916356179468726
8.38 390848375656 0.17919206627242562
8.4 390848858700 0.17916003191323931
8.42 390849333756 0.1791541178045402
8.44 390849786816 0.1791251250146967
8.46 390850364340 0.17910979833393018
8.48 390850799206 0.17909460062023935
8.5 390851093826 0.17910737412186098
8.52 390851496980 0.17907613748206375
8.54 390851898118 0.17908922388769136
8.56 390852169650 0.179036798857576
8.58 390852754000 0.17908783931308553
8.6 390853370114 0.1790918686726548
8.62 390853852472 0.17908843498131571
8.64 390854141616 0.1790898203235765
8.66 390854355478 0.17912770841657466
8.68 390854657866 0.17915741836973034
8.7 390855260930 0.17912630752108688
8.72 390855760936 0.1790614094080462
8.74 390856269734 0.17906260197572318
8.76 390856728072 0.1791035495502201
8.78 390857158018 0.17912783288221965
8.8 390857415194 0.17910721627288284
8.82 390857811550 0.17910413523064425
8.84 390858151496 0.17910899783708453
8.86 390858615786 0.1790889545118454
8.88 390859048426 0.17907426608712143
8.9 390859506444 0.17906639585498352
8.92 390859921364 0.1790624431566764
8.94 390860234734 0.17905457677859646
8.96 390860636780 0.1790633932470015
8.98 390861167602 0.17904370155843757
9.0 390861671608 0.17906834041014005
9.02 390861912530 0.17909171123457795
9.04 390862335744 0.17908202302904846
9.06 390862683040 0.1790690615162498
9.08 390862897160 0.1790366188827547
9.1 390863222412 0.17901956618276432
9.12 390863580624 0.1790591837120697
9.14 390863702300 0.1790475617417955
9.16 390863981466 0.1790419316236955
9.18 390864538446 0.17908303332511233
9.2 390864659250 0.17907111866650746
9.22 390864605488 0.17905370719343983
9.24 390864710480 0.1790895759956254
9.26 390865287710 0.17911868055362976
9.28 390865722990 0.17911120994264196
9.3 390865795516 0.1790977236822804
9.32 390866026766 0.17907559001075063
9.34 390865996272 0.17908147527239954
9.36 390866451002 0.1791009430309075
9.38 390866481880 0.17912205779087834
9.4 390866553514 0.17910079986861316
9.42 390866739810 0.17911676227074
9.44 390866793640 0.17914618145688313
9.46 390866848332 0.1791001973896652
9.48 390867022876 0.17911447455450286
9.5 390867304776 0.17912672105422126
9.52 390867505396 0.1791226084455111
9.54 390867928358 0.1791162095496096
9.56 390868327702 0.17908967848677057
9.58 390868786568 0.17910447344655087
9.6 390868635060 0.1790923655393479
9.62 390868836820 0.17906388016940822
9.64 390869255042 0.17901756421310733
9.66 390869574594 0.1790289665047311
9.68 390869882594 0.17902736848049783
9.7 390870095512 0.17905169229913223
9.72 390870472928 0.17907175458139707
9.74 390870883214 0.17902495791231626
9.76 390871065422 0.179075770148086
9.78 390871130952 0.17906272965051545
9.8 390871201014 0.17907245074845662
9.82 390871492138 0.179089423727003
9.84 390871660326 0.17910017206679962
9.86 390871945296 0.1791149657041874
9.88 390872255092 0.17913145852326703
9.9 390872677432 0.1791132696187696
9.92 390872766316 0.17912090102181438
9.94 390873046784 0.1791463880724559
9.96 390873218700 0.17914036103499742
9.98 390873228956 0.17911843293410487
10.0 390873531144 0.17915214129345963
10.02 390873816408 0.17912678930883524
10.04 390874186176 0.1790967284055768
10.06 390874385424 0.17909724589055448
10.08 390874482182 0.17907115034933913
10.1 390874592480 0.17910834030951742
10.12 390874590884 0.17911526123954197
10.14 390874925336 0.17912608263085195
10.16 390875051208 0.17916512076502628
10.18 390875076672 0.1791741233866682
10.2 390875393076 0.1791625298732478
10.22 390875708698 0.17917415944272755
10.24 390876045224 0.17915346137408678
10.26 390876105500 0.17915411971059136
10.28 390876158070 0.1791204947502938
10.3 390876204692 0.17913245987450818
10.32 390876508486 0.17908192187381922
10.34 390876555634 0.1791070282465435
10.36 390876547384 0.1791109830444745
10.38 390876916854 0.17912828157679622
10.4 390876903580 0.1791614407861222
10.42 390877117536 0.17915139511517214
10.44 390877331332 0.1791718782925782
10.46 390877317340 0.17913287245607284
10.48 390877109292 0.17914410333006064
10.5 390877192238 0.17912596044688214
10.52 390877292954 0.17913103731673163
10.54 390877498792 0.17908579837647667
10.56 390877652664 0.17909616845034973
10.58 390877698330 0.1791107773181377
10.6 390877863274 0.17911326727689186
10.62 390877978758 0.17910463013424036
10.64 390878045662 0.17910016537770868
10.66 390878038438 0.17910149380064333
10.68 390878038720 0.17909145022357292
10.7 390878119474 0.17907276202442202
10.72 390878244922 0.17903922674174805
10.74 390878258536 0.17903899578833446
10.76 390878266426 0.17904369065837172
10.78 390878258606 0.17904664701269377
10.8 390878623958 0.179002964304883
10.82 390878721982 0.17899168576550992
10.84 390878922796 0.1789976011904989
10.86 390878832306 0.17900355074846608
10.88 390878909822 0.17900857127534822
10.9 390878834848 0.1790373370798904
10.92 390879170982 0.17903908302864457
10.94 390879567692 0.17904431251632644
10.96 390879703430 0.17907281501973815
10.98 390879803200 0.1790817391717409
11.0 390880067568 0.17907420385229042
11.02 390880033020 0.17905565201110357
11.04 390880162146 0.17904329446413764
11.06 390880105028 0.17904842915410207
11.08 390880212334 0.17903999454424757
11.1 390880305382 0.17904521984091853
11.12 390880365814 0.17906049377555236
11.14 390880492748 0.1790236475389609
11.16 390880710898 0.17904229891120632
11.18 390880759874 0.17901480051167767
11.2 390880585702 0.17900568232639644
11.22 390880634184 0.17904006027811153
11.24 390880519414 0.17901630438279542
11.26 390880855714 0.179016908200598
11.28 390880953634 0.17904999334611404
11.3 390881019584 0.1790657209995603
11.32 390881071448 0.17907746981169692
11.34 390881189458 0.17908202535172957
11.36 390881473762 0.1791055612928996
11.38 390881519240 0.1790834661988665
11.4 390881583082 0.1790577697775449
11.42 390881536064 0.1790517273498053
11.44 390881730274 0.17904753231397308
11.46 390881804868 0.17906411377821524
11.48 390881756418 0.17905794819361126
11.5 390881858308 0.17905057403731978
11.52 390881919338 0.1790295856942824
11.54 390882030608 0.17908131679380002
11.56 390882308136 0.17914209529917435
11.58 390882322342 0.1791835600695174
11.6 390882520120 0.17916869887330406
11.62 390882646770 0.17916902335231677
11.64 390882582550 0.17913905861148577
11.66 390882429506 0.17917788422300845
11.68 390882661332 0.1792081793338149
11.7 390882546682 0.17921172237554245
11.72 390882341434 0.1791883895920515
11.74 390882133222 0.17919444039008148
11.76 390882156464 0.17921796567572246
11.78 390881950060 0.17916785159994725
11.8 390882099606 0.17912951780927416
11.82 390882060726 0.1791119988342088
11.84 390882276954 0.17910455593230856
11.86 390882258718 0.17912919093800905
11.88 390882433680 0.17911706632678148
11.9 390882319438 0.17911727096005226
11.92 390882416154 0.17915956974381825
11.94 390882460410 0.17917475217366152
11.96 390882605368 0.1791862472325299
11.98 390882814046 0.17916382860014904
12.0 390883096566 0.17915049905177827
12.02 390883042724 0.17913992051163644
12.04 390883182370 0.17909675483086016
12.06 390883355712 0.1790911277210165
12.08 390883783042 0.17912547044406252
12.1 390883818706 0.17910214749500036
12.12 390883708846 0.17905641286193003
12.14 390883749298 0.179012258500357
12.16 390883433826 0.1790214367865066
12.18 390883562610 0.17896341746026098
12.2 390883686130 0.17894967207502444
12.22 390883616106 0.17893034320534995
12.24 390883755182 0.17890033711998982
12.26 390883748938 0.1789009200101587
12.28 390883766090 0.17896413329668165
12.3 390883954496 0.17893693861493354
12.32 390883994872 0.178933216345636
12.34 390884333806 0.17895696583651394
12.36 390884642046 0.17894458125379803
12.38 390884452132 0.17899463011264932
12.4 390884339854 0.1790089701862311
12.42 390884428940 0.17903708363356935
12.44 390884419074 0.17908285414256345
12.46 390884507098 0.17911600296367625
12.48 390884693186 0.17912031808691556
12.5 390884634802 0.17908338873955348
12.52 390884467308 0.17908220968839708
12.54 390884876756 0.17911628909336275
12.56 390884887118 0.17910512869887443
12.58 390884998226 0.17911823774366176
12.6 390884918634 0.17911429638753862
12.62 390884672268 0.17908627327795587
12.64 390884702718 0.17916215367900326
12.66 390884670106 0.17917853285118865
12.68 390884596068 0.1791779390929511
12.7 390884689792 0.179146276053899
12.72 390884698306 0.1791511616755713
12.74 390884856584 0.17917592410368827
12.76 390884633094 0.1791919103466149
12.78 390884310674 0.17921877400323305
12.8 390884242002 0.17922388641086837
12.82 390884179932 0.17916064412474303
12.84 390884199376 0.17922341039093004
12.86 390884430982 0.17922084693577003
12.88 390884416704 0.1792495400167087
12.9 390884667632 0.1792303327183872
12.92 390884862622 0.1792522250422191
12.94 390884903556 0.17925911540187003
12.96 390885241230 0.17928779260182673
12.98 390885098444 0.1792892380955333
13.0 390885185954 0.17928255590550227
13.02 390885215104 0.17929411171648696
13.04 390885369988 0.17925536198571612
13.06 390885184160 0.17923235475555951
13.08 390885227494 0.17921377109376746
13.1 390885151406 0.17920242617524507
13.12 390885084942 0.17922385316614226
13.14 390885051352 0.17919962926202473
13.16 390884926192 0.17920196071878103
13.18 390884913506 0.17919602131077056
13.2 390885046450 0.17916753791156642
13.22 390885296128 0.17914775615472378
13.24 390885442074 0.1791345028839305
13.26 390885499090 0.1791075244800689
13.28 390885616504 0.17906298661477363
13.3 390885539820 0.1790818859088446
13.32 390885443980 0.17911121389639134
13.34 390885565578 0.17906183271645998
13.36 390885717594 0.17905532264187063
13.38 390885770990 0.17908564160418694
13.4 390885714470 0.17909768155851347
13.42 390885703600 0.1790828847600198
13.44 390885764358 0.17907259075593313
13.46 390886187548 0.1791091151315959
13.48 390886295922 0.17907068802278986
13.5 390886280976 0.17906998749557948
13.52 390886180732 0.1791115735549334
13.54 390886401948 0.17912301246909065
13.56 390886568124 0.1790572761866701
13.58 390886528880 0.17903828697892046
13.6 390886490088 0.17905385999997894
13.62 390886482654 0.17900087182669053
13.64 390886618336 0.17900461122864963
13.66 390886668722 0.1790183875396726
13.68 390886531968 0.17904057805654292
13.7 390886630878 0.17905010453096873
13.72 390886551046 0.17902131762243648
13.74 390886514734 0.17907673447021466
13.76 390886885588 0.179099886912793
13.78 390886887254 0.1791327581784618
13.8 390886797868 0.1791372402527852
13.82 390886902126 0.17916849227052895
13.84 390886723348 0.17922632278176562
13.86 390886888318 0.17921619608636807
13.88 390886903980 0.1792130884973329
13.9 390886872514 0.17919882550853602
13.92 390886836504 0.17923376206460767
13.94 390886993008 0.1792371822335599
13.96 390886981960 0.17926937614346308
13.98 390886878870 0.1792728619337025
14.0 390886700444 0.17924469910998395
14.02 390886794762 0.1792622858093335
14.04 390886758366 0.1792842108346008
14.06 390886767404 0.17926024091924714
14.08 390886986374 0.17925679121543606
14.1 390887011846 0.17927605044518286
14.12 390887071366 0.1792670900859822
14.14 390886910550 0.17923169864126523
14.16 390886772200 0.17923282762440598
14.18 390886909800 0.1792348217452674
14.2 390886903548 0.17921380663018532
14.22 390887250246 0.1792503520338729
14.24 390887098932 0.17924887385115237
14.26 390886966950 0.1792428683730772
14.28 390887137662 0.17923082087538356
14.3 390887373636 0.17926496233302572
14.32 390887354908 0.17922812756507595
14.34 390887385756 0.17920256311183924
14.36 390887335320 0.1791750488404431
14.38 390887549314 0.17916169495646017
14.4 390887438296 0.1792191574987872
14.42 390887370314 0.17926171259396542
14.44 390887368986 0.17925940064158136
14.46 390887373220 0.1792873461139747
14.48 390887431992 0.1792967300313184
14.5 390887429300 0.1793135271237441
14.52 390887485330 0.1792725376345639
14.54 390887416382 0.17925962038514462
14.56 390887357372 0.1792542119275733
14.58 390887678274 0.17929073021015102
14.6 390887720572 0.17926536502034088
14.62 390887630228 0.17922328059753556
14.64 390887529614 0.17921146157027795
14.66 390887713694 0.17923796900256772
14.68 390887705870 0.17921486259916447
14.7 390887711368 0.17920174605560074
14.72 390887795174 0.17922622133833235
14.74 390887894426 0.1792080473393809
14.76 390887954430 0.17917546427495223
14.78 390887850514 0.17919557903911798
14.8 390887881588 0.17921859844197008
14.82 390887897814 0.17921246972461802
14.84 390887815452 0.17918611113073799
14.86 390887837362 0.1791908163356996
14.88 390887777158 0.1792128769820207
14.9 390887642416 0.1791883540334464
14.92 390887889588 0.17917735127463513
14.94 390888094924 0.17921263049884792
14.96 390888111118 0.17919237755537135
14.98 390888005186 0.17919154963387438
15.0 390888079154 0.17919415657499044
15.02 390888238090 0.1791725449211522
15.04 390888051492 0.17918120070403065
15.06 390888089256 0.1791662993478893
15.08 390888072896 0.17918273093114664
15.1 390888032114 0.1791951036443139
15.12 390888006228 0.1791599668274695
15.14 390888092766 0.17913734694286715
15.16 390887970264 0.17913013273258993
15.18 390888201936 0.17915879219010983
15.2 390888307884 0.1791382746077346
15.22 390888314120 0.1791353464032499
15.24 390888219498 0.1791271438974383
15.26 390888298700 0.1791369146097883
15.28 390888293394 0.1791418328811433
15.3 390888349022 0.17916441031673308
15.32 390888400086 0.17912619043021122
15.34 390888206424 0.1791188110663585
15.36 390888270788 0.1791589676880173
15.38 390888134600 0.1791702553809636
15.4 390887881086 0.17918613223904484
15.42 390887951714 0.1791875274893608
15.44 390887715054 0.17919970072204944
15.46 390887652810 0.17922664004304378
15.48 390887713298 0.17922016609201405
15.5 390887693856 0.1792833446457668
15.52 390887794108 0.17923386621432508
15.54 390887712886 0.17926775430781525
15.56 390887780874 0.17924120236344687
15.58 390888085866 0.17923545131252183
15.6 390888030822 0.1792028205440055
15.62 390888161870 0.17922868776383138
15.64 390888174710 0.1792330021177355
15.66 390888160200 0.1792120789470622
15.68 390888165936 0.17918523426563315
15.7 390888169818 0.17917583869042186
15.72 390888005252 0.17914887834335183
15.74 390887975316 0.17915250036519673
15.76 390887916380 0.17914573512356857
15.78 390888030730 0.17915423353741586
15.8 390887996380 0.17915965399717626
15.82 390888078082 0.17915095062539754
15.84 390887996508 0.17912558544713486
15.86 390888159412 0.1791039751500024
15.88 390888297260 0.1791106596216046
15.9 390888315370 0.1791087756404661
15.92 390888181450 0.17914323619099537
15.94 390888345866 0.1791620679079631
15.96 390888373308 0.1791627079706058
15.98 390888239228 0.17917491637351476
16.0 390888361536 0.17917920722385347
16.02 390888251988 0.1792047190722914
16.04 390888009292 0.1792502423425108
16.06 390887723998 0.17924918205527632
16.08 390887844468 0.17925576168831747
16.1 390887794004 0.17929809060953922
16.12 390887649278 0.17930024311320775
16.14 390887756024 0.17928856151114209
16.16 390887783416 0.1793111633918521
16.18 390887663192 0.17934165290323956
16.2 390887411106 0.17931955563749596
16.22 390887706924 0.17926508175746944
16.24 390887754188 0.17925770588464132
16.26 390887757636 0.1792822316817564
16.28 390887904682 0.1792917560712589
16.3 390887990600 0.179259271140438
16.32 390888026760 0.17928714706045693
16.34 390888088254 0.17928115926807087
16.36 390888313090 0.1792589262663637
16.38 390888114244 0.1792457672663776
16.4 390888335402 0.17921444348887006
16.42 390888542372 0.17917045890745517
16.44 390888374886 0.17917110567656008
16.46 390888584920 0.17920242659101324
16.48 390888517594 0.1791832918343892
16.5 390888503332 0.17919736750522505
16.52 390888670358 0.17915428984042472
16.54 390888813012 0.17912286979572978
16.56 390888805656 0.17911114952537674
16.58 390888703086 0.1791264007886663
16.6 390888685320 0.17911780119001625
16.62 390888954872 0.17911637310887146
16.64 390888975310 0.17913608177448812
16.66 390888987366 0.17909617380337509
16.68 390889022662 0.17912427919706175
16.7 390889116938 0.17917341262208636
16.72 390889139344 0.17921353607944218
16.74 390889277380 0.17922313521799585
16.76 390889177188 0.1792188693237139
16.78 390889221176 0.17920102517183475
16.8 390889167888 0.17919869328245686
16.82 390889213068 0.17918097772497432
16.84 390889262876 0.1791879579493985
16.86 390889408996 0.17918059823960275
16.88 390889635356 0.17914738158711535
16.9 390889630776 0.17919043719799527
16.92 390889680892 0.1791280812625576
16.94 390889840940 0.17913742559999782
16.96 390889845152 0.17915459669833256
16.98 390889537416 0.17919722541258878
17.0 390889453598 0.17920269057024182
17.02 390889604698 0.17921455495601907
17.04 390889514938 0.17917512491131302
17.06 390889301042 0.1791611127409517
17.08 390889366900 0.17913032832105086
17.1 390889296442 0.17911551111481855
17.12 390889481952 0.1791033295767981
17.14 390889595622 0.179110954138809
17.16 390889315594 0.17909806252692656
17.18 390889206820 0.1790950976411664
17.2 390889257084 0.17911249570776483
17.22 390889151816 0.17913988282794252
17.24 390889217650 0.179132211567897
17.26 390889007442 0.17910738991693392
17.28 390888968920 0.17914959851829437
17.3 390888888786 0.17914800196273414
17.32 390888836322 0.17912980132082604
17.34 390888770238 0.17915939139135387
17.36 390888868236 0.17915838219176644
17.38 390888946452 0.1791436093051237
17.4 390888880160 0.1791731917271616
17.42 390888954468 0.17920867576405325
17.44 390888750552 0.1791965347183933
17.46 390888807402 0.17915937462732523
17.48 390888865548 0.17916208664272726
17.5 390888824542 0.1791978809895727
17.52 390888700164 0.1792005534530989
17.54 390888889090 0.17919215959191465
17.56 390888999136 0.17916453914661162
17.58 390888849054 0.17917368239226078
17.6 390888850512 0.1791859628439845
17.62 390888720028 0.17913678472599148
17.64 390888911550 0.1791454513159442
17.66 390888707580 0.17914904011442578
17.68 390888783150 0.17912394126216558
17.7 390888839452 0.17917557002462925
17.72 390888746468 0.1791812962508939
17.74 390888547030 0.17913159000019963
17.76 390888466506 0.1791315198121799
17.78 390888521086 0.17913611447854552
17.8 390888532100 0.17913304112358192
17.82 390888611774 0.17914246605173575
17.84 390888756650 0.17912662670626936
17.86 390888812522 0.17913404613623793
17.88 390888818862 0.17912776250080562
17.9 390888739844 0.17909400660208183
17.92 390888544868 0.17911106146948574
17.94 390888461592 0.17909797323228566
17.96 390888371694 0.1791343666402222
17.98 390888582866 0.17914186370794807
18.0 390888444320 0.17918622543590257
18.02 390888630310 0.17916273953860445
18.04 390888655128 0.1791800111884051
18.06 390888706584 0.17913992084950217
18.08 390888874698 0.17909419977975116
18.1 390888852842 0.17908166555092103
18.12 390888798422 0.17907098545287198
18.14 390889089658 0.17911186670757365
18.16 390889109604 0.17910706362854878
18.18 390889301810 0.1791239349208631
18.2 390889316326 0.17914218022094502
18.22 390889382566 0.17915606907432358
18.24 390889382750 0.17916123967294484
18.26 390889530450 0.17914951194520326
18.28 390889443734 0.1791769512854769
18.3 390889470900 0.1791616103895034
18.32 390889532458 0.17912866939417602
18.34 390889382052 0.1791485335887828
18.36 390889411508 0.17912091546468034
18.38 390889168940 0.17913421317495717
18.4 390888855318 0.1791456196482772
18.42 390888772862 0.17909101159530305
18.44 390888872346 0.17908601025924326
18.46 390888871574 0.17909118751901976
18.48 390888795900 0.1790835438855329
18.5 390888531874 0.17906880966053731
18.52 390888546262 0.1791339747931399
18.54 390888624818 0.17917399643384693
18.56 390888557600 0.17918179906579526
18.58 390888672628 0.17916453201275057
18.6 390888800692 0.1791732746928894
18.62 390888614984 0.17919078139425088
18.64 390888504330 0.1792235319197067
18.66 390888416626 0.17921093770032148
18.68 390888436200 0.17923044576647243
18.7 390888417818 0.17927679034643668
18.72 390888715100 0.17924364473636945
18.74 390888935556 0.1792261730166078
18.76 390889126134 0.17924637488320505
18.78 390889188806 0.17923216896549027
18.8 390889059222 0.17923318033578253
18.82 390888947302 0.1792303238241472
18.84 390889002580 0.17925026456521698
18.86 390888957606 0.17922923583708808
18.88 390888680288 0.17925824670053794
18.9 390888666534 0.17926084943527884
18.92 390888992612 0.17928426851325427
18.94 390888920580 0.17926511955137026
18.96 390888850418 0.17925531081267077
18.98 390888687070 0.1792205882830018
19.0 390888540128 0.17922749656522988
19.02 390888422038 0.1792048083638929
19.04 390888814140 0.17918793819584522
19.06 390888956978 0.17917856431557658
19.08 390889146608 0.17916269752251068
19.1 390889278336 0.1791616739608035
19.12 390889090570 0.1791699717152601
19.14 390889216048 0.17920076212761005
19.16 390889212196 0.1791966998883072
19.18 390889051932 0.17921096639099007
19.2 390889078690 0.17918243628324365
19.22 390889320010 0.17924026217276964
19.24 390889160490 0.1792349395200985
19.26 390889025192 0.17923041839161508
19.28 390889355808 0.17921946994189553
19.3 390889220008 0.17919954472703617
19.32 390889201204 0.17919793327441133
19.34 390889201214 0.17919257754870516
19.36 390889150194 0.17915234555499085
19.38 390889127036 0.17917579590312002
19.4 390889067972 0.17916759409325042
19.42 390888892018 0.17915826177231714
19.44 390889009332 0.17916501456181363
19.46 390889347734 0.1791793715447333
19.48 390889287998 0.1791600483813439
19.5 390889111706 0.17910574666498996
19.52 390889130634 0.17909062286753985
19.54 390889019372 0.1790715821532809
19.56 390888962740 0.1790685770729183
19.58 390888945896 0.17910777798149072
19.6 390888936720 0.17910209556145104
19.62 390889041776 0.17909494789258307
19.64 390888970186 0.17912063276548607
19.66 390888792862 0.17915554471040815
19.68 390888638248 0.17915594535736856
19.7 390888536868 0.1791578344930612
19.72 390888534866 0.17915405468285645
19.74 390888333518 0.1791568925020455
19.76 390888360746 0.17910931314956421
19.78 390888642204 0.1791019728042496
19.8 390888542790 0.17908252294039334
19.82 390888400612 0.17903806814328682
19.84 390888360040 0.1790643827324767
19.86 390888029938 0.17906414177081525
19.88 390888352558 0.1791015480753539
19.9 390888161392 0.1790863952636394
19.92 390888465650 0.1790504872621864
19.94 390888311526 0.17904489320385256
19.96 390888342762 0.17905417557702336
19.98 390888414696 0.17897107201924828
20.0 390888465444 0.17896222335967593
20.02 390888352702 0.17900724521352732
20.04 390888480356 0.1790127407629849
20.06 390888583142 0.17903226264304228
20.08 390888580260 0.17901810804320478
20.1 390888521464 0.1789894413416171
20.12 390888456808 0.17895635593321027
20.14 390888435880 0.17894849399789586
20.16 390888215526 0.1789459000954002
20.18 390888384804 0.17896552185100417
20.2 390888493900 0.1789761888982638
20.22 390888513318 0.17899522281960445
20.24 390888405326 0.17899815562438548
20.26 390888350512 0.17900111343994496
20.28 390888176442 0.17904438718826388
20.3 390888053412 0.1790751438324061
20.32 390887881874 0.17906456180772012
20.34 390887768554 0.17912887232143707
20.36 390887945876 0.1791752670670549
20.38 390887897364 0.1791744830049493
20.4 390887966806 0.17918869306683993
20.42 390888006856 0.17917329565832624
20.44 390888245714 0.17918697770085312
20.46 390888300928 0.1792178890187479
20.48 390888381086 0.1792738441796784
20.5 390888433190 0.17931136261711855
20.52 390888442146 0.17933932464009453
20.54 390888188384 0.17934739055418758
20.56 390888238838 0.17933788074626256
20.58 390888219874 0.17930441179134365
20.6 390888130820 0.17932460192949876
20.62 390888029436 0.17932333853811835
20.64 390887864542 0.17934244416793654
20.66 390887978702 0.1793613390918109
20.68 390887865536 0.17929263937144216
20.7 390887772074 0.17928093374807783
20.72 390887636452 0.17924055345924716
20.74 390887776544 0.17926343819483828
20.76 390887784072 0.17924321302675703
20.78 390887844344 0.17926900622936132
20.8 390887834164 0.1792838679186815
20.82 390887718094 0.1792975482837674
20.84 390888025158 0.17930604313924575
20.86 390888126176 0.1792453337279496
20.88 390888059746 0.17923698809789818
20.9 390888030440 0.17922386191142115
20.92 390888004660 0.17917831683677643
20.94 390887906940 0.17917028975653496
20.96 390887782624 0.17917420988213467
20.98 390887974278 0.1792037981340759
21.0 390888078624 0.17921171311179246
21.02 390887847768 0.17920336535626064
21.04 390887739182 0.17918562813864494
21.06 390887694922 0.17920442391563685
21.08 390887700614 0.1792076795310411
21.1 390887942176 0.17924360678324863
21.12 390887931216 0.17921576107277581
21.14 390888017288 0.1791981794271041
21.16 390887896270 0.17918588191883678
21.18 390888039170 0.17917520047097943
21.2 390888066970 0.1791716585476924
21.22 390888168824 0.17923439092203713
21.24 390888039960 0.1792266884563123
21.26 390887969590 0.17923073837232706
21.28 390887922690 0.1792048194119484
21.3 390887911418 0.17920123328967633
21.32 390887974882 0.17915186271616468
21.34 390887857542 0.17914272669802575
21.36 390887619742 0.1791178220922838
21.38 390887872880 0.17914864047699228
21.4 390887956842 0.17911166125103362
21.42 390887828628 0.1791236925726164
21.44 390887622774 0.1790954253638953
21.46 390887772124 0.17907499764034718
21.48 390888000624 0.17904020795819975
21.5 390888062294 0.17905765501834336
21.52 390888058940 0.179050792046939
21.54 390887901260 0.17906037506882874
21.56 390888106208 0.17905540470516304
21.58 390888007948 0.17908652879046064
21.6 390888246316 0.1790702566491719
21.62 390888166898 0.17909971645063152
21.64 390888278738 0.17912847662210526
21.66 390888148764 0.1790976917088919
21.68 390888077250 0.17912951548815328
21.7 390888325422 0.17917654331623634
21.72 390888236408 0.17912523242186032
21.74 390888210346 0.179088828960067
21.76 390888219432 0.17911350340074084
21.78 390888184722 0.1791274807597147
21.8 390888262274 0.1790885599220992
21.82 390888417810 0.1791155941345288
21.84 390888563568 0.17912718376199752
21.86 390888630240 0.179128483750996
21.88 390888776256 0.17915201713873039
21.9 390888879132 0.179149837783647
21.92 390889028746 0.1791472677146079
21.94 390889025560 0.17917028625631296
21.96 390889266006 0.17914179697064597
21.98 390889355676 0.17916823846591015
22.0 390889297672 0.1791911088378118
22.02 390889029576 0.1791763803191024
22.04 390888881732 0.17917549082594708
22.06 390888718982 0.17914850710133084
22.08 390888677674 0.17910919744919226
22.1 390888979592 0.1791186985292657
22.12 390888793438 0.17908906018502696
22.14 390888566100 0.17910154042952964
22.16 390888643108 0.17908281831161363
22.18 390888663484 0.17910527199316925
22.2 390888624320 0.17913848893796713
22.22 390888463360 0.17913064719004132
22.24 390888472974 0.1790995583855177
22.26 390888533466 0.17909322165700015
22.28 390888439988 0.17909725030975535
22.3 390888547766 0.17910903883860269
22.32 390888531188 0.17911737545296375
22.34 390888589922 0.17917388609343668
22.36 390888730058 0.1791606495058664
22.38 390888627910 0.17919884846440912
22.4 390888419232 0.17920420864701242
22.42 390888534852 0.17916534727686467
22.44 390888659332 0.17916873330482092
22.46 390888515998 0.17915515386785832
22.48 390888427270 0.17918779476673205
22.5 390888623470 0.1791580785927802
22.52 390888439332 0.1791975023684004
22.54 390888486488 0.1792209752273165
22.56 390888403404 0.17923243401367445
22.58 390888256044 0.17926271062260385
22.6 390888191186 0.1792575714655132
22.62 390888099864 0.17923654549609408
22.64 390888220272 0.17925349923785558
22.66 390888384252 0.17923080052711363
22.68 390888448468 0.17922103210324128
22.7 390888535250 0.17922431090677615
22.72 390888488132 0.17919893426620556
22.74 390888683380 0.17915646292770293
22.76 390888735200 0.1792145942026693
22.78 390888529002 0.17918126742396528
22.8 390888448652 0.17916547252439302
22.82 390888559764 0.1792196669639213
22.84 390888538282 0.1792539384491481
22.86 390888647960 0.17927321883307767
22.88 390888855186 0.1793010805743881
22.9 390888594274 0.17932527461890152
22.92 390888923724 0.17936344616257538
22.94 390888808148 0.1793227732576821
22.96 390888779058 0.17931198129552792
22.98 390888753718 0.17931845550306666
23.0 390888779264 0.17932635339327493
23.02 390888972676 0.17927545476539947
23.04 390888877296 0.1792405584025332
23.06 390888934864 0.17919782802994952
23.08 390888810652 0.1791607467416309
23.1 390888825448 0.17916860189712924
23.12 390888836052 0.179144746504117
23.14 390888941380 0.17919991282034747
23.16 390888994032 0.179180785137236
23.18 390889078924 0.17915064704422384
23.2 390889396084 0.17911290824452006
23.22 390889365086 0.17909018886513575
23.24 390889493200 0.17905494989605744
23.26 390889604764 0.17904951566253918
23.28 390889696106 0.17905600329134722
23.3 390889546344 0.17902964377358677
23.32 390889504858 0.17902910164047348
23.34 390889483700 0.17900757978994314
23.36 390889457916 0.17903660236376018
23.38 390889556398 0.17905505476255912
23.4 390889552908 0.17899674680112282
23.42 390889231608 0.17900609039818252
23.44 390889366612 0.17902161997642965
23.46 390889531792 0.17906865181941298
23.48 390889245594 0.17906272002491783
23.5 390889446624 0.1791253188671274
23.52 390889504342 0.17912671979811418
23.54 390889372280 0.17911200120815446
23.56 390889173756 0.17913926510509742
23.58 390889299250 0.1791186185089283
23.6 390889452618 0.17913782090273336
23.62 390889441922 0.179142823704007
23.64 390889384770 0.17912988891295098
23.66 390889315208 0.17918203974264896
23.68 390889293172 0.1792368469175499
23.7 390889268288 0.17921991314769342
23.72 390889403188 0.17921511201372597
23.74 390889307638 0.1791975221258086
23.76 390889385960 0.1791820532684791
23.78 390889453022 0.17916042223215306
23.8 390889055474 0.17915447769351514
23.82 390889131560 0.17913636145442716
23.84 390889100636 0.17912871523754229
23.86 390889220410 0.17914989920795787
23.88 390889143900 0.17915181829313964
23.9 390889349274 0.17915240122676857
23.92 390889491824 0.1791550763879112
23.94 390889495218 0.1791708916273797
23.96 390889179604 0.17914814435496884
23.98 390889071540 0.1791406764831484
24.0 390889070914 0.17912771683390333
24.02 390889063684 0.17912962952412387
24.04 390888956190 0.17914563702868444
24.06 390889004218 0.1791544310709641
24.08 390889129592 0.17916117941356685
24.1 390889297144 0.17914213293247927
24.12 390889551008 0.17916360332425615
24.14 390889568784 0.17917098114409313
24.16 390889564216 0.17918854345308152
24.18 390889392738 0.17918176996868385
24.2 390889331818 0.17915579134309853
24.22 390889275182 0.1791548923611199
24.24 390889246700 0.17918774463279932
24.26 390889282302 0.1791939936916463
24.28 390889168540 0.17920083725847843
24.3 390889112018 0.1791770729137333
24.32 390889279234 0.17914159913590616
24.34 390889195148 0.1791503921407968
24.36 390889109904 0.17911736025090555
24.38 390888976438 0.17915885077793742
24.4 390889101280 0.1791694174358179
24.42 390889067694 0.17917800907047843
24.44 390889107412 0.17916705184631124
24.46 390888780754 0.17919112601824014
24.48 390888567538 0.17920957622121636
24.5 390888656030 0.17919300440411612
24.52 390888711366 0.17921129285839293
24.54 390888743198 0.1791831798148455
24.56 390888614172 0.1792042477089082
24.58 390888411132 0.17924370922939611
24.6 390888410380 0.17924057669576396
24.62 390888325794 0.1792498106205232
24.64 390888339618 0.17921938624887215
24.66 390888145332 0.17921831577887404
24.68 390888003142 0.17922803826983508
24.7 390888149110 0.17918345272578262
24.72 390888211586 0.17913532167190774
24.74 390888278422 0.17910518659053626
24.76 390888117828 0.17907592163090724
24.78 390888049790 0.17913466514197898
24.8 390888168830 0.17914398216441085
24.82 390888319708 0.17915195029331932
24.84 390888198706 0.1791536474538245
24.86 390888155046 0.1791477810802104
24.88 390888047444 0.17910161124047647
24.9 390888060750 0.17907437832420472
24.92 390888206030 0.1790589472449755
24.94 390888215294 0.17907892436631
24.96 390888540316 0.17913800412412306
24.98 390888557314 0.1791091856486094
25.0 390888578196 0.17911749595553558
25.02 390888686412 0.17908291465616402
25.04 390888645428 0.17907352026264212
25.06 390888510912 0.17904894637692959
25.08 390888551900 0.17903697345735925
25.1 390888524318 0.17899639481249127
25.12 390888418270 0.17898504204722607
25.14 390888311660 0.17899217525642597
25.16 390888148224 0.17899057249368777
25.18 390887982416 0.17903383258272798
25.2 390887908140 0.17904728450174975
25.22 390888193784 0.17907450113088785
25.24 390888135814 0.17906234816887615
25.26 390888043532 0.17908936980157564
25.28 390888031184 0.17911630754293695
25.3 390888232760 0.1791072331034827
25.32 390888474818 0.17911208939810194
25.34 390888485598 0.17913543967945222
25.36 390888500516 0.17912041735845605
25.38 390888633306 0.1791629506743885
25.4 390888662498 0.17918197646225567
25.42 390888760474 0.1791999685535903
25.44 390888698782 0.17921481756052876
25.46 390888861432 0.1792078240245329
25.48 390888996574 0.17922157603462602
25.5 390889027660 0.17918970435468667
25.52 390888956060 0.17917730300437998
25.54 390889103182 0.17921476317515017
25.56 390889066824 0.17922146344834855
25.58 390889137162 0.1792196084098221
25.6 390889051202 0.17921548192997394
25.62 390889123222 0.17922028731953882
25.64 390888957448 0.17922508239978838
25.66 390888824046 0.17916773108990336
25.68 390888801142 0.1791370759871494
25.7 390888643288 0.17913606637732707
25.72 390888588386 0.1791577212774832
25.74 390888726260 0.17912416270856826
25.76 390888664248 0.1791288568896151
25.78 390888792290 0.17912303765401005
25.8 390888667564 0.17910768968966728
25.82 390888713726 0.1791126886204301
25.84 390888827228 0.17909456994058237
25.86 390889002512 0.17911547904111128
25.88 390889044144 0.17913888875705974
25.9 390888904842 0.17914272739539092
25.92 390888778318 0.17916299326700236
25.94 390888581378 0.1791596114724766
25.96 390888599270 0.17918446864871745
25.98 390888524830 0.17925197512914415
26.0 390888488186 0.1792239795925344
26.02 390888365402 0.17926128085059786
26.04 390888260418 0.17928932715284468
26.06 390888322320 0.17927405878600292
26.08 390888282044 0.17928083802861552
26.1 390888352344 0.17929154836248848
26.12 390888437170 0.1792825942512686
26.14 390888342436 0.1792541857500826
26.16 390888441482 0.17922322935606405
26.18 390888399638 0.17924249539792453
26.2 390888492516 0.17923001369432418
26.22 390888392318 0.17921667067202146
26.24 390888319574 0.17923399736058926
26.26 390888177310 0.17915920167347424
26.28 390888326648 0.1791434387661137
26.3 390888351822 0.17912577561440413
26.32 390888246574 0.17914393714398857
26.34 390888267374 0.17915451446065783
26.36 390888475792 0.17912599636237198
26.38 390888342406 0.17914987720852976
26.4 390888135138 0.1791473110005905
26.42 390888122560 0.1791940465493484
26.44 390888168338 0.1792326836992711
26.46 390888193484 0.1792135862200649
26.48 390888315250 0.17918513698610283
26.5 390888287864 0.17917887438734736
26.52 390888307160 0.1791800178263027
26.54 390888414292 0.17919907352336845
26.56 390888569562 0.1791743817085498
26.58 390888483806 0.17915825860666867
26.6 390888577802 0.1791534744891298
26.62 390888956542 0.17914222088898302
26.64 390888937314 0.17909521911467516
26.66 390888953136 0.1790797955301058
26.68 390888904578 0.17908116720816092
26.7 390888703198 0.1791244294834879
26.72 390888697560 0.17911720851395127
26.74 390888687150 0.17912927416369687
26.76 390888665778 0.17918515945051305
26.78 390888565530 0.1792158855696217
26.8 390888794806 0.1792161408917728
26.82 390888706796 0.17924267628664048
26.84 390888626672 0.17925522771115182
26.86 390888831476 0.17925360673470003
26.88 390889036286 0.17921901814620567
26.9 390889015214 0.17923515822586733
26.92 390888961522 0.17922571889720182
26.94 390888866450 0.17921462628926008
26.96 390888641354 0.1791898649659917
26.98 390888588806 0.1792028621496136
27.0 390888624952 0.17921231194271195
27.02 390888648134 0.17920696593991292
27.04 390888527738 0.17916185375102936
27.06 390888923204 0.17921835616136786
27.08 390888909394 0.17920010578349832
27.1 390889064584 0.17915696664706418
27.12 390889042498 0.17911152656526802
27.14 390889161490 0.179144705957707
27.16 390889349522 0.1791340907725781
27.18 390889475862 0.1791635990351026
27.2 390889380296 0.17918541346185746
27.22 390889200546 0.17919077299255695
27.24 390889425124 0.17918653857643335
27.26 390889314598 0.17919552368439495
27.28 390889552790 0.17922479388374637
27.3 390889489546 0.17924808261468084
27.32 390889644710 0.1792359021701376
27.34 390889489114 0.179199512719676
27.36 390889230074 0.17917867925146064
27.38 390889187592 0.179204760744762
27.4 390889259032 0.17919526070663377
27.42 390889638608 0.17922837753220175
27.44 390889410548 0.1792099080283673
27.46 390889305534 0.17923485287780244
27.48 390889429766 0.1791916084409665
27.5 390889325978 0.17919923688038628
27.52 390889414400 0.17922094335867744
27.54 390889338754 0.17924923812870222
27.56 390889348230 0.1792533235739552
27.58 390889611878 0.1792302708547741
27.6 390889259714 0.17918704682262016
27.62 390889378802 0.17918264127412692
27.64 390889409316 0.179184152563881
27.66 390889540252 0.17918135524884385
27.68 390889709804 0.17915899028395066
27.7 390889651296 0.17915696392690073
27.72 390889715274 0.17917807466017907
27.74 390889684578 0.17919817793350476
27.76 390889628246 0.17922513757313283
27.78 390889534832 0.1792088766901324
27.8 390889552372 0.17912646854013464
27.82 390889577812 0.17914871972814553
27.84 390889703016 0.17917473498550257
27.86 390889710128 0.1791902753488373
27.88 390889596386 0.1791816808130488
27.9 390889649710 0.17916910086833915
27.92 390889753334 0.17913280456829278
27.94 390889863778 0.17915676112823273
27.96 390889698316 0.17912497836727223
27.98 390889667550 0.179096676445275
28.0 390889664288 0.1790846665201321
28.02 390889805012 0.1790847834867401
28.04 390889977774 0.17907251820365416
28.06 390890221392 0.17908413773076567
28.08 390890188320 0.17908255326760397
28.1 390890076692 0.17912201536976025
28.12 390889863464 0.17915674161696266
28.14 390889826990 0.17913681767325315
28.16 390889777178 0.17919816753809192
28.18 390889654308 0.17920348431482097
28.2 390889624522 0.17920663643904688
28.22 390889501064 0.17924686697190184
28.24 390889549486 0.17924486229991432
28.26 390889441458 0.17923723727508212
28.28 390889496904 0.17922698879798915
28.3 390889385018 0.1792255594565584
28.32 390889218218 0.17920608745596162
28.34 390889426606 0.17920416425197824
28.36 390889170556 0.17915866576565123
28.38 390889074386 0.17914689932219993
28.4 390888932238 0.17917324314737287
28.42 390889082158 0.17916984395535604
28.44 390889120032 0.179158677425084
28.46 390889217156 0.17916611039405467
28.48 390889237346 0.179141026394678
28.5 390888990426 0.17914919003664653
28.52 390889235250 0.17913521962129175
28.54 390889216896 0.17914768146825794
28.56 390889044966 0.17914916687774676
28.58 390889018636 0.1791472147893894
28.6 390889023594 0.17911567103862994
28.62 390889020418 0.17907453658943687
28.64 390888810966 0.1791156857528279
28.66 390889015348 0.1791243901588262
28.68 390888999092 0.17913168477963187
28.7 390888954440 0.1791325542937642
28.72 390889223480 0.17908641344184695
28.74 390889116628 0.17908631083937676
28.76 390889264382 0.17910625114802647
28.78 390889108450 0.17910918998696143
28.8 390889106040 0.17907880508168061
28.82 390889049278 0.17910741272882033
28.84 390889012834 0.17913407950354693
28.86 390888707962 0.17910919724720145
28.88 390888645894 0.17908720349832494
28.9 390888638808 0.17912481287288093
28.92 390888680424 0.17911837001838948
28.94 390888675410 0.17909425820650227
28.96 390888858672 0.1790609499178502
28.98 390888983730 0.17907695091929507
29.0 390888777210 0.17907201450155094
29.02 390888774380 0.17909390290030794
29.04 390888652112 0.17910376196459726
29.06 390888541190 0.17909933148501303
29.08 390888678856 0.17908440195881573
29.1 390888794336 0.17909396274254974
29.12 390888899228 0.17915214149929862
29.14 390888743750 0.1791542283875339
29.16 390888832608 0.1791721309856205
29.18 390888599690 0.17920668583048038
29.2 390888699402 0.1791619629877096
29.22 390888726714 0.17918746074790695
29.24 390888625602 0.17918908120249083
29.26 390888628918 0.1791682930407073
29.28 390888964228 0.17918029917709236
29.3 390888926928 0.17920635521870415
29.32 390888914260 0.17919651112802515
29.34 390888901664 0.1792144582958436
29.36 390888800532 0.17923996160843556
29.38 390888988298 0.1792185078796306
29.4 390888923856 0.1792095451840281
29.42 390888996530 0.17918290710499746
29.44 390888875848 0.17917291392237464
29.46 390888807010 0.17920068516004678
29.48 390888797816 0.179216065094693
29.5 390888724782 0.1792160540564371
29.52 390888890840 0.17922676760332887
29.54 390888793176 0.17922930402964504
29.56 390888805152 0.1792383900054592
29.58 390888804580 0.1791875308308044
29.6 390888895662 0.17922375072437624
29.62 390888773528 0.17915774665853004
29.64 390888670352 0.17916425018049642
29.66 390888852870 0.17919030194135166
29.68 390888997920 0.17920166245363695
29.7 390889009272 0.17917943761827343
29.72 390889002642 0.17919850064603707
29.74 390889034852 0.1791925920677501
29.76 390888751210 0.1792178390158301
29.78 390888614456 0.17924808900177877
29.8 390888700124 0.17926186084324236
29.82 390888718456 0.17929899865261595
29.84 390888682696 0.17930449879040447
29.86 390888516442 0.17928573072296472
29.88 390888453852 0.17925869162304786
29.9 390888504336 0.17922800864346866
29.92 390888307838 0.1792187462856768
29.94 390888571888 0.17919074310893884
29.96 390888586968 0.1791379003727278
