0.0 534674995222 0.17425627715652398
0.02 529475104792 0.17470032120534834
0.04 524475508834 0.17508265901248912
0.06 519668193518 0.17540826994583203
0.08 515044751584 0.17571455967261543
0.1 510597292366 0.17596527403084594
0.12 506318813670 0.1761968477335303
0.14 502202296390 0.1764006166674665
0.16 498240743628 0.1765559104088798
0.18 494428157482 0.17669455722136262
0.2 490758492810 0.17685177750171407
0.22 487225995942 0.17696818741640977
0.24 483824894728 0.17707537143466043
0.26 480550187870 0.17715362009283941
0.28 477396807156 0.17721120983086702
0.3 474359792448 0.1772771135517952
0.32 471434389382 0.17732678699992238
0.34 468616616468 0.17739327217556827
0.36 465901927482 0.17741242934718435
0.38 463286429382 0.177445541957355
0.4 460766344394 0.17752241710064282
0.42 458337880600 0.17756699271271909
0.44 455997710938 0.17756144162399207
0.46 453742189384 0.17761153287222461
0.48 451568117850 0.17767529894065898
0.5 449472365518 0.17764018543421714
0.52 447451866416 0.17764182355812091
0.54 445503910754 0.17770006329726673
0.56 443625873158 0.17772232801676177
0.58 441814912628 0.17774755007131077
0.6 440068384796 0.1777912985710207
0.62 438384297098 0.1778013322126134
0.64 436759903444 0.1777864738367697
0.66 435193410662 0.1778045402390577
0.68 433682157814 0.17779336256686307
0.7 432224566868 0.17785052762922457
0.72 430818220252 0.17789516066523903
0.74 429461593090 0.17789361366310993
0.76 428152846514 0.17787686115449017
0.78 426889879492 0.1778975666816313
0.8 425671182898 0.17794163769508847
0.82 424495555720 0.1779650339250385
0.84 423360843210 0.17794999889132251
0.86 422265694570 0.1779721476264908
0.88 421208893112 0.1779508952920778
0.9 420188600816 0.17796845683612347
0.92 419203866722 0.1779829942823763
0.94 418253543556 0.17803395352714416
0.96 417335971824 0.17806438414373854
0.98 416450172930 0.17805193804026312
1.0 415595405850 0.17809052181924995
1.02 414769744204 0.17812954300347728
1.04 413972869508 0.1781171420569575
1.06 413203376892 0.17814912938666383
1.08 412460233878 0.17818572549378606
1.1 411742787130 0.17820218260259754
1.12 411049910464 0.17823000313934995
1.14 410380829228 0.17828258636983388
1.16 409734656936 0.17829230522870176
1.18 409110714096 0.17830508457815894
1.2 408507967638 0.17835626197168605
1.22 407925985848 0.17835443815240587
1.24 407363767686 0.1783688403563815
1.26 406820602000 0.17835946178453216
1.28 406295822004 0.1783204624227922
1.3 405789077280 0.17834204236923124
1.32 405299462614 0.17838249651731608
1.34 404826517134 0.178408717396214
1.36 404369547556 0.17843137643860452
1.38 403927920828 0.17848027555082327
1.4 403501367008 0.17850810171041204
1.42 403089182616 0.17853514558956468
1.44 402690594662 0.178530576971839
1.46 402305893742 0.17855099843741926
1.48 401934058882 0.17856721722913693
1.5 401574685264 0.17858456982345625
1.52 401227380092 0.1785981557886843
1.54 400891909096 0.17859610750513974
1.56 400567318992 0.17862546413100663
1.58 400253794432 0.17866551549450313
1.6 399950944894 0.17865895393171655
1.62 399657884596 0.1786878598607486
1.64 399374671488 0.17875639478582436
1.66 399101043922 0.17879925050667259
1.68 398836406014 0.17878345412130042
1.7 398580454606 0.17878239997263567
1.72 398333168998 0.178777974751212
1.74 398094172658 0.17882425390313997
1.76 397862914768 0.17885235221295567
1.78 397639527298 0.17888603315906826
1.8 397423463954 0.1789105675705771
1.82 397214869280 0.17888865416957253
1.84 397012955626 0.17888605272878896
1.86 396817610034 0.17888412445343727
1.88 396628944504 0.17884526163390205
1.9 396446154318 0.17882599022699536
1.92 396269539074 0.17884774505669987
1.94 396098840266 0.1788951963389663
1.96 395933609612 0.1788613622283461
1.98 395773900430 0.1788579660588252
2.0 395619374706 0.17889504962032518
2.02 395470052192 0.17887581921483794
2.04 395325349232 0.17887540894309473
2.06 395185728968 0.17888446573903916
2.08 395050469892 0.17892101180050154
2.1 394919972494 0.1789164584492695
2.12 394793383562 0.17894792687733033
2.14 394671051070 0.1789640826267384
2.16 394552405310 0.17894850036471316
2.18 394437876198 0.17893472786759332
2.2 394326947422 0.17890397694935745
2.22 394219525322 0.17891152010232284
2.24 394115714114 0.17894708884345692
2.26 394015238896 0.17898113235768262
2.28 393917856706 0.17898220056954517
2.3 393823783880 0.17901303705252347
2.32 393732682880 0.1789880011633731
2.34 393644363976 0.1789743135147595
2.36 393559068072 0.1790016739999037
2.38 393476575928 0.17898639771246197
2.4 393396662410 0.17898799000146962
2.42 393319330664 0.1789771722643132
2.44 393244529774 0.17900269003011388
2.46 393172112452 0.17901567483014022
2.48 393101918678 0.17902190872805943
2.5 393034186864 0.17900874096091657
2.52 392968203956 0.17897776221399508
2.54 392904764232 0.17897828013592815
2.56 392843333744 0.17898602088921367
2.58 392783757956 0.1789944302069408
2.6 392725805676 0.17899481143562954
2.62 392669944848 0.17897038883908792
2.64 392615626784 0.17896316249460978
2.66 392563107076 0.17898433886563686
2.68 392512399202 0.17899729264596603
2.7 392463116862 0.17899113797259603
2.72 392415207022 0.17897579753316797
2.74 392369315362 0.17897324824018587
2.76 392324680578 0.17903627049890936
2.78 392281750648 0.17902236706308483
2.8 392239859806 0.17900534449093902
2.82 392199187032 0.17902012481510496
2.84 392159955740 0.17896303491254742
2.86 392121850342 0.17894419850647036
2.88 392085212480 0.17899011597754402
2.9 392049459630 0.17900987609988375
2.92 392014937028 0.17897888473731807
2.94 391981379764 0.17898213424971368
2.96 391949054716 0.17899713276316787
2.98 391917675146 0.17901997466566466
3.0 391887196204 0.1790510334003208
3.02 391857732132 0.17907909589711873
3.04 391829151562 0.17910560711172357
3.06 391801228948 0.17909782876608785
3.08 391774323868 0.17912440880503974
3.1 391748430554 0.17910477105963107
3.12 391723170860 0.17913728868567494
3.14 391698781974 0.1791407752187234
3.16 391675041978 0.17911289693453628
3.18 391651917242 0.17907946775442715
3.2 391629619274 0.17908650316954244
3.22 391608144308 0.17907214809412958
3.24 391587195342 0.1790474259295006
3.26 391566915252 0.17905562829301885
3.28 391547042964 0.17902757923354295
3.3 391527972848 0.17905824101949774
3.32 391509794656 0.1790465872809924
3.34 391491737766 0.1790345146348999
3.36 391474432284 0.17898068188615818
3.38 391457454032 0.1789418285502624
3.4 391440991524 0.1789505455474213
3.42 391425120786 0.17899249120348742
3.44 391409509772 0.17900199483329532
3.46 391394670152 0.1790398690531665
3.48 391380027290 0.17908538007113745
3.5 391365934200 0.17914172579184162
3.52 391352003512 0.17914941097739218
3.54 391338786184 0.17914904832249795
3.56 391325656464 0.17916431817084238
3.58 391313425072 0.17919193199198455
3.6 391301350502 0.1791735363011634
3.62 391289666562 0.17913172540846828
3.64 391278332046 0.17911299317188822
3.66 391267048642 0.17912617270868827
3.68 391256396130 0.17908395078860884
3.7 391245970570 0.17909175818834788
3.72 391235830008 0.1790720994426057
3.74 391226089968 0.17904973317858253
3.76 391217028682 0.17910541828174875
3.78 391208117774 0.17910355844047338
3.8 391199133574 0.17907360862274613
3.82 391190742174 0.17906282923821457
3.84 391182226894 0.1790728837880124
3.86 391174112902 0.1790531725666991
3.88 391166226284 0.17904106215151785
3.9 391158508442 0.17905904444061474
3.92 391150970912 0.17902977872392625
3.94 391143564164 0.17903490911172856
3.96 391136358440 0.17902108279658843
3.98 391129390582 0.1790425295929699
4.0 391122703556 0.17909479707842124
4.02 391116333866 0.1790918908022986
4.04 391109998806 0.1790976677458354
4.06 391103960722 0.1790947557519859
4.08 391098062924 0.17908873263060904
4.1 391092677168 0.17911015853275702
4.12 391087181090 0.17908227581784325
4.14 391081767290 0.1790933543449929
4.16 391076193196 0.17910534387913274
4.18 391071235088 0.17906039721952788
4.2 391066330528 0.17909186988955111
4.22 391061477360 0.17908122326425518
4.24 391056746380 0.17905317612803126
4.26 391052291358 0.17905499543191225
4.28 391047848794 0.17902944365117196
4.3 391043404932 0.1790473467706577
4.32 391038956192 0.179063480716528
4.34 391034826258 0.17908025882415357
4.36 391030866064 0.17910064569105336
4.38 391027198540 0.17907978454250106
4.4 391023336812 0.17913116841854515
4.42 391019560976 0.17911253391960935
4.44 391015961592 0.17912461831930876
4.46 391012474980 0.17918465438516684
4.48 391009160982 0.17915929768642383
4.5 391005797784 0.17917115055008545
4.52 391002870208 0.17915335997186216
4.54 391000058190 0.1791839830811504
4.56 390997042944 0.1791554077830375
4.58 390994270644 0.17915394727237138
4.6 390991629194 0.17920023163261564
4.62 390988908446 0.1791719260886032
4.64 390986372474 0.179160241967543
4.66 390983810780 0.17916402889488142
4.68 390981242660 0.1790818505216304
4.7 390978858512 0.1790689395356027
4.72 390976621566 0.17912011780517456
4.74 390974439318 0.17916213909758927
4.76 390972314680 0.1791856343338949
4.78 390970228008 0.17917945015154624
4.8 390968328986 0.17912725734444232
4.82 390966385352 0.17915286618497323
4.84 390964548004 0.1791292259963134
4.86 390962360324 0.17911348775755284
4.88 390960365342 0.17909540864678325
4.9 390958503636 0.17911247730452318
4.92 390956651450 0.17912663162628206
4.94 390954804982 0.17911446244772844
4.96 390953201102 0.179141701472876
4.98 390951668886 0.17916694138126543
5.0 390950060226 0.17915865312858312
5.02 390948353884 0.17915833840809353
5.04 390946836804 0.17914089692778848
5.06 390945418760 0.1791180298173961
5.08 390943679328 0.17911929739175814
5.1 390942418562 0.17909249188458642
5.12 390941136990 0.17909821395582054
5.14 390939568700 0.17908431915820133
5.16 390938292384 0.17913292770600375
5.18 390936922976 0.17912138491982038
5.2 390935542342 0.17907577111704603
5.22 390934025904 0.179084718739555
5.24 390932848442 0.17908999057555047
5.26 390931704898 0.17907705532291834
5.28 390930745176 0.1790725602872028
5.3 390929806354 0.17914653939281905
5.32 390928611430 0.17916055184996782
5.34 390927500010 0.17919168103836136
5.36 390926560738 0.1792448927277499
5.38 390925340572 0.17929538634856773
5.4 390924397536 0.17927506400611232
5.42 390923574590 0.17925760085343634
5.44 390922728402 0.17923705805215695
5.46 390921892912 0.17924658007714356
5.48 390920952712 0.17927818118544675
5.5 390919859506 0.17922735686054792
5.52 390919241088 0.1792076657759838
5.54 390918399174 0.17920797209360717
5.56 390917445200 0.17917013792586076
5.58 390916871558 0.17921783489274623
5.6 390916118460 0.17916639667567824
5.62 390915283850 0.17918374949177737
5.64 390914478928 0.1791595246442959
5.66 390913800228 0.17914997246130632
5.68 390913116738 0.17915321484092844
5.7 390912387332 0.17914424997141168
5.72 390911722950 0.17915063059300224
5.74 390910914566 0.17915337897818004
5.76 390910364036 0.17915583017158968
5.78 390909720802 0.179158249527275
5.8 390908992568 0.1791293504755232
5.82 390908410092 0.1791822955616199
5.84 390907922092 0.179202019917412
5.86 390907556952 0.17925879841403247
5.88 390907002084 0.17922597739968188
5.9 390906576780 0.17923565732098495
5.92 390906196074 0.17922611413984357
5.94 390905802276 0.17919781682701336
5.96 390905266794 0.17915719785589249
5.98 390905012248 0.17913319338772646
6.0 390904675324 0.17916943673917315
6.02 390904008508 0.1791944854661655
6.04 390903444762 0.17918118191186783
6.06 390903227634 0.17914430861084396
6.08 390902960190 0.17912381207321026
6.1 390902550978 0.1791837395875772
6.12 390902178392 0.17924208022256202
6.14 390902019504 0.17923767731971058
6.16 390901547066 0.17926485811574974
6.18 390901458702 0.17924858760919507
6.2 390901141226 0.17926190231937789
6.22 390900972766 0.17926122222622812
6.24 390900668710 0.1792573507821518
6.26 390900304230 0.179231063403624
6.28 390899899016 0.17918323432917344
6.3 390899857810 0.1791540052352879
6.32 390899545636 0.17913924915749213
6.34 390899186276 0.17915773260595688
6.36 390898779784 0.1791337971273518
6.38 390898605000 0.17909054141872582
6.4 390898369006 0.1791238711649828
6.42 390898202602 0.17909416608359796
6.44 390898156204 0.17907733362823836
6.46 390897923014 0.17907253619363395
6.48 390897774470 0.1791170366280884
6.5 390897371590 0.17915070047000228
6.52 390897397774 0.17910246743455246
6.54 390897159546 0.1791154003902975
6.56 390896954684 0.1791381711092766
6.58 390896630240 0.17916973842482609
6.6 390896627220 0.17919280807221435
6.62 390896421542 0.17922786157743323
6.64 390896415162 0.17920440239456492
6.66 390896570240 0.17918445194615398
6.68 390896301048 0.1792067708446311
6.7 390896175592 0.17922669584140216
6.72 390895823036 0.17929719097504926
6.74 390895688822 0.17929478946925764
6.76 390895549280 0.1792927336093467
6.78 390895154858 0.1792735453867377
6.8 390894681466 0.17925589653039795
6.82 390894607846 0.1792212766790257
6.84 390894458362 0.17922340475491347
6.86 390894251300 0.1792167975041894
6.88 390894181300 0.17922154583591116
6.9 390893905638 0.17917200356619506
6.92 390893618972 0.1791313085346284
6.94 390893602736 0.1791272340831973
6.96 390893571142 0.17916917932288132
6.98 390893608932 0.17912869478767574
7.0 390893610012 0.1791759586290385
7.02 390893548588 0.17919637951015685
7.04 390893534584 0.1792127425969578
7.06 390893252110 0.17919881495624326
7.08 390893133680 0.17915130272907415
7.1 390893078790 0.1791450284968371
7.12 390892913206 0.1791414386171824
7.14 390892937330 0.17911094669037653
7.16 390892568602 0.17911617847969857
7.18 390892285734 0.1790950705656056
7.2 390892241522 0.17910440556424173
7.22 390891893654 0.17911530752313715
7.24 390891665204 0.17907887020158733
7.26 390891682574 0.17908471613244908
7.28 390891777872 0.17914459524240423
7.3 390891688620 0.17912262435039025
7.32 390891568396 0.17905886781102526
7.34 390891335770 0.17908280128795934
7.36 390891511390 0.17907136116045982
7.38 390891398044 0.17907281427910993
7.4 390891234666 0.17910223530663388
7.42 390891332340 0.17912172871457352
7.44 390891188632 0.17913310262886104
7.46 390891247990 0.17913516068743587
7.48 390891085714 0.1791579806513734
7.5 390890805524 0.17911784459653166
7.52 390890949992 0.17909220214447347
7.54 390890990780 0.17910819214629067
7.56 390891331212 0.17911448459674528
7.58 390891156626 0.17909603960681972
7.6 390891087840 0.17906730964691805
7.62 390890910992 0.17910123758289448
7.64 390890866026 0.17909209819859145
7.66 390890668654 0.17905979634608923
7.68 390890444106 0.17908877914326737
7.7 390890439134 0.17911619563930656
7.72 390890337672 0.1791342389897969
7.74 390890099704 0.17910312302941034
7.76 390889698746 0.1791201688885245
7.78 390889488862 0.17911321783920428
7.8 390889550576 0.17911614287072875
7.82 390889571438 0.1791239941797818
7.84 390889428422 0.17911017570824184
7.86 390889546150 0.17910485495799572
7.88 390889374326 0.17912614755771855
7.9 390889091152 0.17909870240005216
7.92 390888878760 0.17910361320243046
7.94 390888838210 0.17907056376028493
7.96 390888654156 0.17905948647114858
7.98 390888489654 0.17904673445099034
8.0 390888492916 0.17906652433611847
8.02 390888483386 0.17904752115201258
8.04 390888280802 0.17905832161924604
8.06 390888139128 0.1790651115282026
8.08 390888234850 0.17910082924541448
8.1 390888388064 0.17911328911858782
8.12 390888248870 0.17911106147085687
8.14 390888191022 0.17910647426084775
8.16 390888336680 0.17909598609301214
8.18 390888151844 0.17909804019093795
8.2 390888101016 0.17905445710095716
8.22 390887897580 0.1790563532969843
8.24 390887886002 0.17909351808767332
8.26 390887991220 0.17909746711092905
8.28 390887992444 0.179121331860155
8.3 390888151384 0.17911216202765146
8.32 390888105688 0.17909086626910897
8.34 390888203160 0.179056862001868
8.36 390888294372 0.17907460915834592
8.38 390888250654 0.1790611717423165
8.4 390888402842 0.17904043866562472
8.42 390888465984 0.17906488188196976
8.44 390888393726 0.1791041774957752
8.46 390888280828 0.1791230118317198
8.48 390888020620 0.17914229859147113
8.5 390888132286 0.1791485018618805
8.52 390888099594 0.17919484221944662
8.54 390887887320 0.17921088693061196
8.56 390887749748 0.1791973973451148
8.58 390887816548 0.1791829399044802
8.6 390887723082 0.1791586642586842
8.62 390887699992 0.17916312830847758
8.64 390887716188 0.17914727314414872
8.66 390887818326 0.1791515821338777
8.68 390887911418 0.17914306634639943
8.7 390888003980 0.17915093177780317
8.72 390888083160 0.1791579997520541
8.74 390888274334 0.17916452293864532
8.76 390888282532 0.17917290998722787
8.78 390888331670 0.17915311724096936
8.8 390888390254 0.17908173089323443
8.82 390888451786 0.17907197116332124
8.84 390888469838 0.1790753726034306
8.86 390888716250 0.17906303236503374
8.88 390888646598 0.17907576093758815
8.9 390888944698 0.17904694479770342
8.92 390888799438 0.17906645019780373
8.94 390888531524 0.1790748124287675
8.96 390888802448 0.17907447659926665
8.98 390888893452 0.17908082494243627
9.0 390888867604 0.17908514583993912
9.02 390889027078 0.1790607787663137
9.04 390888993600 0.1790415088873818
9.06 390888832682 0.17901939699947483
9.08 390888717432 0.1790262363494855
9.1 390888693886 0.17904069772267325
9.12 390888833506 0.17908341946416984
9.14 390888786030 0.17911038891135989
9.16 390888763716 0.17913235294963642
9.18 390888746698 0.17914750230950566
9.2 390888645222 0.17917509324161932
9.22 390888613726 0.1791604584011549
9.24 390888522538 0.17916268789862494
9.26 390888656406 0.17915671193088506
9.28 390888789926 0.1791848834414599
9.3 390888670530 0.1791610545400653
9.32 390888702184 0.1791680608707466
9.34 390888713036 0.1792099401514703
9.36 390888566320 0.17919377367062844
9.38 390888483678 0.17917628035389768
9.4 390888398244 0.17919534792805022
9.42 390888595278 0.17918076635722413
9.44 390888643102 0.1791595901203158
9.46 390888693208 0.1791676762076656
9.48 390888731612 0.17913074701624893
9.5 390888616262 0.17912514621402723
9.52 390888544302 0.17910343025598482
9.54 390888570724 0.17910437750655
9.56 390888637012 0.179057135207914
9.58 390888737328 0.17903093623307315
9.6 390888853008 0.17904046885892164
9.62 390889004220 0.17905941380019405
9.64 390888951542 0.17911334989756628
9.66 390888933084 0.1791281394736072
9.68 390888824848 0.17911852847448717
9.7 390888726754 0.17911955966102053
9.72 390888821970 0.17908626122556726
9.74 390888771294 0.17907939355413832
9.76 390888832818 0.17904855001276426
9.78 390888826196 0.17904796545385526
9.8 390888659926 0.17904743669285664
9.82 390888633204 0.1790805058652159
9.84 390888641072 0.1790941422270763
9.86 390888618570 0.17909126829476096
9.88 390888813986 0.17910335484970302
9.9 390888866474 0.17911594249419552
9.92 390888952734 0.17907181066060462
9.94 390889005372 0.17907525853210995
9.96 390888997394 0.17907896236233675
9.98 390889043270 0.17911234550439856
10.0 390889361530 0.17914283402089576
10.02 390889287492 0.1791226439225136
10.04 390889331240 0.17916446506357495
10.06 390889502322 0.17917626418220078
10.08 390889608788 0.17916876128390724
10.1 390889631120 0.17918887637169548
10.12 390889647466 0.17919678888202661
10.14 390889575264 0.1792065397905948
10.16 390889549508 0.17923918533300087
10.18 390889470208 0.17926436075400756
10.2 390889419318 0.1792606844837078
10.22 390889467218 0.17923478800722567
10.24 390889402850 0.17920425331471726
10.26 390889333660 0.1792258502468592
10.28 390889633358 0.17919667098386138
10.3 390889512586 0.17918693945485295
10.32 390889455908 0.1791869013022652
10.34 390889136158 0.17919740370117548
10.36 390888987454 0.1792158025942859
10.38 390889067502 0.1791438946078578
10.4 390889036156 0.17915861632162897
10.42 390888995240 0.17914639161216583
10.44 390888844718 0.17916521916333503
10.46 390888513372 0.1791492238353873
10.48 390888651754 0.17915639909436096
10.5 390888915240 0.17914897938501734
10.52 390888647256 0.17914391779409394
10.54 390888763720 0.17916736629759494
10.56 390888684668 0.17915163100217885
10.58 390888865444 0.17915145901048612
10.6 390889092518 0.17912337755104477
10.62 390889031966 0.1791613193877482
10.64 390888775828 0.17917376095682902
10.66 390888518562 0.17916297006120688
10.68 390888554492 0.17911875659159543
10.7 390888636556 0.17912337891211796
10.72 390888582146 0.17913187238825465
10.74 390888560736 0.1791056713730481
10.76 390888618418 0.17908647284091342
10.78 390888615978 0.17907872359426658
10.8 390888698648 0.17909027610243322
10.82 390888565066 0.17906024872273518
10.84 390888530720 0.17904448806635026
10.86 390888665212 0.17907766082937257
10.88 390888644558 0.17906151727699313
10.9 390888557800 0.17907540102707384
10.92 390888670140 0.17908053101610716
10.94 390888629578 0.17908224604497228
10.96 390888660936 0.17903130193607592
10.98 390888897746 0.17900146700254668
11.0 390889045448 0.1789648168124176
11.02 390889048610 0.17895972621129508
11.04 390889048102 0.1789628066104275
11.06 390888863986 0.17895834963850682
11.08 390888890138 0.1789762121713448
11.1 390888838540 0.17899479401702342
11.12 390888734160 0.1790260253238246
11.14 390888711106 0.17903307237292354
11.16 390888757928 0.17903763138457096
11.18 390888635872 0.17905205479245265
11.2 390888415962 0.17903288549460322
11.22 390888421276 0.17899154236930734
11.24 390888517106 0.1790080299113023
11.26 390888562978 0.17900265625728234
11.28 390888655978 0.1790020678671097
11.3 390888523770 0.17900964237400385
11.32 390888637508 0.17900220882719448
11.34 390888729600 0.17899725093945107
11.36 390888732890 0.1789984538405638
11.38 390888812370 0.1790386653548949
11.4 390889029474 0.17903002037583646
11.42 390889187256 0.17901949164234546
11.44 390889386744 0.17900595890528515
11.46 390889355018 0.17899843119297404
11.48 390889170532 0.17899173051858913
11.5 390889235264 0.17901515671068507
11.52 390889273132 0.17902893839943618
11.54 390889169876 0.17903538998328894
11.56 390889204390 0.1790827559713784
11.58 390889240430 0.1791026877004683
11.6 390889253768 0.17915352105190963
11.62 390889205160 0.17918114416143777
11.64 390889265452 0.17917203753048927
11.66 390889187348 0.17917818291600976
11.68 390889071522 0.17915865178859297
11.7 390889001766 0.17917054492412376
11.72 390888790116 0.17917192687689254
11.74 390888643414 0.17920207125832877
11.76 390888737600 0.17916337302498367
11.78 390888838516 0.17924058195185444
11.8 390888941858 0.1791978143283235
11.82 390888798026 0.17919034373773288
11.84 390888907490 0.17919558285973067
11.86 390889119236 0.1792040109021581
11.88 390889008054 0.17920206550515844
11.9 390889145322 0.17917834696713586
11.92 390888888542 0.1791248391343436
11.94 390888784128 0.17909981160568644
11.96 390888571050 0.17911172956270663
11.98 390888520282 0.1791329811747912
12.0 390888490300 0.17913193114090065
12.02 390888385326 0.17909157957917932
12.04 390888297322 0.17909709727317422
12.06 390888200654 0.1790755806548969
12.08 390888407410 0.1790155152594311
12.1 390888517144 0.17902084894513076
12.12 390888479368 0.17900346639677558
12.14 390888570478 0.17903783950568686
12.16 390888533642 0.17909131535651723
12.18 390888576072 0.1791077672588442
12.2 390888810956 0.17909245649752004
12.22 390888638642 0.17910986995668832
12.24 390888690066 0.17910303179769924
12.26 390888848112 0.1791298488928307
12.28 390888949660 0.17910621765605092
12.3 390889089506 0.17912964417311633
12.32 390889297790 0.17909394120561686
12.34 390889297144 0.17903227218910658
12.36 390889198548 0.17902703606704265
12.38 390889180754 0.17906582301840002
12.4 390889388646 0.17909389030536257
12.42 390889389752 0.17906986643750017
12.44 390889184336 0.1790584769382729
12.46 390889317064 0.17908894542567444
12.48 390889460096 0.1790609630813862
12.5 390889411822 0.17906934164129534
12.52 390889337502 0.1790573665374351
12.54 390889555644 0.1790414851386083
12.56 390889514242 0.17902726270252667
12.58 390889485948 0.17901285653412602
12.6 390889598824 0.17904886072511778
12.62 390889661474 0.17904651781254152
12.64 390889620090 0.1790339347281208
12.66 390889809278 0.1790335679940982
12.68 390889872820 0.1790555444145358
12.7 390889767564 0.17910886323930844
12.72 390889420976 0.17913853692169623
12.74 390889719932 0.17913450394370234
12.76 390889712696 0.17916819945546814
12.78 390889579168 0.1791841189070613
12.8 390889442186 0.17920877191899234
12.82 390889438226 0.17917639364109314
12.84 390889343600 0.17910057707680752
12.86 390889416832 0.17908570714086483
12.88 390889217804 0.17914031080742493
12.9 390888965026 0.17913921284485518
12.92 390888937300 0.17917262515984117
12.94 390889258148 0.17917299130895445
12.96 390889230014 0.17914036675074813
12.98 390889208088 0.17916843573647906
13.0 390889133798 0.1791373913882844
13.02 390889234374 0.17911784102962555
13.04 390889260318 0.17913285806090323
13.06 390889135398 0.1791688889231562
13.08 390889259544 0.17923917090510377
13.1 390889231214 0.17919037225010234
13.12 390889402496 0.1792185612103912
13.14 390889587604 0.1792192380671474
13.16 390889551624 0.17920369406999503
13.18 390889477738 0.17918787000064834
13.2 390889523976 0.17920742773187545
13.22 390889657222 0.17923611578940718
13.24 390889630902 0.17923581918699671
13.26 390889550884 0.17922746741070578
13.28 390889301050 0.1792110855134168
13.3 390889068382 0.17921634004682355
13.32 390889002830 0.17919056968152283
13.34 390889034218 0.17919368490066695
13.36 390888739024 0.17916497801280615
13.38 390888841204 0.17909287644362806
13.4 390888983684 0.17910082878204908
13.42 390889023088 0.17911865674202526
13.44 390888989384 0.17914848118003615
13.46 390889085488 0.179177654542615
13.48 390888723600 0.17914735172445034
13.5 390888907484 0.17915838275994928
13.52 390889075062 0.17911300888747617
13.54 390889083664 0.17918262021097664
13.56 390888990660 0.1791776700167493
13.58 390888793416 0.1791680032673819
13.6 390888808888 0.1791387948754372
13.62 390889006806 0.17912023110904712
13.64 390888853174 0.17915812209208049
13.66 390888820114 0.1791905338477281
13.68 390888798362 0.17921250333234337
13.7 390888719520 0.17921319378111786
13.72 390888828876 0.1791881819613683
13.74 390888896412 0.1791646375482278
13.76 390888947324 0.17913837990347123
13.78 390888794198 0.17911951846895185
13.8 390888757396 0.1791325304940861
13.82 390888733108 0.17911769462238494
13.84 390888786176 0.17911004150904405
13.86 390888637420 0.1791768955771914
13.88 390888859120 0.1791777558515233
13.9 390888878228 0.179170926984426
13.92 390888921274 0.1791810185145425
13.94 390888984258 0.17915009080189875
13.96 390888854914 0.17916398607366965
13.98 390888938508 0.17914899833955097
14.0 390888930606 0.1791812859538753
14.02 390888964210 0.17919857286630414
14.04 390888818118 0.17921385162397313
14.06 390888943036 0.17919501422379597
14.08 390889004770 0.17923003259493944
14.1 390888927700 0.17922403155610997
14.12 390888984146 0.17920947507877066
14.14 390889177390 0.1792277952539454
14.16 390889005254 0.17920274333496905
14.18 390889055474 0.17918729704113123
14.2 390888987372 0.1791835808471425
14.22 390889021258 0.17915686804325529
14.24 390889148860 0.17914977024917753
14.26 390889168420 0.1791649143530261
14.28 390889349958 0.17916425797893154
14.3 390889282116 0.17919165600722134
14.32 390889242114 0.17916968375945458
14.34 390889371842 0.1791434872297173
14.36 390889534606 0.17913471877265402
14.38 390889344618 0.17911750082166109
14.4 390889449350 0.17909961356187137
14.42 390889388954 0.17909524170033278
14.44 390889538062 0.1790747311465582
14.46 390889474676 0.1790927981248678
14.48 390889347868 0.17906956478377212
14.5 390889367732 0.17909864967245495
14.52 390889350100 0.17907920062298216
14.54 390889547298 0.1790655472343703
14.56 390889628868 0.1790860035252514
14.58 390889318732 0.17909498912764238
14.6 390889395330 0.17912000344101364
14.62 390889430572 0.17908497949203142
14.64 390889413310 0.17909209264223153
14.66 390889396666 0.1791038665783997
14.68 390889467432 0.17908109877060033
14.7 390889271264 0.179085698497041
14.72 390889241950 0.1790870063581085
14.74 390889020476 0.17911549265346563
14.76 390888945416 0.1790763730869797
14.78 390888880656 0.1790896189894608
14.8 390888779122 0.17906455455570497
14.82 390888785368 0.17903420811001255
14.84 390888845050 0.1790340677370126
14.86 390888957564 0.1790599596535474
14.88 390889114806 0.1790974121782567
14.9 390888804118 0.17909085411903888
14.92 390888919522 0.17907197739853772
14.94 390888934568 0.17910131221702394
14.96 390888938728 0.17910696061007697
14.98 390889024616 0.17914073057376145
15.0 390889215992 0.1791477020222498
15.02 390889232630 0.17915118840109948
15.04 390889472046 0.1790902989019599
15.06 390889695190 0.17911422149710043
15.08 390889555744 0.17913427906495893
15.1 390889471002 0.17918761385434712
15.12 390889613314 0.17921221930912662
15.14 390889616528 0.17920030656116254
15.16 390889702828 0.17916635230288167
15.18 390889648194 0.1791100330066404
15.2 390889407664 0.17909895799742223
15.22 390889551454 0.1791083325848947
15.24 390889683098 0.1790681707089198
15.26 390889513952 0.17909232398220185
15.28 390889407478 0.1790562630483843
15.3 390889465176 0.1791032274808737
15.32 390889352478 0.17911076327084613
15.34 390889236278 0.17917673159124875
15.36 390889010996 0.17921902970954573
15.38 390889164876 0.17921368903959994
15.4 390888981708 0.1792373902746812
15.42 390888985252 0.1792183932975007
15.44 390889087978 0.17919590157030413
15.46 390888870722 0.17920646341326024
15.48 390888872646 0.17914570363049415
15.5 390888663906 0.1791643160581896
15.52 390888707938 0.17918260444481768
15.54 390888815240 0.17918709221341353
15.56 390888941936 0.17918439151247656
15.58 390888861784 0.1791667011346382
15.6 390888994936 0.17913104300751448
15.62 390888890024 0.1791554774792681
15.64 390888993930 0.1791460379115472
15.66 390888816546 0.17914194021446694
15.68 390888591680 0.1791536560102258
15.7 390888477044 0.17917447080995727
15.72 390888617282 0.1792088880222681
15.74 390888848572 0.17916536725646234
15.76 390889042542 0.17916946943999562
15.78 390889184828 0.17918678317378595
15.8 390889237904 0.17916382526234642
15.82 390889126274 0.17911512658969966
15.84 390889160824 0.17912256317663267
15.86 390889008930 0.17912185429481967
15.88 390888866610 0.17912198310709793
15.9 390888927306 0.17912602378521825
15.92 390888908320 0.1791739820071129
15.94 390888905046 0.17909955484037526
15.96 390888833358 0.17911776430195134
15.98 390888749478 0.17912495849901383
16.0 390888566460 0.17914525721288352
16.02 390888492634 0.17914771967245335
16.04 390888446890 0.17914457333883177
16.06 390888497648 0.17910829424436442
16.08 390888625162 0.17908385253051864
16.1 390888699120 0.1791177848757542
16.12 390888689424 0.17913566899284858
16.14 390888845522 0.17914884445919554
16.16 390888779888 0.17913654470400892
16.18 390888930550 0.17921756931669475
16.2 390888730276 0.17913895546824482
16.22 390888642278 0.1791603962442398
16.24 390888718964 0.17917319652453942
16.26 390888716268 0.17912999452444917
16.28 390888790924 0.17912341543524316
16.3 390888836610 0.17909970908056816
16.32 390888851298 0.17913569314850203
16.34 390888891468 0.17910490482636346
16.36 390889117966 0.17908381392773037
16.38 390889279282 0.17908920579351723
16.4 390889417104 0.1791237457169336
16.42 390889513168 0.1790668012511882
16.44 390889439690 0.17906974633939599
16.46 390889387964 0.17908382291831712
16.48 390889074740 0.17907690258088105
16.5 390888966952 0.17908749979178346
16.52 390888770184 0.1791271831920602
16.54 390888771038 0.17915874140103655
16.56 390888781004 0.17914111305373176
16.58 390888799554 0.17915298915899053
16.6 390888928892 0.17912064716003276
16.62 390889039430 0.17912179307573578
16.64 390889270918 0.17916795356273446
16.66 390889360778 0.17919209960936205
16.68 390889382218 0.17917951285721612
16.7 390889770108 0.17921382885884143
16.72 390889836446 0.17922498354870534
16.74 390889710714 0.17922068401771407
16.76 390889329734 0.17919629962999484
16.78 390889548328 0.1791597853900772
16.8 390889596414 0.17917600728836258
16.82 390889741470 0.17917394561239391
16.84 390889637254 0.17917828640626376
16.86 390889650528 0.17916081058165811
16.88 390889737506 0.17916530371101186
16.9 390889671748 0.17915997286827892
16.92 390889932264 0.17915614542084027
16.94 390889820752 0.17917552230060527
16.96 390889734436 0.17918883475096464
16.98 390889594774 0.17916840985259017
17.0 390889636928 0.1791278301530911
17.02 390889665924 0.1791466389821671
17.04 390889559586 0.17916796713371846
17.06 390889604632 0.17918680820894675
17.08 390889535620 0.17920492692866938
17.1 390889552254 0.17918450306064215
17.12 390889522328 0.17922966861231326
17.14 390889675150 0.17921403860816715
17.16 390889743198 0.1791979147971516
17.18 390889709696 0.17923652489330638
17.2 390889605732 0.17925868167233316
17.22 390889894992 0.1792480146130364
17.24 390889690530 0.17924548625134085
17.26 390889713432 0.17923236047073832
17.28 390889616150 0.1792994026343084
17.3 390889678302 0.17925582654230532
17.32 390889895194 0.17924108957425794
17.34 390889872362 0.17927691554062322
17.36 390889501278 0.17925861169562754
17.38 390889349672 0.17922196030887544
17.4 390889610374 0.17922839936984225
17.42 390889532462 0.1792719883260469
17.44 390889614302 0.17924708203231832
17.46 390889664958 0.179242973002556
17.48 390889681414 0.1792343254516531
17.5 390889673954 0.1792243671949628
17.52 390889919974 0.17921261957734286
17.54 390889871586 0.17921920175584433
17.56 390889935956 0.1792323018951061
17.58 390889949246 0.17925471338690735
17.6 390889647682 0.17921516367748552
17.62 390889477908 0.17921312578095458
17.64 390889338520 0.17924503104346895
17.66 390889482116 0.17920750094550258
17.68 390889477346 0.17918106388481114
17.7 390889072538 0.17911797315769407
17.72 390889080784 0.17917225458870062
17.74 390888918986 0.1791714660882062
17.76 390889067290 0.17920709506598528
17.78 390889245198 0.17918399532900262
17.8 390889052190 0.17916811292123458
17.82 390889204320 0.17915127133893213
17.84 390889212554 0.17913495313921224
17.86 390889129114 0.17911606131637592
17.88 390889227240 0.17909841330598283
17.9 390889427818 0.17908905011741744
17.92 390889417996 0.17910458123810752
17.94 390889243214 0.17904712466817868
17.96 390889151642 0.17906118209655508
17.98 390889145252 0.17909375600423993
18.0 390889175388 0.17909179054193367
18.02 390889356396 0.17912187970383128
18.04 390889403060 0.1791043468120637
18.06 390889384398 0.17915463575642349
18.08 390889439022 0.1791303339016023
18.1 390889370670 0.17911304481508897
18.12 390889598070 0.1791368826795288
18.14 390889620120 0.17912738527295294
18.16 390889652544 0.1791402805568103
18.18 390889644408 0.17913537754359832
18.2 390889781986 0.17915983800782756
18.22 390889647296 0.17914771128127882
18.24 390889807466 0.17912491153729582
18.26 390889663798 0.17916918771721646
18.28 390889665720 0.1791622162499876
18.3 390889652446 0.1791520457658991
18.32 390889697336 0.17910664197857795
18.34 390889736270 0.17908817227298374
18.36 390889903138 0.17911221525488424
18.38 390889799190 0.17912158418433627
18.4 390889829014 0.17907046130932014
18.42 390889871806 0.17907164568060266
18.44 390889855348 0.17909587208745115
18.46 390889937848 0.17910479698913237
18.48 390889798908 0.17911305807605582
18.5 390889757702 0.179082411131963
18.52 390889753404 0.17908663047783013
18.54 390889612658 0.17909298155800085
18.56 390889737112 0.1790992552199689
18.58 390889649284 0.17909356695553688
18.6 390889649574 0.17907148514414506
18.62 390889647860 0.17907916833646334
18.64 390889733720 0.17907025479905467
18.66 390889751728 0.1791145801816339
18.68 390889858412 0.17919826300031205
18.7 390890049030 0.1792187701634813
18.72 390889962530 0.1792102933896451
18.74 390889732896 0.17917291373899424
18.76 390889544736 0.17918364974856033
18.78 390889456396 0.1791715197511652
18.8 390889542480 0.17915197911368413
18.82 390889699130 0.17918567462913096
18.84 390889552866 0.17919687157519276
18.86 390889812450 0.17924810690064968
18.88 390889829088 0.17922586824971645
18.9 390889608162 0.1791956504322067
18.92 390889345922 0.17914972600767465
18.94 390889445610 0.17915852814752625
18.96 390889326490 0.17919410223309815
18.98 390889197648 0.17915135839431923
19.0 390889112980 0.1791215606283981
19.02 390889072414 0.17912946618231287
19.04 390889189782 0.17912554063647712
19.06 390888923852 0.1791687205862737
19.08 390889103804 0.17914062271182263
19.1 390889255214 0.17915799038984198
19.12 390889295666 0.1791210044541457
19.14 390889419428 0.1791281286179833
19.16 390889363692 0.17913658623141032
19.18 390889375694 0.17915765706573872
19.2 390889330232 0.17911691188849005
19.22 390889086656 0.1791008911926453
19.24 390889132808 0.17914788205570079
19.26 390889247618 0.17914111339257227
19.28 390889221648 0.17914280807408928
19.3 390889196908 0.17917094996442748
19.32 390889053250 0.17918070188593088
19.34 390889022448 0.17917979120947108
19.36 390888960148 0.17916208690542387
19.38 390889166250 0.17919486566617265
19.4 390889324406 0.17919733421697426
19.42 390889489366 0.17925387787209485
19.44 390889502476 0.17924169227192843
19.46 390889182468 0.17926707718672708
19.48 390889222500 0.1792760164608395
19.5 390889342402 0.17925653634201294
19.52 390889479964 0.17925216680045147
19.54 390889477994 0.17918750671276773
19.56 390889427200 0.17918856338678862
19.58 390889654036 0.17915809536186544
19.6 390889333148 0.17913226428350654
19.62 390889348606 0.1791259507173171
19.64 390889529378 0.17914218335580512
19.66 390889486300 0.17914559892075888
19.68 390889518452 0.17910846564411304
19.7 390889423046 0.17907773567295399
19.72 390889270846 0.17907633965283276
19.74 390889228336 0.17906438803250707
19.76 390889176540 0.17907404572406674
19.78 390889329182 0.17904156323532328
19.8 390889517534 0.17908448197626442
19.82 390889331936 0.1790959582195449
19.84 390889259018 0.17907386809906112
19.86 390889152346 0.17901567058340184
19.88 390889192498 0.17907241287374515
19.9 390889290624 0.1790541004086988
19.92 390889122698 0.17903726082359217
19.94 390889097432 0.17908963941099798
19.96 390889312180 0.1791479331230992
19.98 390889288278 0.179103990121322
20.0 390889371330 0.17910968462658294
20.02 390889570936 0.17914058356011728
20.04 390889567128 0.1791570411227291
20.06 390889535672 0.17918809749614034
20.08 390889668198 0.17917887716861772
20.1 390889647292 0.17917891756347967
20.12 390889719552 0.17916276877669793
20.14 390889685372 0.17915852702900975
20.16 390889606282 0.17912838690901012
20.18 390889333476 0.17915745840888087
20.2 390889474238 0.17914832603503378
20.22 390889617692 0.17911018860141648
20.24 390889486256 0.17910206523949562
20.26 390889521290 0.17911298112842833
20.28 390889476670 0.17905106538758686
20.3 390889369586 0.1790359783787874
20.32 390889506074 0.17906881274657713
20.34 390889571768 0.1790224693404422
20.36 390889574682 0.1790253798458783
20.38 390889578290 0.17905375559344897
20.4 390889833800 0.17907874351870132
20.42 390889929318 0.17901008827853132
20.44 390889975802 0.1790631283028889
20.46 390889973080 0.17910597800268177
20.48 390889860930 0.17914150349599986
20.5 390889778756 0.17913978289514768
20.52 390889727228 0.17915055420393644
20.54 390889844346 0.1791711696793941
20.56 390889738256 0.1791318584893252
20.58 390889711420 0.17908750881115681
20.6 390889667574 0.1791241586889702
20.62 390889834046 0.1791515333617561
20.64 390889761032 0.1791642942992867
20.66 390889834986 0.17912392940010163
20.68 390889623314 0.1791364967979819
20.7 390889659368 0.17912339862177684
20.72 390889741628 0.17912755487464366
20.74 390889800150 0.1791281601614866
20.76 390889656554 0.17909635203753083
20.78 390889824374 0.17908429703438497
20.8 390889542758 0.17907468696636544
20.82 390889582732 0.1790800034902437
20.84 390889678900 0.17910713846238463
20.86 390889559560 0.1790779819255604
20.88 390889630328 0.17905665202854318
20.9 390889790098 0.17902805934341653
20.92 390889722518 0.17905375077258523
20.94 390889810840 0.17903811655566848
20.96 390889803948 0.17903440035279033
20.98 390889845272 0.17906324411654015
21.0 390889798874 0.179066326756446
21.02 390889784300 0.17904676535602665
21.04 390889737740 0.1790404647775996
21.06 390889829196 0.17903885512208365
21.08 390889858646 0.17904322512626974
21.1 390889701470 0.17905821686991064
21.12 390889659762 0.1790656622675511
21.14 390889742088 0.17908368434797756
21.16 390889910462 0.17908024543950896
21.18 390889757352 0.17907783793245163
21.2 390889507290 0.17909543472676182
21.22 390889593704 0.17908377927676167
21.24 390889674306 0.17908697894710923
21.26 390889907992 0.1790501938146959
21.28 390889750098 0.17903369459292046
21.3 390889827716 0.17909339251931386
21.32 390889914574 0.17905795467058733
21.34 390889977936 0.17908723170497579
21.36 390890053228 0.17909501474077996
21.38 390890002396 0.17910861492031216
21.4 390889971154 0.17912735257272455
21.42 390889974526 0.1791238227260709
21.44 390889783758 0.17913062043969238
21.46 390889890474 0.17912536357649822
21.48 390889779124 0.1791354471001068
21.5 390889774350 0.17913108942618805
21.52 390889590738 0.17916028764804792
21.54 390889537422 0.17916432975188035
21.56 390889602524 0.17918490047063002
21.58 390889469474 0.1791914522543203
21.6 390889689012 0.1791581794442144
21.62 390889896638 0.17910831778825487
21.64 390889879740 0.1790807382983369
21.66 390889927578 0.1790868535550941
21.68 390889764204 0.17907715205605212
21.7 390889703228 0.17905718262140052
21.72 390889744434 0.17906853725544153
21.74 390889792962 0.17907003292588125
21.76 390889585578 0.17908352487362764
21.78 390889642156 0.17909179141616224
21.8 390889517272 0.17907985685158903
21.82 390889354686 0.17907111535687
21.84 390889062280 0.17910806255031742
21.86 390889104524 0.17906564862285157
21.88 390889008076 0.17911290217099265
21.9 390889057154 0.17913068343384897
21.92 390889183902 0.17918594453119746
21.94 390889265396 0.1791418571575254
21.96 390889465316 0.17921435247169915
21.98 390889288586 0.17923433678748119
22.0 390889331926 0.17924767633952843
22.02 390889269630 0.17920664540917802
22.04 390889279570 0.1791452258722794
22.06 390889201808 0.17915068996443728
22.08 390889218336 0.17917795901360012
22.1 390889151948 0.17914104603444395
22.12 390889267014 0.179130556431242
22.14 390889204274 0.17907641866394972
22.16 390889222148 0.1791083380416371
22.18 390889238786 0.17917044597317516
22.2 390889153966 0.17915537764022826
22.22 390889071144 0.17916964232548246
22.24 390889048188 0.17917822642164835
22.26 390888838126 0.17923181806843874
22.28 390888902200 0.1792118190247817
22.3 390888912500 0.1791847619726151
22.32 390888874158 0.1791926002334539
22.34 390888916860 0.17917626759964989
22.36 390888972774 0.17919198186435664
22.38 390888909162 0.17924640716327242
22.4 390888923982 0.17924881518597174
22.42 390888646888 0.17923800130452144
22.44 390888699808 0.1792719800937393
22.46 390888731472 0.179308595772025
22.48 390889048082 0.1793002356960872
22.5 390889175200 0.1793225190532257
22.52 390889318336 0.17932155016030288
22.54 390889108320 0.1793029262875022
22.56 390888912618 0.1793064374538558
22.58 390888670140 0.17929749846440654
22.6 390888706920 0.17924687141412177
22.62 390888562684 0.17925930682423702
22.64 390888753030 0.17929801052873715
22.66 390888636946 0.17925587472838792
22.68 390888780450 0.1792268716791513
22.7 390889026580 0.17925279348563794
22.72 390888957640 0.17930527457918238
22.74 390888985514 0.1792983389018987
22.76 390888721826 0.17928200006850542
22.78 390889084448 0.1792712159912881
22.8 390889062740 0.17926899858301348
22.82 390889043696 0.17931331995763997
22.84 390889073864 0.17930558402992872
22.86 390889300654 0.17928951329832502
22.88 390889556890 0.17925160656456648
22.9 390889527600 0.17922997797018808
22.92 390889478634 0.17922576527644618
22.94 390889451118 0.17924699461882831
22.96 390889609960 0.17921442475179436
22.98 390889501656 0.17921887717551727
23.0 390889362308 0.17925539795808396
23.02 390889433626 0.17926098882205466
23.04 390889317762 0.17921574112790364
23.06 390889438324 0.1792585663238978
23.08 390889314652 0.17925087194184616
23.1 390889333018 0.17928700353093752
23.12 390889372398 0.17927453335093851
23.14 390889393112 0.1792840175956255
23.16 390889481978 0.17932407785345614
23.18 390889648516 0.17931058278489018
23.2 390889448154 0.17932200532185677
23.22 390889581776 0.17927843351974454
23.24 390889496118 0.17925786890850098
23.26 390889728298 0.17922651552017788
23.28 390889709318 0.17920832771343476
23.3 390889707754 0.1792206070936593
23.32 390889485528 0.17919894772335784
23.34 390889308846 0.17919697563726625
23.36 390889490422 0.1791728889193828
23.38 390889532022 0.17917700244644608
23.4 390889471698 0.17918270766282127
23.42 390889414716 0.17914955890963902
23.44 390889614420 0.17917995653502966
23.46 390889631934 0.17918459271713394
23.48 390889444898 0.17913664574759525
23.5 390889574260 0.17910568016386422
23.52 390889711882 0.17908087172396725
23.54 390889568442 0.17908687670717438
23.56 390889384830 0.17906950600835755
23.58 390889486524 0.1790431069348112
23.6 390889512920 0.17908700876744163
23.62 390889606718 0.17911566218063238
23.64 390889351024 0.1791349948662905
23.66 390889394236 0.17914736658293723
23.68 390889512482 0.17913571918194476
23.7 390889345016 0.17913371881591905
23.72 390889060048 0.1791102371328805
23.74 390889351304 0.17908282545433996
23.76 390889283680 0.17910653984344432
23.78 390889242556 0.1790886226470407
23.8 390889244560 0.1790624159244492
23.82 390889383120 0.17907436290564321
23.84 390889305526 0.1790538192169734
23.86 390889395960 0.17908511955736775
23.88 390889632766 0.17911991214839199
23.9 390889518954 0.17915573382142877
23.92 390889563528 0.17917875123833615
23.94 390889585772 0.1792150685433246
23.96 390889185738 0.17920656969554727
23.98 390889078572 0.1791997769547501
24.0 390889245882 0.17921034941263586
24.02 390889317558 0.17920456150506622
24.04 390889118490 0.17918257515771852
24.06 390889135912 0.17917530250472952
24.08 390889074526 0.17918779313455685
24.1 390889156340 0.17916798588669047
24.12 390888980106 0.17918720504628563
24.14 390888802108 0.17916417373190774
24.16 390888701574 0.17916402630775977
24.18 390888720420 0.17918111426777514
24.2 390888668328 0.17916280283068348
24.22 390888682842 0.17917065813920505
24.24 390888665624 0.1791880877458297
24.26 390888843152 0.17917838630459543
24.28 390888922422 0.17912322171220751
24.3 390888853882 0.17914640518297004
24.32 390888754628 0.17913887233393486
24.34 390888620286 0.17915616432917317
24.36 390888661244 0.17915800747179272
24.38 390888725074 0.17913937301376037
24.4 390888952306 0.17910316934031603
24.42 390888883968 0.17914042254815057
24.44 390888701754 0.17919315515878567
24.46 390888724628 0.17918127676414444
24.48 390888665110 0.17921019241069122
24.5 390888645304 0.17921644962677122
24.52 390888717522 0.17920578638932
24.54 390888537406 0.1791659537923478
24.56 390888540878 0.1791810822821533
24.58 390888586080 0.17919833734615165
24.6 390888514776 0.1792123865178937
24.62 390888746214 0.17924202555840663
24.64 390888764876 0.17924192137373268
24.66 390888592996 0.1792490691343594
24.68 390888331518 0.17919358197217577
24.7 390888513852 0.1791838479439009
24.72 390888678278 0.17915956564327035
24.74 390888920238 0.1791725108354437
24.76 390889071518 0.17917189033959235
24.78 390889082852 0.17915242655847
24.8 390889111592 0.17911654580668113
24.82 390889031608 0.17913530564182376
24.84 390888919810 0.1791356960370841
24.86 390889069986 0.17914560648666744
24.88 390888951328 0.17918210208823512
24.9 390888916320 0.1791915653647845
24.92 390888947750 0.17921527744069798
24.94 390888817412 0.17925929928127077
24.96 390888896806 0.17927411616213357
24.98 390888861798 0.17926461113278874
25.0 390888675944 0.17927249561730302
25.02 390888553816 0.17924736649322812
25.04 390888288156 0.17927821557499737
25.06 390888422760 0.17923727352074098
25.08 390888565752 0.17925373974836512
25.1 390888485630 0.17924486632132652
25.12 390888529828 0.17923058034898207
25.14 390888483064 0.17925387576916263
25.16 390888646666 0.1792236449538655
25.18 390888783748 0.17917963691762992
25.2 390888610896 0.17921054868536712
25.22 390888744880 0.17917272672495738
25.24 390888941362 0.17916317938435516
25.26 390888986686 0.17917267274851595
25.28 390888797060 0.17917257948528764
25.3 390888770332 0.17910522777969015
25.32 390888903552 0.17903880896154717
25.34 390888934346 0.17906486158069013
25.36 390888780210 0.1790757246761354
25.38 390888816268 0.17906771830006737
25.4 390888864086 0.17905600336757962
25.42 390888597384 0.17910150309580616
25.44 390888794926 0.17907393922331916
25.46 390888810158 0.1790611365299695
25.48 390888967822 0.17909149245048514
25.5 390888929946 0.17914410570691716
25.52 390888936590 0.17910647384879894
25.54 390889078188 0.17914712928440907
25.56 390889242258 0.1791755118406378
25.58 390889176120 0.17918390466858033
25.6 390889325758 0.17917725442245114
25.62 390889216282 0.1791761709638984
25.64 390889034970 0.17915703088665214
25.66 390889121678 0.17912996189320063
25.68 390889240882 0.17915243198023484
25.7 390889039776 0.1791126730389058
25.72 390888888358 0.17916661294624775
25.74 390888931978 0.17916671720488353
25.76 390888867108 0.1791751800596736
25.78 390888962406 0.17919843596582546
25.8 390889098480 0.17920261876150176
25.82 390889049402 0.1792218775189899
25.84 390889357446 0.17917320775320525
25.86 390889474982 0.17914152442431688
25.88 390889446744 0.17915886803817493
25.9 390889541322 0.17915953522369768
25.92 390889472022 0.17916555909325563
25.94 390889308522 0.17915168725152408
25.96 390889639024 0.17914593017458363
25.98 390889543594 0.1791157427391603
26.0 390889761998 0.17912831902436435
26.02 390889791674 0.17913039317356658
26.04 390889984744 0.1791404822521385
26.06 390889818332 0.17914214282416527
26.08 390889894292 0.17911799309705967
26.1 390889797064 0.17909939815082798
26.12 390890044572 0.1790740106175216
26.14 390890020092 0.17909118727155932
26.16 390889943942 0.17909592010925907
26.18 390889983158 0.17912251062546777
26.2 390889748354 0.17913994588132995
26.22 390889879486 0.17912878896650467
26.24 390889863432 0.1791216468804817
26.26 390889629002 0.17910297586108104
26.28 390889601388 0.1791199431463012
26.3 390889523718 0.17914005808684422
26.32 390889654544 0.17915969412544744
26.34 390889582576 0.1792026786398019
26.36 390889290216 0.1792080366228307
26.38 390889168918 0.17922972801236814
26.4 390889354144 0.17925545179643573
26.42 390889288388 0.17927993087846572
26.44 390889112030 0.1792791640511163
26.46 390889175086 0.1792952685898551
26.48 390888908088 0.17927157025957763
26.5 390888796588 0.17922156136140407
26.52 390888798280 0.17920534607257482
26.54 390888614988 0.1791993201201326
26.56 390888297102 0.17922184809737662
26.58 390888509544 0.17921590299482323
26.6 390888307376 0.17919886025273252
26.62 390888127730 0.17919334581891586
26.64 390888194558 0.17918396867847608
26.66 390888410740 0.17917876518153245
26.68 390888370212 0.17917462745959148
26.7 390888325858 0.17919526176760175
26.72 390888159496 0.179172241977551
26.74 390888270122 0.17912878067200305
26.76 390888456794 0.17911245615168225
26.78 390888622164 0.17908434572640608
26.8 390888677276 0.17906633739452676
26.82 390888701724 0.17909641001702614
26.84 390888877640 0.17911488466090858
26.86 390888826482 0.17915217382633192
26.88 390888789378 0.179129517099582
26.9 390888766402 0.1791409510904802
26.92 390888891270 0.17912535056411186
26.94 390888672568 0.17912857514390668
26.96 390888523980 0.17910393776712924
26.98 390888464226 0.17910985389699155
27.0 390888340088 0.17914177764078668
27.02 390888254616 0.1791602445514258
27.04 390888102494 0.17920187730052195
27.06 390888236496 0.17918416125473444
27.08 390888342638 0.1792137142453895
27.1 390888362428 0.17921650975222164
27.12 390888467708 0.1791698184980124
27.14 390888481566 0.179175962692999
27.16 390888631502 0.17913717056179754
27.18 390888610302 0.17914160071716237
27.2 390888918292 0.17913759070204582
27.22 390888874498 0.17918488317606193
27.24 390888837468 0.17916682745233764
27.26 390888877934 0.17914052590510787
27.28 390888865992 0.17918394378350433
27.3 390888854752 0.17914097562552733
27.32 390888998638 0.17908233738339444
27.34 390889003842 0.17907501879002122
27.36 390888978634 0.17911912787886408
27.38 390889082942 0.17908846738772183
27.4 390889078592 0.17905171572541667
27.42 390889249050 0.17903731350684216
27.44 390889135038 0.1789998501599158
27.46 390888915046 0.17899926297017085
27.48 390888971074 0.17901620738581164
27.5 390889109300 0.1790135506943914
27.52 390889202390 0.17897180979585192
27.54 390889103474 0.1789530343936614
27.56 390889126652 0.1789028620876617
27.58 390889252818 0.17893574246509375
27.6 390889204518 0.17895138797948956
27.62 390889237938 0.1789800419780271
27.64 390889248662 0.17900843595598237
27.66 390889271206 0.17898709657461598
27.68 390889222218 0.17899257768769072
27.7 390889287350 0.17898188487601285
27.72 390889240144 0.1789939625335601
27.74 390889045038 0.1790332112674286
27.76 390889084738 0.1790076839013205
27.78 390888961928 0.17900761037788968
27.8 390889042484 0.17900302608888818
27.82 390889177944 0.17900448029953892
27.84 390889186192 0.17898538191663738
27.86 390889073180 0.17899807341708854
27.88 390889026554 0.17896627345883423
27.9 390888991478 0.17897969754426218
27.92 390888996350 0.17897996693336793
27.94 390889098892 0.1790055819129526
27.96 390889169810 0.1790303440865512
27.98 390889060338 0.17903096816535835
28.0 390888934898 0.179051878674455
28.02 390888990702 0.17910940157532618
28.04 390888991284 0.17917378892471902
28.06 390888966572 0.17917364568711863
28.08 390889101436 0.17913293919101225
28.1 390889090376 0.17917670527662283
28.12 390889084054 0.17920779676106227
28.14 390889377788 0.17922639596123738
28.16 390889272414 0.17926213595681717
28.18 390889336530 0.179225352568602
28.2 390889389652 0.17923948514554428
28.22 390889334010 0.17925316588008822
28.24 390889325020 0.1792348733311556
28.26 390889403726 0.17920198167660156
28.28 390889179706 0.17920321316594173
28.3 390889307344 0.1792065325445119
28.32 390889406986 0.17920085709501102
28.34 390889462856 0.17919856455727523
28.36 390889392860 0.17917605407345535
28.38 390889225202 0.17914826949082846
28.4 390889248954 0.17917830008736016
28.42 390889460196 0.17915597069640155
28.44 390889351422 0.17913042455717362
28.46 390889577804 0.17915653054448427
28.48 390889454766 0.17920556905396426
28.5 390889627816 0.17917336520816213
28.52 390889815352 0.17918007626185575
28.54 390889825988 0.1792016484233226
28.56 390889599940 0.1792118026251059
28.58 390889434014 0.179199803892989
28.6 390889241050 0.17920773115756167
28.62 390889238502 0.1792536499509923
28.64 390889165574 0.17921945562810346
28.66 390889048968 0.1791969029356309
28.68 390889024708 0.17916814753347832
28.7 390888995374 0.17918089754527894
28.72 390889034282 0.1792131534384211
28.74 390889040722 0.17924455661935676
28.76 390889014132 0.17920842387603483
28.78 390889060342 0.17920407785955123
28.8 390889001244 0.17915619625040574
28.82 390889029020 0.17913679597051912
28.84 390888928656 0.17912575135095685
28.86 390889110198 0.17912498685954154
28.88 390889138928 0.17910465209297197
28.9 390888951086 0.17909719470956229
28.92 390889009616 0.1790801311803009
28.94 390888736212 0.17905110176894112
28.96 390888714500 0.17905155910144555
28.98 390889064988 0.17906820811029234
29.0 390889119452 0.17909544429864233
29.02 390889156320 0.1790733888651814
29.04 390889295800 0.17907531150292338
29.06 390889382494 0.17910764045848393
29.08 390889244122 0.17912546035221918
29.1 390889507898 0.1791209322389649
29.12 390889305328 0.1791035590991271
29.14 390889385882 0.17909584448968335
29.16 390889240462 0.17909998917093792
29.18 390889113044 0.1791121617711678
29.2 390889116006 0.17910921682005243
29.22 390889187564 0.17906239585578404
29.24 390889055210 0.17904793730735036
29.26 390889026866 0.17906616354044375
29.28 390888862884 0.17912424135051958
29.3 390888835422 0.1790933904742495
29.32 390888638552 0.17909921806929877
29.34 390888670936 0.1790751462790615
29.36 390888548526 0.17908136545133926
29.38 390888383966 0.17909799780776417
29.4 390888363818 0.1790936689917724
29.42 390888537188 0.1791284153992964
29.44 390888725044 0.17913750152273455
29.46 390888686634 0.17914467436919274
29.48 390888704452 0.17913422931274942
29.5 390888691826 0.17917600978493511
29.52 390888790080 0.17916158182806863
29.54 390888842976 0.17917894741294368
29.56 390888910338 0.1791929248441078
29.58 390888872384 0.1792032101811623
29.6 390888799068 0.17919157605477434
29.62 390888930490 0.17912712551137078
29.64 390889065340 0.17913824453987878
29.66 390889338202 0.17917106656092271
29.68 390889070686 0.17915881867137187
29.7 390889127102 0.17918929798815436
29.72 390889079976 0.1792160399224213
29.74 390889048374 0.1791615283130968
29.76 390888980714 0.17914736269215364
29.78 390888942396 0.17918056198402832
29.8 390888881218 0.1791759738549382
29.82 390888966164 0.17916212657490221
29.84 390889120052 0.17915842125242204
29.86 390889018408 0.17918355335215919
29.88 390888951388 0.17922550433694912
29.9 390889065680 0.17925798357078992
29.92 390889100822 0.1792807513870681
29.94 390889289648 0.17927648966527857
29.96 390889190304 0.17925005993830678
