0.4 0.4 2.5729269148330665 0.008154591130047052
0.4630231647082618 0.46302316 2.778126789290667 0.00851960681079724
0.5359761276411354 0.53597613 2.9756004761600003 0.008059006676139657
0.6204234070711945 0.62042341 3.1773783053653326 0.008816904348309298
0.7181760235029666 0.71817602 3.3421125659306665 0.0090104815704132
0.8313303380498466 0.83133034 3.4749406685866666 0.009446937316321184
0.9623130101045728 0.96231301 3.5924803584 0.00977125214757284
1.113933038446382 1.113933 3.6422366877013332 0.011375143100904588
1.2894420018363342 1.289442 3.65441974272 0.010086494671174326
1.4926037909950396 1.4926038 3.6802883747840003 0.010027866694757631
1.7277753274051804 1.7277753 3.667938071893333 0.010102878846415215
2.0 2.0 3.6317551220053335 0.009792947105579729
2.299513990795472 2.299514 3.6141823863466667 0.010491246301678745
2.643882296932058 2.6438823 3.5819829766826667 0.010324467018295716
3.0398221659058677 3.0398222 3.551372509184 0.0102227296258432
3.4950568000153672 3.4950568 3.489040083626667 0.01024003299345788
4.018466005130093 4.018466 3.4215193914026667 0.009742565929414068
4.620259400166318 4.6202594 3.3810110655146666 0.009029312149418623
5.31217556589337 5.3121756 3.3074036517546666 0.009421038591918117
6.107711017666828 6.107711 3.238644066986667 0.009216835263814956
7.022383468430259 7.0223835 3.1748288675840004 0.009382925657414005
8.074034517193105 8.0740345 3.087311568896 0.008522427349064738
9.283177667225557 9.2831777 2.9962243058346663 0.008853287617032107
10.673398462412615 10.673398 2.883403819690667 0.007943887063605964
12.271814546826342 12.271815 2.767000436736 0.0072334245106393125
14.109604621437288 14.109605 2.6480802966186663 0.007939868447375086
16.22261661579374 16.222617 2.5060321438378668 0.007094968813429176
18.652066937664397 18.652067 2.3645006331904 0.005911319597387837
21.445344440206465 21.445344 2.204156760337067 0.006184308179436614
24.65693478884132 24.656935 2.0488036548608 0.005749992002605053
28.349483258536097 28.349483 1.8947497263104 0.0051746208119511266
32.59501669241287 32.595017 1.7232234632533334 0.004598701082401468
37.47634845720766 37.476348 1.5394409720490667 0.004381038548072103
43.08869380063765 43.088694 1.3768130559999998 0.00378050676164414
49.541527119834186 49.541527 1.2048782240426668 0.003558237620572562
56.960717368716 56.960717 1.0433020559360002 0.0029220647804713644
65.49098325755452 65.490983 0.8855956051285334 0.0021547401901578383
75.2987161358493 75.298716 0.7330206056448 0.0021364733353886785
86.57522562166109 86.575226 0.595765886976 0.0016429072390238418
99.54047128664222 99.540471 0.4696920992426667 0.0013448202353328323
114.44735318700434 114.44735 0.3576194400255999 0.000999460832695825
131.58664493151358 131.58664 0.2594472556407467 0.0007161030947355028
151.29266551092573 151.29267 0.17964928772778666 0.0004941333318957882
173.9498005235566 173.9498 0.11739004578474667 0.0003094729922024825
200.0 200.0 0.07084028198912 0.00019581149019266266
